 459.  488.  505.  505.  589.  716. 1220.  468.    0.    0.
515. 757. 903. 782. 677. 468. 353. 276. 182.  37.
541. 609. 675. 885. 672. 536. 471. 462.  99.   0.
526. 598. 761. 998. 717. 517. 419. 264. 150.   0.
471. 601. 707. 913. 677. 575. 381. 319. 291.  15.
 614. 1136.  954.  749.  582.  397.  254.  153.   95.   16.
527. 706. 858. 812. 606. 604. 489. 269.  79.   0.
 524.  572.  779. 1182.  667.  538.  331.  274.   83.    0.
 460.  666.  664. 1092.  683.  567.  440.  235.  143.    0.
 484.  578.  802. 1048.  816.  547.  353.  232.   90.    0.
509. 749. 753. 787. 752. 612. 496. 248.  44.   0.
527. 727. 778. 726. 752. 513. 576. 264.  87.   0.
475. 632. 736. 913. 716. 581. 439. 297. 161.   0.
461. 716. 744. 970. 706. 584. 444. 238.  87.   0.
530. 693. 780. 738. 711. 597. 431. 345. 125.   0.
590. 702. 977. 730. 550. 492. 394. 332. 172.  11.
822. 776. 682. 673. 665. 461. 330. 287. 201.  53.
899. 893. 788. 715. 573. 467. 338. 190.  76.  11.
476. 533. 675. 622. 904. 872. 632. 228.   8.   0.
 458.  492.  559. 1014.  773.  587.  487.  254.  252.   74.
458. 555. 613. 825. 587. 546. 516. 431. 364.  55.
 488.  697.  798. 1056. 1039.  681.  189.    2.    0.    0.
 449.  641.  692.  995. 1141.  728.  278.   26.    0.    0.
 507.  671.  594. 1060.  940.  764.  373.   41.    0.    0.
 465.  657.  602. 1052. 1093.  768.  288.   25.    0.    0.
 499.  675.  652.  948. 1159.  640.  306.   71.    0.    0.
471. 677. 828. 854. 809. 547. 347. 260. 157.   0.
387. 426. 389. 469. 921. 763. 507. 424. 461. 203.
 505.  567. 1194.  693.  563.  573.  406.  390.   59.    0.
 503.  609. 1156.  804.  620.  460.  431.  276.   91.    0.
450. 479. 887. 943. 622. 517. 355. 332. 220. 145.
 421.  431.  509. 1002.  741.  565.  420.  289.  312.  260.
 460.  483. 1144.  672.  589.  459.  390.  329.  224.  200.
 473.  510.  636.  562.  904. 1191.  608.   66.    0.    0.
 451.  425.  490.  529.  577.  804. 1162.  512.    0.    0.
 490.  561.  569.  653.  951. 1151.  499.   76.    0.    0.
 435.  441.  478.  516.  641.  762. 1230.  447.    0.    0.
 448.  533.  536.  643.  821. 1201.  692.   76.    0.    0.
 434.  439.  467.  546.  596.  770. 1147.  551.    0.    0.
 469.  551.  572.  693.  752. 1056.  759.   98.    0.    0.
 462.  474.  483.  509.  611.  778. 1048.  585.    0.    0.
 445.  530.  542.  647.  830. 1210.  665.   81.    0.    0.
 438.  467.  454.  543.  623.  759. 1189.  477.    0.    0.
 445.  550.  552.  594.  864. 1140.  727.   78.    0.    0.
 423.  468.  478.  516.  626.  795. 1127.  517.    0.    0.
522. 531. 538. 680. 903. 932. 696. 148.   0.   0.
 457.  470.  491.  562.  680. 1153.  742.  368.   27.    0.
 447.  560.  575.  654.  776. 1131.  728.   79.    0.    0.
 441.  452.  476.  527.  588.  773. 1266.  427.    0.    0.
 454.  549.  551.  618.  851. 1129.  722.   76.    0.    0.
 459.  472.  492.  529.  598.  799. 1253.  348.    0.    0.
 482.  582.  530.  619.  741. 1110.  807.   79.    0.    0.
 493.  448.  428.  483.  617.  854. 1225.  402.    0.    0.
 441.  551.  526.  641.  735. 1252.  708.   96.    0.    0.
 431.  444.  464.  550.  606.  787. 1179.  489.    0.    0.
 471.  506.  512.  699.  806. 1199.  675.   82.    0.    0.
 428.  453.  476.  548.  608.  770. 1153.  514.    0.    0.
967. 923. 852. 691. 575. 406. 262. 164.  92.  18.
 464.  517.  567.  627.  811. 1023.  815.  126.    0.    0.
 411.  460.  491.  533.  577.  831. 1217.  430.    0.    0.
935. 876. 711. 606. 540. 482. 392. 248. 123.  37.
 499.  515.  579.  574.  830. 1119.  769.   65.    0.    0.
 416.  470.  505.  524.  603.  765. 1139.  528.    0.    0.
972. 906. 751. 691. 585. 427. 301. 185.  87.  45.
 446.  557.  580.  585.  840. 1261.  623.   58.    0.    0.
 412.  481.  454.  572.  583.  788. 1110.  550.    0.    0.
903. 836. 788. 665. 571. 429. 357. 190. 161.  50.
471. 502. 660. 520. 972. 989. 718. 118.   0.   0.
 476.  457.  529.  493.  611.  749. 1088.  547.    0.    0.
913. 860. 782. 675. 526. 438. 348. 242. 121.  45.
 466.  535.  504.  633.  764. 1134.  850.   64.    0.    0.
 451.  485.  479.  467.  598.  832. 1336.  302.    0.    0.
938. 906. 858. 658. 591. 385. 302. 179.  67.  66.
 415.  571.  591.  593.  900. 1227.  598.   55.    0.    0.
 479.  490.  465.  501.  564.  820. 1348.  283.    0.    0.
953. 767. 648. 563. 462. 464. 366. 338. 282. 107.
 455.  561.  601.  623.  811. 1119.  706.   74.    0.    0.
 439.  444.  460.  556.  581.  789. 1186.  495.    0.    0.
963. 884. 796. 658. 526. 449. 313. 193. 115.  53.
 464.  472.  550.  627.  800. 1095.  808.  134.    0.    0.
 440.  460.  501.  527.  592.  800. 1179.  451.    0.    0.
926. 861. 681. 562. 531. 495. 393. 298. 143.  60.
 463.  535.  635.  532.  940. 1070.  715.   60.    0.    0.
 453.  453.  462.  497.  577.  830. 1100.  578.    0.    0.
 452.  525.  601.  564.  935. 1095.  725.   53.    0.    0.
361. 449. 428. 491. 506. 918. 712. 562. 426.  97.
355. 398. 450. 469. 477. 846. 550. 411. 761. 233.
 477.  559.  547.  595.  896. 1081.  791.    4.    0.    0.
 374.  396.  457.  466.  538. 1068.  562.  390.  552.  147.
 440.  445.  476.  504.  629.  726. 1221.  509.    0.    0.
529. 816. 894. 530. 468. 496. 533. 423. 261.   0.
 485.  463.  484.  474.  569.  772. 1156.  547.    0.    0.
 524.  676. 1082.  843.  547.  548.  294.  180.  256.    0.
 441.  444.  449.  526.  607.  709. 1387.  387.    0.    0.
 479.  485.  492.  515.  552.  699. 1419.  309.    0.    0.
 442.  489.  414.  499.  638.  777. 1225.  466.    0.    0.
 416.  470.  496.  498.  603.  723. 1416.  328.    0.    0.
 437.  476.  484.  510.  611.  714. 1384.  334.    0.    0.
 476.  417.  481.  464.  620.  796. 1354.  342.    0.    0.
