905. 832. 757. 592. 623. 484. 412. 232. 109.   4.
 468.  488. 1162.  766.  569.  517.  406.  308.  171.   95.
 453.  442. 1117.  636.  620.  484.  431.  366.  243.  158.
429. 474. 519. 631. 906. 715. 581. 401. 294.   0.
511. 625. 971. 801. 611. 516. 434. 282. 155.  44.
 428.  483. 1065.  716.  582.  470.  416.  301.  278.  211.
 418.  472. 1114.  791.  619.  472.  436.  239.  170.  219.
 463.  525.  501.  581. 1149.  854.  408.  286.  183.    0.
 482.  674. 1002.  796.  595.  519.  419.  269.  152.   42.
446. 482. 573. 806. 927. 647. 560. 430.  79.   0.
 469.  482.  520.  727. 1085.  596.  582.  369.  120.    0.
 451.  437.  464.  520.  594.  743. 1384.  357.    0.    0.
 433.  463.  475.  519.  594.  860. 1040.  546.   20.    0.
 431.  502.  516.  758. 1019.  663.  537.  434.   90.    0.
517. 627. 837. 852. 855. 735. 344. 170.  13.   0.
 453.  419.  520.  711. 1002.  825.  495.  351.  174.    0.
485. 581. 726. 802. 862. 646. 775.  73.   0.   0.
543. 613. 723. 837. 860. 674. 381. 246.  73.   0.
538. 629. 801. 901. 745. 606. 379. 256.  95.   0.
 505.  587.  602. 1336.  727.  548.  502.  143.    0.    0.
455. 469. 501. 522. 614. 896. 786. 637.  70.   0.
 471.  475.  498.  535.  731. 1222.  615.  311.   92.    0.
 442.  449.  504.  585.  771. 1143.  565.  408.   83.    0.
 443.  430.  490.  547.  652.  881. 1023.  484.    0.    0.
 439.  466.  472.  558.  610.  703. 1429.  273.    0.    0.
447. 468. 473. 524. 607. 953. 836. 635.   7.   0.
 450.  493.  515.  589.  669. 1003.  631.  473.  127.    0.
 437.  483.  497.  516.  599.  748. 1366.  304.    0.    0.
453. 580. 653. 801. 804. 828. 765.  66.   0.   0.
486. 570. 844. 864. 964. 585. 356. 184.  97.   0.
489. 567. 844. 944. 928. 627. 288. 187.  75.   1.
 470.  437.  446.  526.  598.  709. 1183.  581.    0.    0.
 432.  481.  470.  495.  587.  729. 1107.  649.    0.    0.
 455.  455.  449.  551.  590.  828. 1202.  420.    0.    0.
458. 455. 473. 561. 630. 950. 953. 470.   0.   0.
744. 740. 823. 655. 580. 460. 373. 320. 175.  80.
439. 495. 462. 554. 649. 966. 927. 458.   0.   0.
 424.  441.  494.  520.  598.  701. 1344.  428.    0.    0.
697. 587. 649. 554. 499. 591. 615. 631. 127.   0.
 467.  456.  455.  607.  725. 1088.  588.  526.   38.    0.
 471.  497.  444.  471.  567.  724. 1423.  353.    0.    0.
723. 616. 495. 475. 464. 598. 742. 797.  40.   0.
930. 881. 696. 630. 552. 473. 357. 224. 147.  60.
 354.  424. 1094.  790.  857.  698.  426.  238.   69.    0.
