437. 479. 557. 513. 539. 785. 962. 663.  15.   0.
428. 442. 483. 614. 907. 914. 504. 393. 265.   0.
 518.  542.  730.  911. 1006.  628.  396.  133.   86.    0.
 529.  597.  801.  874. 1128.  634.  264.   96.   27.    0.
 560.  677.  849. 1094.  979.  442.  238.   85.   26.    0.
 555.  670. 1061.  789.  629.  562.  399.  187.   86.   12.
 355.  365.  443.  420.  512.  454.  563. 1309.  380.  149.
 431.  450.  476.  509.  547.  717. 1118.  702.    0.    0.
 433.  461.  495.  481.  589.  671. 1349.  471.    0.    0.
 446.  467.  461.  487.  540.  734. 1112.  703.    0.    0.
 453.  444.  460.  538.  559.  716. 1335.  445.    0.    0.
