492. 556. 969. 949. 594. 517. 346. 252. 222.  53.
425. 498. 854. 943. 733. 472. 396. 337. 256.  36.
782. 701. 625. 583. 599. 550. 508. 438. 164.   0.
961. 819. 704. 567. 516. 528. 405. 309. 105.  36.
890. 744. 647. 530. 521. 467. 473. 391. 254.  33.
881. 849. 728. 668. 502. 492. 377. 251. 148.  54.
764. 701. 702. 664. 573. 545. 451. 276. 249.  25.
888. 820. 706. 687. 589. 458. 368. 292. 116.  26.
836. 763. 743. 633. 605. 496. 384. 269. 174.  47.
824. 705. 662. 630. 617. 504. 343. 272. 260. 133.
638. 764. 678. 605. 567. 595. 520. 348. 224.  11.
885. 829. 729. 636. 557. 441. 377. 304. 157.  35.
781. 735. 698. 594. 549. 487. 443. 355. 240.  68.
939. 795. 770. 730. 560. 468. 283. 184. 169.  52.
921. 840. 810. 639. 547. 494. 337. 239.  94.  29.
919. 865. 759. 651. 560. 477. 346. 242. 119.  12.
858. 800. 752. 665. 590. 444. 354. 279. 158.  50.
834. 801. 714. 668. 522. 450. 364. 296. 184. 117.
