 433.  467.  486.  505.  589.  710. 1311.  449.    0.    0.
 451.  427.  486.  518.  589.  720. 1312.  447.    0.    0.
 436.  440.  488.  513.  583.  734. 1298.  458.    0.    0.
 433.  432.  491.  536.  565.  730. 1346.  417.    0.    0.
 431.  433.  495.  510.  593.  710. 1318.  460.    0.    0.
 431.  463.  470.  540.  585.  710. 1295.  456.    0.    0.
786. 727. 709. 591. 581. 491. 403. 362. 199. 101.
819. 791. 700. 587. 548. 481. 442. 328. 200.  54.
847. 795. 717. 591. 543. 486. 408. 314. 188.  61.
 346.  345.  432.  504.  519.  508.  474. 1394.  316.  112.
252. 516. 767. 858. 754. 748. 536. 344. 175.   0.
286. 580. 745. 860. 727. 657. 489. 465. 121.  20.
451. 778. 898. 591. 468. 510. 511. 429. 286.  28.
346. 630. 728. 784. 688. 561. 367. 467. 334.  45.
246. 587. 797. 848. 907. 720. 552. 190.  91.  12.
 419.  667. 1011.  797.  664.  479.  433.  174.  223.   83.
275. 609. 854. 920. 807. 681. 432. 263.  87.  22.
317. 691. 948. 943. 746. 556. 350. 305.  82.  12.
