390. 445. 413. 802. 812. 590. 455. 282. 367. 394.
918. 806. 716. 687. 585. 408. 337. 279. 164.  50.
906. 784. 718. 656. 586. 453. 341. 231. 206.  69.
954. 842. 687. 645. 578. 478. 350. 219. 150.  47.
923. 854. 639. 551. 481. 485. 428. 344. 179.  66.
329. 418. 434. 420. 491. 478. 831. 859. 564. 126.
 346.  445.  420.  428.  481.  502. 1203.  559.  474.   92.
 466.  482.  464.  541.  619.  702. 1253.  423.    0.    0.
 534.  466.  514.  565.  590.  671. 1189.  421.    0.    0.
 420.  465.  484.  494.  581.  727. 1332.  447.    0.    0.
 435.  485.  481.  516.  578.  696. 1325.  434.    0.    0.
 445.  472.  510.  525.  587.  715. 1274.  422.    0.    0.
 445.  462.  501.  520.  573.  740. 1277.  432.    0.    0.
 429.  447.  464.  526.  602.  699. 1318.  465.    0.    0.
 476.  437.  494.  466.  594.  705. 1323.  455.    0.    0.
 451.  450.  504.  498.  571.  725. 1313.  438.    0.    0.
 461.  494.  439.  511.  556.  665. 1342.  482.    0.    0.
 433.  485.  484.  526.  609.  710. 1252.  451.    0.    0.
 525.  467.  481.  472.  592.  649. 1288.  476.    0.    0.
 449.  449.  479.  505.  615.  699. 1305.  449.    0.    0.
 424.  468.  476.  509.  582.  733. 1325.  433.    0.    0.
 437.  478.  455.  521.  555.  698. 1327.  479.    0.    0.
 418.  470.  482.  541.  565.  722. 1305.  447.    0.    0.
 463.  443.  482.  518.  605.  697. 1311.  431.    0.    0.
 461.  497.  459.  488.  591.  661. 1339.  454.    0.    0.
 463.  468.  469.  484.  553.  763. 1341.  409.    0.    0.
 446.  448.  435.  545.  600.  739. 1261.  476.    0.    0.
 444.  452.  463.  516.  559.  734. 1334.  448.    0.    0.
 454.  441.  463.  523.  565.  692. 1372.  440.    0.    0.
 379.  586.  773.  907.  781. 1040.  466.   18.    0.    0.
 618. 1074.  858.  689.  539.  497.  322.  194.  130.   29.
 439.  562. 1071.  751.  557.  474.  414.  298.  216.  168.
 361.  363.  420.  523.  518.  462. 1060.  784.  321.  138.
908. 869. 718. 665. 597. 419. 324. 257. 155.  38.
529. 953. 865. 693. 605. 461. 344. 251. 180.  69.
