459. 497. 540. 678. 769. 969. 704. 332.   2.   0.
 482.  466.  493.  601. 1205.  831.  437.  299.  136.    0.
688. 776. 658. 688. 582. 497. 431. 371. 217.  42.
 459.  497.  690. 1223.  807.  498.  342.  251.  145.   38.
936. 831. 644. 603. 515. 440. 407. 315. 208.  51.
419. 451. 508. 527. 611. 923. 990. 521.   0.   0.
866. 728. 616. 586. 545. 429. 391. 399. 294.  96.
 593.  826. 1046.  769.  627.  457.  305.  209.  107.   11.
558. 697. 795. 665. 580. 540. 479. 391. 244.   1.
 561. 1009.  821.  689.  590.  492.  376.  255.  153.    4.
426. 467. 517. 572. 787. 948. 600. 432. 201.   0.
 434.  468.  474.  543.  623. 1072.  704.  518.  114.    0.
449. 451. 528. 555. 846. 964. 576. 444. 137.   0.
490. 428. 512. 517. 607. 853. 760. 722.  61.   0.
