549. 559. 682. 794. 625. 997. 638. 106.   0.   0.
486. 607. 936. 726. 634. 503. 424. 335. 222.  77.
469. 512. 570. 670. 769. 947. 717. 265.  31.   0.
476. 570. 682. 688. 854. 644. 463. 323. 191.  59.
482. 445. 595. 747. 516. 456. 393. 321. 458. 537.
 445.  450. 1146.  676.  528.  489.  451.  345.  283.  137.
513. 664. 995. 704. 586. 545. 389. 314. 177.  63.
 472.  652. 1092.  803.  593.  541.  394.  258.  104.   41.
487. 736. 815. 854. 878. 833. 271.  69.   7.   0.
 395.  395.  439.  505.  549.  557. 1030.  878.  190.   12.
