 500.  449.  536.  759. 1278.  665.  459.  199.  105.    0.
497. 518. 724. 993. 772. 571. 460. 294. 109.  12.
395. 409. 396. 889. 808. 475. 508. 367. 363. 340.
 524.  589. 1002.  643.  507.  447.  508.  306.  292.  132.
 652. 1071.  796.  595.  594.  589.  395.  196.   57.    5.
790. 933. 877. 725. 665. 556. 286.  93.  22.   3.
 529. 1003.  998.  907.  621.  366.  289.  173.   64.    0.
478. 771. 946. 839. 782. 441. 328. 245. 119.   1.
566. 972. 872. 810. 649. 334. 333. 287. 119.   8.
 517. 1067.  871.  735.  566.  456.  341.  264.  126.    7.
 482.  825.  824. 1060.  744.  689.  318.    8.    0.    0.
557. 685. 819. 566. 473. 493. 448. 361. 304. 244.
538. 888. 821. 631. 575. 480. 372. 251. 334.  60.
 542. 1091.  780.  647.  506.  533.  366.  301.  143.   41.
817. 815. 738. 592. 516. 466. 382. 296. 223. 105.
