 448.  486.  543.  619.  632. 1057.  979.  186.    0.    0.
486. 600. 979. 704. 578. 511. 414. 324. 346.   8.
472. 945. 888. 793. 659. 539. 354. 222.  78.   0.
562. 928. 851. 740. 710. 456. 401. 260.  42.   0.
 474.  507.  703. 1012.  752.  567.  551.  356.   28.    0.
467. 539. 699. 931. 795. 575. 494. 430.  20.   0.
 484.  548. 1069.  837.  623.  519.  367.  245.  171.   87.
460. 416. 496. 601. 587. 675. 987. 654.  74.   0.
 460.  464.  463.  502.  657.  774. 1247.  383.    0.    0.
 451.  454.  474.  592.  609.  804. 1271.  295.    0.    0.
438. 442. 550. 556. 625. 935. 620. 637. 147.   0.
404. 489. 584. 738. 806. 548. 542. 545. 294.   0.
426. 463. 525. 563. 846. 653. 491. 531. 452.   0.
536. 891. 847. 711. 697. 414. 318. 236. 178. 122.
456. 547. 681. 964. 818. 573. 450. 422.  39.   0.
 676.  971.  897. 1028.  757.  477.  127.   17.    0.    0.
 441.  434.  482.  551.  575.  726. 1295.  446.    0.    0.
 449.  502.  524.  513.  584.  710. 1240.  428.    0.    0.
 459.  505.  468.  489.  567.  731. 1294.  437.    0.    0.
 436.  451.  436.  561.  587.  693. 1339.  447.    0.    0.
 462.  441.  450.  523.  603.  709. 1294.  468.    0.    0.
 437.  449.  484.  482.  563.  746. 1366.  423.    0.    0.
 469.  418.  512.  476.  637.  685. 1310.  443.    0.    0.
 456.  468.  494.  519.  582.  710. 1276.  445.    0.    0.
 456.  441.  468.  523.  558.  723. 1292.  489.    0.    0.
 456.  474.  510.  492.  542.  677. 1317.  482.    0.    0.
 445.  433.  460.  533.  612.  699. 1342.  426.    0.    0.
 430.  460.  483.  516.  596.  689. 1325.  451.    0.    0.
 524.  486.  470.  522.  598.  627. 1283.  440.    0.    0.
 443.  437.  513.  479.  565.  698. 1357.  458.    0.    0.
468. 538. 759. 964. 729. 703. 350. 401.  38.   0.
506. 629. 919. 785. 669. 490. 405. 291. 192.  64.
 471.  565. 1011.  869.  665.  505.  390.  286.  161.   27.
895. 864. 787. 705. 599. 439. 285. 213. 112.  51.
995. 903. 866. 700. 547. 428. 235. 151.  89.  36.
899. 796. 731. 634. 582. 443. 353. 279. 191.  42.
854. 747. 715. 684. 498. 469. 435. 267. 178. 103.
 446.  447.  513.  529.  559.  746. 1271.  439.    0.    0.
 425.  450.  495.  511.  574.  739. 1261.  495.    0.    0.
 418.  454.  487.  516.  579.  729. 1315.  452.    0.    0.
 444.  515.  503.  546.  596.  723. 1207.  416.    0.    0.
 425.  451.  469.  537.  579.  755. 1293.  441.    0.    0.
 440.  441.  483.  490.  600.  737. 1295.  464.    0.    0.
