 461.  486.  668. 1113.  757.  556.  378.  287.  208.   36.
 459.  729. 1039.  674.  549.  480.  409.  311.  195.  105.
 504. 1002.  789.  626.  553.  489.  375.  267.  247.   98.
870. 920. 801. 705. 568. 423. 298. 186. 123.  56.
914. 911. 794. 692. 554. 439. 313. 185. 107.  41.
433. 806. 775. 714. 491. 480. 390. 385. 210. 266.
466. 545. 742. 891. 522. 495. 498. 434. 307.  50.
503. 547. 639. 841. 656. 481. 529. 675.  79.   0.
 436.  473.  506.  605. 1190.  635.  403.  342.  360.    0.
 410.  446.  544.  683. 1052.  656.  458.  435.  266.    0.
691. 901. 800. 623. 559. 463. 392. 291. 157.  73.
434. 491. 563. 800. 863. 599. 455. 442. 294.   9.
468. 482. 565. 671. 994. 704. 453. 381. 231.   1.
 487.  494.  488.  716. 1095.  686.  458.  332.  179.   15.
 449.  463.  531.  674. 1118.  700.  494.  270.  223.   28.
477. 500. 591. 608. 983. 641. 501. 313. 306.  30.
468. 492. 591. 664. 767. 601. 599. 496. 249.  23.
 425.  484.  532.  638. 1138.  736.  427.  329.  206.   35.
 453.  468.  508.  664. 1143.  692.  514.  281.  182.   45.
451. 454. 510. 777. 897. 742. 467. 347. 279.  26.
 483.  552.  537.  669. 1043.  744.  370.  332.  206.   14.
444. 493. 573. 781. 809. 692. 542. 363. 241.  12.
 467.  492.  513.  828. 1014.  714.  489.  325.  108.    0.
516. 521. 559. 843. 645. 677. 638. 351. 197.   3.
472. 543. 512. 772. 956. 683. 427. 346. 239.   0.
 443.  491.  595.  677. 1054.  666.  558.  327.  136.    3.
455. 518. 559. 773. 957. 693. 523. 331. 141.   0.
 457.  494.  537.  787. 1113.  705.  474.  267.  116.    0.
 435.  520.  597.  647. 1028.  634.  505.  382.  202.    0.
436. 539. 583. 659. 984. 651. 529. 360. 209.   0.
 456.  517.  530.  651. 1285.  636.  423.  302.  150.    0.
 457.  480.  531.  693. 1055.  707.  408.  353.  263.    3.
463. 476. 554. 788. 875. 684. 599. 351. 160.   0.
435. 504. 548. 675. 901. 620. 547. 452. 265.   3.
 431.  493.  557.  630. 1010.  671.  503.  361.  276.   18.
 447.  463.  549.  623. 1100.  714.  473.  398.  171.   12.
 435.  486.  568.  656. 1058.  642.  494.  371.  215.   25.
448. 475. 574. 624. 906. 653. 559. 433. 243.  35.
426. 504. 552. 705. 998. 685. 504. 348. 221.   7.
457. 481. 558. 632. 881. 573. 598. 436. 274.  60.
 478.  428.  559.  743. 1016.  703.  566.  300.  138.   19.
 425.  493.  530.  710. 1031.  672.  533.  309.  217.   30.
451. 461. 558. 751. 896. 653. 621. 372. 183.   4.
443. 479. 551. 733. 874. 686. 530. 348. 268.  38.
 493.  448.  553.  685. 1069.  692.  548.  339.  117.    6.
 428.  484.  530.  617. 1203.  700.  465.  289.  217.   17.
462. 486. 554. 788. 688. 650. 624. 431. 254.  13.
448. 499. 603. 705. 826. 592. 610. 394. 268.   5.
 440.  492.  542.  724. 1116.  668.  502.  316.  148.    2.
463. 487. 576. 705. 769. 667. 506. 459. 290.  28.
 471.  429.  598.  709. 1113.  771.  405.  292.  149.   13.
485. 483. 522. 608. 921. 701. 437. 436. 305.  52.
 495.  436.  520.  612. 1354.  685.  447.  185.  204.   12.
448. 495. 536. 646. 914. 661. 461. 424. 329.  36.
449. 521. 606. 646. 903. 650. 483. 446. 223.  23.
 439.  492.  528.  717. 1026.  720.  530.  321.  161.   16.
 449.  478.  534.  578. 1108.  682.  453.  367.  289.   12.
 447.  487.  534.  620. 1012.  708.  447.  423.  221.   51.
440. 472. 526. 746. 954. 621. 571. 352. 253.  15.
430. 476. 553. 721. 956. 675. 502. 375. 247.  15.
 447.  493.  504.  738. 1185.  723.  426.  298.  133.    3.
 432.  486.  513.  767. 1066.  688.  519.  275.  196.    8.
423. 505. 571. 821. 914. 741. 494. 339. 139.   3.
5.040e+02 4.840e+02 5.520e+02 7.230e+02 1.029e+03 7.730e+02 4.900e+02
 2.990e+02 9.500e+01 1.000e+00
 435.  483.  537.  750. 1035.  704.  471.  357.  172.    6.
 459.  472.  565.  755. 1033.  677.  529.  348.  109.    3.
425. 498. 555. 767. 964. 686. 461. 333. 241.  20.
 448.  471.  535.  617. 1188.  719.  433.  343.  185.   11.
472. 541. 577. 626. 703. 586. 519. 547. 349.  30.
 515.  480.  570.  762. 1012.  675.  545.  262.  126.    3.
 445.  473.  580.  663. 1037.  696.  529.  339.  182.    6.
447. 460. 559. 722. 997. 676. 582. 347. 157.   3.
 476.  528. 1097.  851.  641.  483.  397.  263.  138.   76.
 537.  728. 1026.  672.  521.  513.  426.  317.  177.   33.
761. 859. 788. 613. 603. 448. 374. 258. 148.  98.
493. 817. 865. 706. 611. 465. 365. 275. 283.  70.
 475.  710. 1064.  838.  628.  467.  328.  281.  155.    4.
497. 747. 840. 769. 583. 538. 330. 242. 311.  93.
 512.  722. 1016.  822.  621.  552.  297.  310.   98.    0.
616. 929. 724. 624. 562. 509. 315. 303. 220. 148.
 469.  517. 1084.  783.  615.  449.  406.  308.  197.  122.
 460.  712. 1074.  752.  600.  487.  357.  296.  154.   58.
