 347.  393.  426.  459.  537.  495.  524. 1326.  345.   98.
454. 680. 616. 623. 693. 754. 758. 372.   0.   0.
 482.  644.  716.  828. 1020.  695.  318.  183.   64.    0.
525. 744. 962. 982. 724. 439. 235. 174. 121.  44.
 533. 1082.  896.  699.  580.  511.  376.  229.   44.    0.
487. 477. 570. 728. 994. 707. 515. 352. 120.   0.
484. 465. 526. 570. 638. 836. 674. 570. 187.   0.
 462.  726. 1084.  753.  645.  477.  364.  231.  153.   55.
 488.  514.  532.  592.  790. 1105.  571.  276.   82.    0.
468. 448. 513. 526. 631. 990. 803. 551.  20.   0.
664. 955. 798. 729. 582. 472. 317. 267. 166.   0.
400. 648. 769. 659. 654. 753. 669. 398.   0.   0.
480. 532. 893. 848. 880. 797. 318. 111.  87.   4.
 574.  843. 1120.  915.  641.  361.  258.  151.   72.   15.
 484.  974. 1099.  782.  581.  423.  363.  204.   40.    0.
546. 507. 524. 701. 925. 723. 463. 394. 167.   0.
 437.  467.  491.  516.  695. 1228.  574.  425.  117.    0.
 458.  720. 1086.  795.  653.  482.  357.  208.  138.   53.
424. 456. 530. 544. 721. 943. 711. 487. 134.   0.
 453.  473.  492.  579.  635. 1237.  811.  260.   10.    0.
707. 899. 774. 719. 620. 450. 309. 312. 160.   0.
878. 747. 752. 602. 585. 452. 327. 322. 214.  71.
 495.  729. 1141.  781.  597.  502.  356.  238.   99.   12.
485. 746. 899. 761. 616. 495. 405. 347. 161.  35.
900. 868. 777. 636. 569. 459. 308. 255. 148.  30.
886. 781. 792. 693. 490. 515. 352. 192. 155.  94.
584. 945. 877. 679. 592. 433. 360. 259. 168.  53.
650. 978. 736. 659. 575. 448. 370. 291. 195.  48.
614. 981. 820. 723. 611. 457. 323. 227. 162.  32.
735. 885. 682. 679. 587. 441. 301. 352. 186. 102.
725. 932. 783. 615. 510. 466. 421. 247. 176.  75.
961. 946. 733. 541. 479. 490. 361. 306. 126.   7.
511. 727. 742. 829. 611. 539. 440. 323. 195.  33.
 633. 1002.  728.  636.  551.  455.  394.  322.  186.   43.
553. 959. 737. 664. 608. 411. 360. 354. 245.  59.
 479. 1057.  956.  717.  592.  492.  370.  195.   90.    2.
702. 937. 748. 624. 506. 488. 414. 253. 202.  76.
 717. 1067.  820.  719.  525.  368.  333.  247.  120.   34.
789. 952. 921. 666. 591. 375. 333. 168. 105.  50.
 641. 1019.  840.  691.  582.  425.  350.  221.  134.   47.
588. 996. 853. 644. 603. 445. 366. 274. 139.  42.
 330.  654.  944. 1001.  862.  580.  313.  196.   70.    0.
 475.  715. 1020.  740.  642.  451.  384.  247.  212.   64.
507. 701. 903. 685. 532. 498. 484. 371. 214.  55.
592. 953. 850. 722. 595. 459. 329. 244. 157.  49.
672. 926. 710. 645. 552. 464. 384. 330. 214.  53.
845. 853. 772. 667. 530. 471. 340. 235. 186.  51.
847. 853. 749. 715. 594. 450. 280. 235. 161.  66.
902. 864. 749. 641. 545. 436. 368. 256. 147.  42.
 639. 1053.  735.  574.  504.  464.  419.  317.  186.   59.
900. 842. 663. 550. 489. 467. 428. 358. 188.  65.
433. 549. 740. 808. 615. 463. 410. 428. 342. 162.
