 483.  593. 1081.  825.  673.  475.  372.  255.  161.   32.
359. 940. 803. 800. 865. 671. 338. 125.  49.   0.
 639.  557.  625.  469.  708. 1289.  479.  175.    9.    0.
771. 721. 679. 677. 544. 509. 439. 351. 239.  20.
711. 920. 700. 617. 583. 475. 414. 320. 171.  39.
 353.  437.  435.  471.  474.  571. 1111.  765.  331.    2.
866. 851. 747. 557. 536. 466. 419. 268. 152.  88.
907. 826. 757. 672. 569. 441. 332. 243. 160.  43.
461. 407. 541. 590. 794. 574. 618. 763. 202.   0.
 399.  479.  517.  591. 1036.  669.  597.  478.  184.    0.
 415.  471.  501.  614. 1011.  614.  542.  467.  315.    0.
878. 849. 752. 658. 556. 442. 363. 235. 150.  67.
877. 932. 815. 744. 552. 387. 317. 187.  98.  41.
 664. 1133.  783.  690.  616.  443.  318.  192.   98.   13.
 469.  520. 1149.  882.  719.  460.  310.  230.  167.   44.
 436.  521.  812. 1017.  723.  521.  402.  277.  160.   81.
 348.  387.  448.  433.  476.  541. 1023.  835.  387.   72.
 457.  464.  492.  479.  552.  726. 1312.  468.    0.    0.
 449.  466.  452.  501.  599.  736. 1269.  478.    0.    0.
473. 524. 752. 841. 736. 589. 516. 274. 214.  31.
 465.  623.  632. 1051.  752.  537.  409.  319.  156.    6.
 442.  473.  467.  512.  590.  742. 1367.  357.    0.    0.
495. 507. 541. 644. 800. 823. 574. 430. 136.   0.
 471.  444.  479.  492.  559.  780. 1306.  419.    0.    0.
 483.  411.  485.  566.  574.  705. 1257.  469.    0.    0.
464. 603. 769. 940. 680. 583. 476. 279. 152.   4.
 475.  554.  740. 1011.  661.  570.  490.  315.  113.   21.
 469.  460.  492.  507.  572.  714. 1299.  437.    0.    0.
 469.  504.  449.  468.  587. 1020.  678.  660.  115.    0.
 408.  475.  601. 1074.  694.  534.  461.  422.  278.    3.
428. 630. 918. 971. 536. 490. 404. 277. 186. 110.
 598.  539.  426.  963. 1215.  625.  352.  192.   40.    0.
902. 798. 739. 637. 539. 454. 347. 273. 178.  83.
989. 835. 720. 548. 517. 540. 406. 261. 116.  18.
896. 773. 710. 616. 537. 407. 417. 278. 216. 100.
873. 836. 686. 558. 417. 458. 418. 332. 248. 124.
824. 892. 799. 711. 601. 482. 330. 206.  88.  17.
492. 667. 685. 657. 950. 607. 428. 280. 176.   8.
 489.  543.  639. 1041.  745.  602.  381.  313.  187.   10.
946. 887. 711. 583. 536. 467. 406. 243. 129.  42.
936. 833. 735. 694. 579. 439. 281. 213. 154.  86.
931. 818. 694. 660. 620. 411. 308. 269. 199.  40.
 517.  569.  596.  701. 1035.  582.  408.  284.  247.   11.
450. 579. 714. 814. 819. 609. 422. 316. 211.  16.
1002.  865.  814.  701.  570.  394.  287.  187.  102.   28.
926. 838. 771. 650. 580. 403. 347. 238. 138.  59.
897. 858. 725. 664. 548. 457. 347. 224. 189.  41.
494. 608. 595. 749. 883. 505. 464. 366. 252.  34.
487. 577. 713. 947. 884. 521. 386. 244. 176.  15.
981. 890. 731. 658. 626. 430. 272. 227. 113.  22.
892. 818. 724. 666. 536. 458. 353. 256. 176.  71.
926. 840. 761. 598. 599. 414. 387. 233. 148.  44.
486. 613. 666. 743. 958. 519. 452. 297. 205.  11.
528. 700. 761. 877. 762. 537. 408. 231. 146.   0.
936. 765. 682. 496. 512. 468. 454. 289. 225. 123.
927. 871. 765. 649. 550. 456. 327. 246. 130.  29.
935. 913. 759. 621. 560. 478. 328. 221. 106.  29.
563. 622. 702. 625. 647. 578. 422. 433. 324.  34.
497. 576. 728. 910. 890. 512. 360. 278. 175.  24.
943. 863. 687. 604. 504. 481. 389. 294. 151.  34.
982. 728. 661. 704. 550. 374. 385. 350. 171.  45.
913. 837. 734. 618. 566. 447. 359. 252. 172.  52.
970. 853. 754. 599. 507. 446. 337. 298. 148.  38.
916. 838. 703. 594. 526. 466. 407. 283. 177.  40.
983. 824. 809. 705. 531. 464. 283. 177. 137.  37.
484. 538. 558. 682. 949. 987. 459. 250.  43.   0.
 482.  512.  569.  686. 1308.  679.  416.  217.   81.    0.
907. 832. 757. 603. 594. 450. 336. 256. 146.  69.
896. 807. 721. 696. 515. 466. 351. 247. 125. 126.
900. 708. 738. 559. 553. 415. 430. 280. 245. 122.
481. 500. 550. 660. 843. 985. 430. 360. 141.   0.
468. 564. 580. 624. 833. 690. 570. 463. 158.   0.
482. 636. 701. 825. 868. 585. 364. 278. 180.  31.
478. 592. 687. 838. 730. 563. 463. 226. 325.  48.
898. 813. 772. 643. 532. 444. 365. 249. 162.  72.
962. 882. 874. 712. 518. 398. 302. 158. 102.  42.
991. 778. 642. 654. 598. 437. 353. 267. 176.  54.
886. 854. 726. 663. 540. 437. 370. 254. 162.  58.
937. 780. 738. 658. 642. 446. 286. 177. 132. 154.
984. 820. 812. 672. 495. 518. 316. 185. 122.  26.
 590.  496.  553.  655.  896. 1056.  405.  256.   43.    0.
 470.  479.  587.  794. 1066.  757.  395.  270.  132.    0.
904. 831. 717. 606. 506. 476. 393. 288. 165.  64.
957. 893. 808. 658. 528. 463. 317. 188. 118.  20.
957. 911. 840. 673. 583. 403. 276. 175.  68.  64.
521. 893. 864. 714. 572. 481. 358. 260. 203.  84.
527. 898. 863. 707. 589. 472. 368. 275. 192.  59.
505. 740. 945. 637. 538. 484. 438. 366. 214.  83.
 471.  680. 1062.  747.  618.  492.  371.  290.  172.   47.
435. 522. 666. 654. 680. 962. 563. 373.  95.   0.
426. 505. 545. 715. 801. 858. 511. 396. 193.   0.
 460.  551. 1105.  858.  619.  510.  417.  243.  138.   49.
459. 603. 984. 740. 608. 471. 439. 336. 231.  79.
483. 592. 754. 917. 726. 543. 419. 307. 185.  24.
 494.  606.  720. 1086.  797.  478.  334.  255.  163.   17.
469. 602. 977. 714. 634. 477. 400. 300. 256. 121.
478. 477. 557. 680. 913. 690. 550. 413. 192.   0.
508. 499. 567. 708. 807. 759. 511. 353. 238.   0.
445. 491. 542. 700. 847. 943. 546. 335. 101.   0.
 447.  473.  529.  657.  665. 1106.  579.  393.  101.    0.
 487.  487.  524.  686. 1327.  677.  320.  271.  162.    9.
470. 494. 588. 741. 782. 607. 564. 381. 323.   0.
 450.  500.  560.  732. 1204.  629.  387.  298.  190.    0.
445. 477. 593. 713. 821. 890. 535. 354. 122.   0.
 468.  480.  544.  697. 1044.  872.  481.  294.   70.    0.
464. 538. 677. 763. 584. 502. 601. 555. 252.  14.
479. 484. 668. 819. 828. 642. 434. 292. 289.  15.
 462.  501.  604.  856. 1057.  579.  448.  280.  163.    0.
458. 538. 911. 799. 601. 513. 510. 356. 212.  52.
474. 624. 672. 772. 985. 504. 463. 285. 171.   0.
481. 632. 673. 717. 966. 579. 474. 316. 112.   0.
 458.  461.  565.  802. 1095.  594.  479.  302.  158.   36.
629. 690. 730. 591. 549. 543. 599. 260. 359.   0.
 462.  515.  476.  571.  633.  781. 1353.  159.    0.    0.
 457.  463.  478.  498.  585.  652. 1264.  553.    0.    0.
672. 832. 753. 642. 568. 487. 439. 293. 255.   9.
614. 888. 689. 576. 568. 505. 459. 443. 199.   9.
