 443.  554.  583.  571.  762. 1184.  831.   22.    0.    0.
 435.  447.  467.  522.  602.  735. 1316.  426.    0.    0.
 466.  479.  451.  482.  597.  720. 1235.  520.    0.    0.
 419.  464.  475.  525.  552.  739. 1382.  394.    0.    0.
 466.  462.  449.  530.  576.  726. 1376.  365.    0.    0.
836. 779. 749. 678. 608. 478. 350. 207. 148. 117.
 549.  899. 1009.  766.  571.  423.  328.  253.  115.   37.
 443.  428.  522.  504.  646.  777. 1130.  500.    0.    0.
 423.  472.  487.  511.  596.  826. 1221.  414.    0.    0.
 468.  473.  506.  675.  880. 1100.  463.  312.   73.    0.
545. 502. 696. 918. 933. 941. 364.  51.   0.   0.
 462.  544.  606.  561.  764. 1029.  727.  239.   18.    0.
454. 549. 616. 623. 721. 962. 778. 247.   0.   0.
 509.  550.  572.  607. 1161.  908.  499.  139.    5.    0.
471. 548. 599. 750. 742. 876. 725. 237.   2.   0.
460. 515. 675. 716. 864. 814. 675. 214.  17.   0.
 482.  409.  565.  674. 1028.  798.  554.  389.   51.    0.
 466.  443.  623.  561.  695. 1006.  737.  345.   74.    0.
 484.  531.  571.  634.  692. 1010.  807.  221.    0.    0.
460. 541. 716. 762. 912. 836. 563. 160.   0.   0.
483. 493. 582. 683. 965. 930. 598. 213.   3.   0.
443. 484. 594. 744. 829. 785. 712. 318.  41.   0.
434. 464. 633. 653. 756. 735. 822. 371.  82.   0.
408. 515. 563. 594. 680. 817. 775. 437. 161.   0.
451. 531. 594. 815. 944. 720. 677. 218.   0.   0.
 454.  528.  674.  723.  847. 1032.  518.  171.    3.    0.
