922. 800. 725. 616. 526. 475. 371. 262. 192.  61.
975. 814. 743. 724. 616. 391. 261. 243. 133.  50.
890. 805. 635. 526. 478. 475. 427. 368. 241. 105.
907. 856. 742. 648. 552. 453. 361. 230. 154.  47.
990. 832. 740. 688. 570. 402. 311. 275. 122.  20.
948. 888. 783. 692. 567. 413. 349. 194.  66.  50.
941. 794. 749. 597. 479. 490. 383. 278. 186.  53.
961. 914. 768. 640. 553. 461. 334. 222.  79.  18.
942. 844. 768. 648. 533. 436. 346. 237. 152.  44.
623. 644. 602. 583. 455. 393. 456. 433. 392. 369.
857. 937. 793. 728. 573. 401. 326. 219.  96.  20.
 482.  504.  489.  516.  528.  567. 1154.  478.  209.   23.
711. 677. 640. 607. 600. 541. 498. 375. 277.  24.
757. 952. 839. 656. 563. 437. 363. 212. 130.  41.
 928. 1068.  875.  708.  518.  414.  221.  145.   52.   21.
