349. 767. 909. 914. 655. 570. 398. 209. 167.  12.
862. 755. 720. 593. 576. 446. 380. 329. 211.  78.
883. 911. 734. 569. 515. 454. 392. 299. 155.  38.
719. 964. 762. 685. 599. 413. 344. 242. 163.  59.
389. 740. 935. 911. 683. 507. 304. 267. 201.  13.
 444.  492.  477.  547.  592.  694. 1285.  419.    0.    0.
390. 471. 501. 892. 703. 486. 480. 396. 431. 200.
4.350e+02 5.210e+02 7.570e+02 1.085e+03 6.850e+02 5.200e+02 4.260e+02
 3.330e+02 1.870e+02 1.000e+00
891. 758. 683. 588. 539. 447. 371. 308. 254. 111.
955. 857. 781. 714. 590. 448. 267. 165. 124.  49.
945. 737. 732. 698. 560. 447. 359. 227. 171.  74.
962. 825. 732. 689. 607. 404. 330. 227. 140.  34.
896. 866. 801. 647. 630. 408. 308. 213. 106.  75.
900. 843. 697. 627. 533. 474. 395. 287. 133.  61.
