881. 756. 664. 588. 580. 436. 375. 317. 240. 113.
897. 730. 705. 564. 508. 450. 409. 287. 289. 111.
735. 776. 703. 645. 591. 517. 446. 339. 166.  32.
422. 475. 492. 681. 894. 584. 478. 477. 366.  81.
913. 805. 678. 540. 514. 475. 406. 345. 209.  65.
939. 900. 786. 657. 540. 474. 314. 219.  85.  36.
927. 838. 805. 684. 533. 452. 341. 173. 143.  54.
950. 856. 725. 652. 561. 436. 344. 245. 129.  52.
950. 847. 756. 651. 554. 446. 363. 233. 130.  20.
946. 773. 788. 682. 543. 437. 345. 223. 171.  42.
951. 827. 701. 755. 597. 366. 319. 263. 135.  36.
910. 843. 701. 614. 531. 465. 387. 283. 158.  58.
954. 897. 781. 671. 544. 430. 326. 217. 102.  28.
949. 834. 789. 672. 537. 430. 335. 217. 142.  45.
944. 811. 715. 601. 504. 490. 394. 280. 175.  36.
925. 828. 789. 612. 557. 467. 339. 266. 116.  51.
908. 752. 706. 609. 583. 413. 383. 304. 213.  79.
922. 823. 687. 648. 498. 451. 345. 315. 205.  56.
593. 895. 879. 694. 570. 487. 387. 240. 111.  94.
 444.  450. 1009.  863.  606.  500.  413.  350.  206.  109.
908. 865. 745. 631. 531. 471. 368. 243. 127.  61.
1087.  911.  824.  593.  550.  391.  317.  175.   67.   35.
922. 832. 738. 573. 535. 451. 403. 265. 165.  66.
873. 775. 714. 629. 583. 443. 345. 268. 193. 127.
971. 967. 849. 675. 531. 420. 279. 150.  77.  31.
952. 773. 676. 632. 586. 422. 382. 304. 178.  45.
958. 912. 787. 666. 537. 465. 318. 198.  75.  34.
934. 811. 727. 624. 524. 479. 365. 247. 184.  55.
927. 801. 718. 553. 482. 485. 439. 294. 199.  52.
985. 897. 758. 617. 597. 456. 330. 200.  87.  23.
964. 935. 803. 708. 568. 398. 274. 178.  90.  32.
965. 865. 746. 640. 520. 479. 374. 205. 115.  41.
922. 805. 734. 628. 498. 477. 363. 274. 209.  40.
907. 766. 777. 677. 563. 444. 333. 217. 176.  90.
936. 894. 767. 644. 532. 452. 336. 243. 104.  42.
899. 798. 729. 635. 553. 441. 353. 282. 203.  57.
960. 775. 762. 643. 563. 460. 351. 220. 175.  41.
942. 907. 785. 684. 537. 444. 319. 212.  93.  27.
894. 872. 754. 630. 541. 476. 343. 249. 144.  47.
875. 822. 749. 604. 524. 464. 365. 288. 159. 100.
933. 901. 810. 680. 600. 385. 284. 197. 100.  60.
911. 800. 733. 684. 565. 417. 357. 253. 173.  57.
930. 830. 704. 549. 532. 480. 413. 320. 149.  43.
933. 871. 770. 696. 550. 449. 291. 221. 134.  35.
954. 806. 692. 586. 629. 454. 358. 228. 169.  74.
918. 796. 719. 680. 533. 447. 328. 299. 195.  35.
899. 840. 755. 618. 533. 455. 384. 258. 145.  63.
975. 837. 759. 623. 591. 443. 338. 248. 116.  20.
954. 888. 819. 672. 561. 439. 299. 202.  80.  36.
916. 856. 741. 669. 580. 422. 336. 231. 149.  50.
960. 874. 784. 658. 600. 456. 275. 200.  98.  45.
918. 860. 759. 627. 543. 466. 337. 241. 168.  31.
887. 867. 780. 668. 542. 441. 335. 240. 129.  61.
394. 435. 692. 950. 733. 516. 424. 283. 274. 249.
417. 465. 500. 578. 928. 803. 639. 429. 191.   0.
427. 451. 695. 794. 542. 470. 389. 457. 304. 421.
407. 453. 560. 587. 756. 726. 585. 558. 318.   0.
750. 751. 706. 618. 643. 576. 489. 250. 123.  44.
694. 674. 686. 638. 600. 563. 462. 337. 186. 110.
811. 805. 687. 549. 509. 454. 363. 436. 186. 150.
838. 778. 736. 538. 598. 416. 361. 321. 238. 126.
928. 766. 699. 635. 584. 461. 311. 289. 221.  56.
431. 504. 505. 570. 850. 894. 838. 276.  82.   0.
 450.  439.  486.  527.  570.  728. 1312.  438.    0.    0.
 432.  487.  464.  508.  570.  697. 1348.  444.    0.    0.
 447.  450.  498.  509.  636.  692. 1278.  440.    0.    0.
 440.  437.  514.  514.  578.  738. 1304.  425.    0.    0.
 453.  492.  483.  522.  550.  683. 1293.  474.    0.    0.
 467.  468.  462.  468.  553.  749. 1370.  413.    0.    0.
