 355.  376.  428.  477.  510.  544.  517. 1354.  331.   58.
 462.  468.  499.  501.  564.  755. 1239.  462.    0.    0.
905. 860. 765. 607. 557. 479. 349. 241. 132.  55.
921. 888. 766. 631. 558. 428. 370. 218. 120.  50.
920. 782. 673. 600. 499. 452. 429. 321. 205.  69.
956. 823. 685. 625. 550. 436. 340. 294. 166.  75.
992. 822. 680. 561. 491. 448. 424. 300. 203.  29.
934. 831. 632. 612. 547. 446. 381. 343. 169.  55.
977. 799. 777. 673. 590. 450. 277. 213. 147.  47.
946. 856. 742. 651. 532. 473. 328. 254. 133.  35.
949. 773. 743. 699. 570. 457. 267. 245. 217.  30.
922. 819. 843. 640. 541. 444. 365. 204. 103.  69.
927. 885. 756. 663. 562. 435. 348. 230. 113.  31.
1076.  860.  633.  521.  560.  532.  419.  236.   89.   24.
938. 842. 711. 677. 545. 445. 335. 266. 146.  45.
984. 805. 839. 681. 493. 480. 336. 169. 125.  38.
981. 889. 752. 626. 527. 428. 345. 242. 129.  31.
956. 914. 768. 648. 518. 439. 341. 215. 123.  28.
901. 801. 666. 649. 565. 449. 328. 287. 218.  86.
910. 873. 735. 697. 564. 413. 339. 225. 141.  53.
893. 843. 691. 566. 525. 472. 400. 312. 168.  80.
985. 948. 833. 702. 565. 374. 285. 140.  92.  26.
963. 896. 768. 647. 534. 445. 342. 213. 125.  17.
1059.  745.  769.  739.  558.  396.  285.  198.  168.   33.
961. 821. 697. 666. 583. 473. 330. 207. 136.  76.
929. 913. 767. 705. 560. 409. 321. 206. 120.  20.
939. 801. 733. 716. 581. 412. 300. 257. 166.  45.
925. 894. 801. 654. 588. 411. 323. 188. 132.  34.
933. 829. 762. 671. 509. 499. 309. 220. 165.  53.
970. 792. 656. 483. 485. 507. 476. 302. 213.  66.
909. 818. 776. 651. 552. 445. 352. 213. 181.  53.
915. 873. 777. 637. 558. 415. 342. 254. 139.  40.
990. 859. 842. 664. 540. 480. 281. 175.  93.  26.
940. 827. 783. 634. 562. 413. 322. 210. 176.  83.
