495. 489. 590. 923. 950. 625. 424. 297. 153.   4.
 455.  754.  941. 1102.  814.  464.  267.  123.   30.    0.
462. 520. 646. 801. 871. 641. 488. 353. 168.   0.
 497.  718.  903. 1043.  793.  532.  298.  136.   30.    0.
1451. 1572.  578.   74.    8.   98.  303.  409.  399.   58.
1704.  708.   87.    0.    0.    0.  291.  926.  832.  402.
373. 488. 947. 825. 768. 628. 561. 291.  69.   0.
 449.  455.  490.  674.  883. 1002.  430.  420.  147.    0.
448. 469. 529. 597. 824. 908. 622. 407. 146.   0.
386. 485. 915. 843. 851. 646. 428. 310.  86.   0.
460. 473. 558. 677. 847. 913. 443. 377. 202.   0.
1801.  710.   83.    0.    0.    0.  328.  823.  924.  281.
446. 450. 505. 618. 732. 918. 689. 374. 218.   0.
