 382.  382.  395.  480.  450.  435.  555. 1285.  393.  193.
437. 569. 531. 529. 691. 910. 998. 285.   0.   0.
 490.  679.  819. 1169.  738.  465.  401.  150.   39.    0.
531. 544. 800. 980. 794. 567. 408. 246.  78.   2.
572. 983. 911. 741. 583. 483. 333. 198. 113.  33.
738. 914. 688. 568. 506. 464. 453. 384. 188.  47.
508. 769. 864. 893. 715. 520. 349. 244.  83.   5.
448. 810. 909. 884. 763. 570. 363. 152.  51.   0.
485. 590. 755. 999. 721. 556. 376. 224. 181.  63.
504. 719. 849. 831. 723. 453. 372. 273. 164.  62.
820. 875. 686. 568. 549. 437. 434. 309. 196.  76.
443. 522. 620. 929. 879. 777. 571. 209.   0.   0.
805. 886. 726. 618. 527. 452. 404. 280. 199.  53.
818. 978. 766. 630. 562. 477. 352. 226. 110.  31.
832. 990. 851. 703. 565. 398. 286. 191.  99.  35.
776. 858. 717. 636. 539. 463. 373. 283. 194. 111.
605. 919. 817. 568. 531. 469. 428. 357. 177.  79.
 463.  777.  778. 1037. 1266.  588.   41.    0.    0.    0.
 426.  454.  459.  514.  571.  762. 1295.  469.    0.    0.
 427.  460.  489.  507.  567.  731. 1296.  473.    0.    0.
 465.  460.  477.  565.  588.  702. 1255.  438.    0.    0.
 470.  437.  490.  489.  580.  710. 1322.  452.    0.    0.
483. 492. 556. 571. 748. 986. 815. 299.   0.   0.
5.150e+02 7.320e+02 9.450e+02 1.042e+03 6.100e+02 4.950e+02 3.450e+02
 1.910e+02 7.400e+01 1.000e+00
4.960e+02 6.150e+02 1.153e+03 9.570e+02 6.240e+02 5.220e+02 3.300e+02
 2.050e+02 4.700e+01 1.000e+00
 649. 1035.  785.  660.  543.  477.  419.  263.   99.   20.
 741. 1021.  835.  641.  565.  483.  336.  221.   99.    8.
588. 814. 797. 882. 772. 398. 279. 236. 154.  30.
 458.  840. 1023. 1033.  701.  454.  268.  118.   53.    2.
494. 695. 875. 885. 592. 554. 407. 231. 162.  55.
 517.  760. 1003.  816.  636.  468.  355.  271.   99.   25.
815. 852. 789. 684. 525. 478. 335. 227. 172.  73.
458. 508. 571. 897. 916. 828. 619. 153.   0.   0.
858. 822. 709. 589. 533. 477. 375. 316. 215.  56.
912. 945. 827. 690. 577. 435. 297. 152.  92.  23.
870. 926. 779. 698. 572. 435. 338. 212. 102.  18.
 855. 1001.  838.  733.  552.  415.  278.  177.   81.   20.
 540. 1018.  815.  679.  580.  474.  347.  302.  163.   32.
