923. 908. 687. 635. 541. 417. 409. 224. 109.  97.
898. 817. 700. 635. 509. 483. 356. 309. 170.  73.
1044.  749.  774.  522.  527.  493.  363.  347.  118.   13.
947. 839. 801. 716. 490. 483. 312. 198. 139.  25.
995. 821. 737. 713. 599. 429. 272. 187. 152.  45.
998. 766. 627. 703. 564. 449. 322. 310. 167.  44.
945. 815. 698. 653. 511. 461. 370. 300. 156.  41.
894. 807. 702. 613. 528. 466. 360. 293. 199.  88.
934. 846. 785. 640. 532. 454. 349. 227. 145.  38.
920. 798. 749. 661. 514. 434. 378. 232. 182.  82.
882. 792. 683. 641. 558. 436. 378. 288. 201.  91.
930. 776. 725. 598. 519. 481. 370. 331. 180.  40.
 442.  437.  454.  560.  560.  713. 1302.  482.    0.    0.
376. 809. 961. 945. 764. 485. 295. 183. 107.  25.
 471.  467.  483.  552.  575.  706. 1275.  421.    0.    0.
