440. 734. 832. 731. 715. 735. 489. 274.   0.   0.
462. 485. 475. 488. 566. 746. 984. 673.  71.   0.
487. 496. 533. 561. 589. 809. 782. 666.  27.   0.
 402.  450.  450. 1076.  693.  624.  363.  328.  259.  305.
912. 797. 758. 664. 509. 481. 336. 258. 181.  54.
916. 833. 752. 675. 555. 448. 310. 243. 168.  50.
 566.  572. 1198.  633.  669.  533.  451.  217.  104.    7.
 518.  573. 1251.  785.  653.  520.  332.  208.  101.    9.
 574.  650. 1277.  823.  603.  446.  307.  159.  102.    9.
 559.  489. 1160.  834.  623.  435.  347.  223.  198.   82.
596. 553. 620. 508. 507. 516. 372. 524. 745.   9.
595. 636. 531. 520. 527. 516. 541. 600. 484.   0.
645. 630. 585. 598. 726. 770. 475. 512.   9.   0.
549. 569. 558. 576. 609. 594. 782. 693.  20.   0.
670. 726. 662. 627. 793. 749. 636.  87.   0.   0.
715. 688. 646. 572. 681. 613. 850. 185.   0.   0.
690. 850. 906. 922. 708. 515. 294.  65.   0.   0.
869. 850. 774. 654. 570. 463. 342. 249. 132.  47.
605. 582. 558. 543. 482. 442. 489. 494. 755.   0.
617. 632. 602. 578. 566. 566. 466. 383. 540.   0.
608. 565. 548. 500. 515. 494. 446. 483. 791.   0.
630. 612. 633. 599. 561. 514. 499. 436. 466.   0.
 433.  464.  445.  502.  567.  708. 1228.  603.    0.    0.
914. 795. 732. 617. 529. 443. 414. 262. 169.  75.
895. 733. 782. 598. 601. 490. 476. 249. 126.   0.
 447.  462.  466.  526.  610.  781. 1386.  272.    0.    0.
 456.  443.  451.  528.  591.  769. 1466.  246.    0.    0.
 437.  433.  483.  517.  550.  707. 1203.  620.    0.    0.
 511.  430.  455.  566.  730. 1021.  860.  348.   29.    0.
925. 839. 731. 606. 544. 465. 389. 272. 139.  40.
 436.  472.  485.  585.  671. 1032.  781.  421.   67.    0.
904. 790. 754. 628. 567. 464. 347. 236. 192.  68.
 442.  457.  496.  638.  787. 1125.  435.  304.  195.   71.
 695.  552.  452.  375.  907. 1079.  435.  291.  130.   34.
802. 688. 636. 578. 542. 474. 406. 333. 328. 163.
596. 563. 535. 545. 588. 590. 881. 643.   9.   0.
642. 522. 559. 687. 666. 678. 747. 446.   3.   0.
453. 527. 559. 510. 978. 494. 547. 543. 311.  28.
 357.  534.  889.  872. 1009.  598.  355.  269.   67.    0.
437. 454. 557. 638. 896. 635. 618. 472. 239.   4.
 442.  452.  532.  642. 1185.  676.  432.  368.  217.    4.
757. 714. 631. 657. 559. 491. 474. 379. 226.  62.
 602.  548.  568.  764. 1230.  545.  373.  234.   86.    0.
 567.  591.  613.  746. 1016.  605.  341.  277.  194.    0.
 572.  557.  610.  726. 1184.  618.  361.  255.   67.    0.
582. 600. 618. 690. 725. 620. 471. 421. 213.  10.
 609.  518.  423.  377. 1685.  736.  418.  175.    9.    0.
864. 785. 726. 687. 634. 488. 326. 262. 147.  31.
 437.  474.  464.  520.  560.  705. 1499.  291.    0.    0.
 452.  468.  458.  496.  591.  720. 1250.  515.    0.    0.
