 454.  435.  457.  546.  608.  872. 1044.  534.    0.    0.
417. 495. 551. 621. 869. 602. 501. 436. 458.   0.
 432.  484.  525.  610.  680.  762. 1022.  435.    0.    0.
 455.  496.  549.  740. 1073.  667.  453.  497.   20.    0.
 412.  439.  488.  506.  633.  704. 1153.  615.    0.    0.
 453.  460.  482.  507.  566.  700. 1322.  460.    0.    0.
 445.  466.  457.  504.  608.  745. 1385.  340.    0.    0.
447. 534. 795. 778. 666. 513. 436. 428. 353.   0.
501. 535. 496. 796. 965. 533. 533. 411. 180.   0.
374. 390. 431. 497. 422. 569. 932. 836. 429.  70.
 336.  384.  444.  468.  470.  520. 1030.  772.  417.  109.
 343.  398.  401.  443.  513.  507. 1060.  523.  613.  149.
 462.  495.  608.  607.  726. 1208.  746.   98.    0.    0.
 482.  506.  580.  645.  661. 1302.  752.   22.    0.    0.
 451.  509.  561.  659.  719. 1254.  708.   89.    0.    0.
 478.  525.  571.  552.  611. 1310.  845.   58.    0.    0.
 410.  438.  477.  519.  547.  730. 1160.  669.    0.    0.
494. 526. 593. 625. 945. 506. 497. 473. 283.   8.
 457.  454.  447.  500.  591.  744. 1418.  339.    0.    0.
 439.  495.  469.  528.  568.  670. 1351.  430.    0.    0.
 507.  483.  421.  478.  574.  692. 1493.  302.    0.    0.
 444.  489.  476.  517.  573.  674. 1413.  364.    0.    0.
 462.  455.  475.  532.  587.  709. 1338.  392.    0.    0.
 478.  466.  434.  534.  622.  648. 1368.  400.    0.    0.
438. 470. 530. 541. 628. 884. 931. 527.   1.   0.
859. 758. 684. 534. 523. 450. 426. 367. 253.  96.
850. 829. 683. 671. 606. 465. 343. 268. 164.  71.
 461.  666. 1044.  732.  545.  461.  405.  354.  242.   40.
 531.  458.  622. 1066.  814.  495.  416.  292.  182.   74.
459. 483. 518. 797. 947. 684. 541. 268. 218.  35.
 461.  522.  565.  727. 1221.  656.  431.  231.  133.    3.
530. 509. 939. 989. 683. 593. 413. 209.  75.  10.
506. 537. 628. 709. 814. 889. 839.  28.   0.   0.
437. 528. 572. 713. 921. 658. 500. 389. 230.   2.
525. 640. 707. 822. 649. 558. 460. 364. 207.  18.
485. 550. 685. 702. 974. 801. 686.  67.   0.   0.
