 464.  477.  444.  501.  558.  710. 1345.  451.    0.    0.
 429.  461.  480.  522.  546.  742. 1317.  453.    0.    0.
 480.  462.  472.  520.  611.  712. 1239.  454.    0.    0.
484. 434. 523. 587. 884. 898. 582. 353. 205.   0.
423. 479. 511. 618. 904. 782. 654. 451. 128.   0.
444. 480. 486. 558. 901. 887. 442. 441. 311.   0.
446. 471. 481. 605. 866. 874. 622. 413. 172.   0.
459. 473. 528. 562. 842. 764. 595. 462. 265.   0.
 470.  430.  492.  553. 1009.  992.  454.  335.  215.    0.
488. 475. 528. 610. 662. 674. 638. 638. 237.   0.
442. 466. 518. 613. 966. 864. 528. 420. 133.   0.
455. 467. 489. 618. 880. 807. 610. 464. 160.   0.
542. 597. 573. 537. 920. 800. 440. 330. 211.   0.
488. 481. 452. 644. 901. 749. 641. 440. 154.   0.
475. 457. 485. 596. 835. 788. 527. 514. 273.   0.
447. 450. 533. 598. 876. 780. 662. 429. 175.   0.
472. 479. 466. 591. 882. 786. 556. 497. 221.   0.
447. 486. 542. 584. 883. 784. 563. 430. 231.   0.
441. 482. 533. 568. 826. 766. 646. 444. 244.   0.
 452.  487.  510.  577. 1034. 1058.  451.  297.   84.    0.
470. 483. 508. 636. 706. 799. 606. 559. 183.   0.
471. 420. 524. 578. 941. 897. 537. 386. 196.   0.
845. 930. 789. 699. 549. 441. 336. 207. 112.  42.
 485.  554. 1139.  879.  645.  491.  352.  206.  149.   50.
456. 523. 574. 783. 820. 603. 547. 391. 242.  11.
 443.  465.  484.  572.  730. 1040.  570.  445.  201.    0.
 441.  463.  483.  552.  630. 1011.  814.  530.   26.    0.
 434.  493.  458.  547.  622.  795. 1025.  576.    0.    0.
 437.  446.  473.  548.  592.  773. 1113.  568.    0.    0.
 426.  477.  487.  528.  602.  902. 1146.  382.    0.    0.
 440.  429.  520.  536.  683. 1019.  725.  478.  120.    0.
 442.  441.  517.  672. 1064.  712.  581.  335.  186.    0.
495. 577. 607. 817. 661. 493. 392. 384. 399. 125.
 458. 1146.  816.  652.  587.  473.  406.  241.  125.   46.
 450.  452.  471.  518.  549.  733. 1319.  458.    0.    0.
457. 464. 494. 608. 910. 704. 720. 475. 118.   0.
455. 476. 513. 652. 937. 803. 581. 369. 164.   0.
431. 482. 496. 611. 958. 877. 525. 403. 167.   0.
467. 515. 499. 619. 693. 696. 671. 524. 266.   0.
445. 441. 523. 657. 871. 821. 614. 384. 194.   0.
447. 470. 510. 534. 936. 919. 567. 352. 215.   0.
418. 493. 509. 568. 879. 870. 497. 468. 248.   0.
452. 510. 503. 591. 874. 800. 608. 462. 150.   0.
441. 482. 510. 611. 932. 849. 529. 426. 170.   0.
 480.  415.  509.  622. 1038.  905.  595.  267.  119.    0.
486. 452. 476. 542. 938. 904. 490. 323. 339.   0.
461. 472. 481. 576. 880. 841. 516. 482. 241.   0.
435. 459. 520. 575. 999. 976. 536. 299. 151.   0.
472. 472. 491. 659. 958. 965. 527. 350.  56.   0.
447. 474. 494. 590. 870. 930. 572. 408. 165.   0.
 472.  468.  480.  533.  990. 1028.  505.  285.  189.    0.
507. 484. 489. 630. 740. 805. 656. 408. 231.   0.
 456.  447.  549.  592.  903. 1002.  554.  362.   85.    0.
471. 449. 499. 602. 833. 806. 715. 412. 163.   0.
890. 839. 737. 565. 497. 505. 413. 284. 180.  40.
 478.  569. 1012.  810.  614.  504.  402.  287.  171.  103.
476. 504. 574. 737. 853. 603. 502. 398. 293.  10.
448. 499. 483. 566. 741. 750. 743. 552. 168.   0.
441. 466. 454. 540. 633. 865. 875. 663.  13.   0.
470. 437. 447. 518. 616. 775. 994. 693.   0.   0.
 454.  464.  476.  538.  589.  783. 1097.  549.    0.    0.
 444.  424.  494.  486.  685.  848. 1054.  515.    0.    0.
 432.  481.  494.  550.  696. 1114.  757.  379.   47.    0.
 468.  463.  549.  656. 1031.  698.  582.  380.  123.    0.
471. 550. 621. 980. 741. 579. 356. 302. 293.  57.
535. 988. 849. 668. 592. 459. 333. 333. 169.  24.
