 432.  474.  626.  611.  815. 1043.  545.  381.   23.    0.
555. 911. 795. 618. 587. 436. 394. 298. 243. 113.
 523. 1082.  882.  729.  550.  460.  316.  217.  142.   49.
 614. 1026.  853.  725.  548.  479.  281.  218.  151.   55.
920. 846. 706. 585. 558. 461. 389. 311. 120.  54.
868. 818. 736. 624. 548. 438. 383. 277. 173.  85.
944. 900. 767. 690. 505. 463. 325. 201. 115.  40.
995. 914. 840. 710. 576. 378. 257. 165.  79.  36.
 475.  396.  466.  547.  601.  808. 1298.  359.    0.    0.
584. 648. 621. 539. 624. 633. 763. 538.   0.   0.
601. 755. 631. 650. 669. 724. 654. 266.   0.   0.
 460.  654. 1101.  772.  593.  506.  399.  270.  158.   37.
 495.  632. 1075.  685.  553.  476.  481.  284.  242.   27.
 419.  477.  460.  517.  586.  730. 1228.  533.    0.    0.
 493.  613. 1032.  687.  570.  495.  427.  287.  262.   84.
 454.  665. 1045.  809.  623.  484.  367.  270.  189.   44.
 462.  456.  474.  479.  562.  726. 1253.  538.    0.    0.
