634. 709. 787. 604. 570. 452. 364. 440. 359.  31.
535. 676. 674. 865. 936. 626. 366. 194.  78.   0.
642. 814. 915. 770. 564. 457. 312. 307. 158.  11.
 562.  591.  597.  645. 1142.  764.  410.  157.   82.    0.
669. 807. 790. 646. 508. 515. 415. 290. 267.  43.
610. 554. 566. 782. 813. 611. 783. 231.   0.   0.
661. 567. 551. 703. 730. 569. 624. 363. 182.   0.
 607.  486.  537.  782. 1188.  635.  409.  226.   80.    0.
971. 896. 728. 657. 599. 437. 291. 191. 116.  64.
459. 456. 469. 521. 603. 785. 953. 704.   0.   0.
 471.  409.  523.  505.  606.  719. 1383.  334.    0.    0.
 439.  449.  475.  545.  647. 1030.  976.  342.   47.    0.
 469.  486.  482.  492.  550.  742. 1302.  427.    0.    0.
 418.  463.  485.  574.  699. 1050.  660.  390.  211.    0.
