 546.  556.  569.  651. 1120.  861.  595.   52.    0.    0.
 539.  549.  626.  661. 1100.  897.  559.   19.    0.    0.
 556.  611.  550.  663. 1379.  889.  294.    8.    0.    0.
866. 784. 707. 666. 541. 473. 329. 284. 227.  73.
832. 859. 779. 677. 593. 460. 297. 225. 144.  84.
 517.  581.  590.  666. 1194.  938.  436.   28.    0.    0.
 492.  541.  718.  640. 1345.  854.  327.   33.    0.    0.
919. 838. 761. 682. 584. 417. 326. 214. 174.  35.
933. 839. 640. 631. 562. 433. 375. 348. 159.  30.
884. 857. 688. 672. 543. 439. 355. 283. 174.  55.
892. 872. 762. 671. 562. 423. 337. 240. 132.  59.
918. 849. 736. 697. 600. 421. 276. 252. 149.  52.
914. 858. 730. 614. 541. 442. 385. 266. 164.  36.
919. 832. 747. 647. 522. 450. 355. 281. 152.  45.
882. 803. 746. 636. 563. 437. 348. 288. 153.  94.
957. 827. 700. 651. 550. 436. 379. 291. 131.  28.
934. 889. 801. 636. 574. 425. 342. 210. 104.  35.
922. 809. 702. 624. 556. 407. 369. 268. 227.  66.
928. 850. 684. 595. 526. 456. 402. 325. 134.  50.
879. 833. 768. 653. 556. 456. 332. 228. 146.  99.
947. 811. 824. 681. 523. 437. 330. 177. 150.  70.
904. 773. 675. 523. 509. 446. 461. 324. 216. 119.
954. 935. 800. 684. 570. 381. 288. 188. 112.  38.
1013.  926.  792.  775.  503.  419.  290.  118.   75.   39.
902. 812. 734. 649. 562. 420. 330. 280. 181.  80.
901. 740. 703. 534. 494. 426. 480. 310. 226. 136.
928. 827. 656. 568. 496. 504. 401. 322. 201.  47.
949. 859. 814. 681. 554. 417. 308. 206. 122.  40.
928. 918. 765. 659. 557. 442. 350. 199. 101.  31.
906. 780. 783. 653. 493. 492. 356. 218. 202.  67.
968. 856. 722. 646. 529. 447. 395. 249. 118.  20.
930. 841. 846. 648. 553. 440. 324. 189. 142.  37.
964. 772. 666. 545. 461. 512. 434. 338. 202.  56.
 470.  434.  441.  568.  550.  725. 1311.  451.    0.    0.
 419.  473.  461.  499.  583.  735. 1397.  383.    0.    0.
 455.  406.  512.  506.  612.  726. 1365.  368.    0.    0.
 486.  437.  513.  513.  619.  706. 1304.  372.    0.    0.
 455.  435.  474.  516.  581.  756. 1420.  313.    0.    0.
 447.  457.  496.  507.  604.  730. 1309.  400.    0.    0.
 563.  592. 1021.  756.  629.  516.  442.  429.    2.    0.
453. 572. 970. 835. 716. 580. 748.  76.   0.   0.
 498.  608. 1115.  797.  610.  584.  299.  417.   22.    0.
516. 576. 945. 862. 878. 605. 519.  49.   0.   0.
 513.  635. 1047.  813.  646.  510.  373.  410.    3.    0.
491. 560. 989. 888. 798. 672. 481.  71.   0.   0.
 492.  609. 1165.  870.  640.  479.  380.  301.   14.    0.
552. 592. 763. 698. 670. 850. 719. 106.   0.   0.
 552.  536. 1115.  773.  582.  584.  495.  300.   13.    0.
518. 557. 849. 760. 746. 634. 751. 135.   0.   0.
 527.  609. 1154.  857.  655.  516.  357.  257.   18.    0.
486. 580. 876. 803. 624. 677. 758. 146.   0.   0.
 489.  596. 1236.  895.  658.  508.  314.  251.    3.    0.
490. 624. 837. 664. 741. 654. 844.  96.   0.   0.
 496.  594. 1095.  866.  627.  505.  367.  381.   19.    0.
493. 628. 826. 812. 796. 656. 655.  84.   0.   0.
571. 608. 997. 804. 582. 444. 459. 468.  17.   0.
 476.  607.  904. 1026.  720.  694.  466.   57.    0.    0.
 507.  626. 1205.  863.  672.  524.  346.  203.    4.    0.
485. 578. 830. 895. 764. 682. 655.  61.   0.   0.
 513.  601. 1098.  909.  665.  436.  294.  416.   18.    0.
473. 519. 949. 911. 641. 572. 748. 137.   0.   0.
 519.  600. 1135.  806.  650.  529.  451.  254.    6.    0.
455. 621. 992. 919. 739. 687. 461.  76.   0.   0.
