593. 688. 572. 605. 513. 550. 617. 532. 280.   0.
655. 697. 622. 563. 519. 651. 588. 595.  60.   0.
650. 646. 621. 576. 591. 579. 653. 412. 222.   0.
675. 676. 601. 585. 588. 684. 536. 553.  52.   0.
655. 654. 725. 660. 567. 579. 602. 486.  22.   0.
672. 630. 613. 529. 568. 570. 630. 497. 241.   0.
628. 645. 598. 551. 536. 620. 570. 508. 294.   0.
698. 665. 555. 508. 458. 498. 655. 833.  80.   0.
 457.  462.  499.  514.  570.  724. 1274.  450.    0.    0.
 398.  544.  650.  768.  820.  678. 1008.   84.    0.    0.
469. 588. 655. 813. 937. 698. 528. 262.   0.   0.
450. 490. 586. 728. 833. 621. 559. 394. 289.   0.
424. 459. 689. 942. 785. 671. 481. 499.   0.   0.
 432.  463.  509.  478.  562.  707. 1346.  453.    0.    0.
 471.  424.  450.  505.  610.  763. 1226.  501.    0.    0.
 423.  474.  483.  507.  587.  733. 1305.  438.    0.    0.
 459.  425.  441.  521.  616.  714. 1330.  444.    0.    0.
