 498.  918. 1038.  810.  542.  484.  379.  189.   89.    3.
505. 937. 713. 609. 453. 563. 443. 335. 357.  35.
 530. 1031.  809.  787.  591.  419.  435.  199.  130.   19.
 472.  435.  461.  527.  595.  666. 1369.  425.    0.    0.
 447.  493.  463.  509.  602.  700. 1291.  445.    0.    0.
 459.  882. 1004.  866.  576.  387.  328.  237.  179.   32.
 467.  946. 1006.  935.  567.  342.  352.  159.  168.    8.
 457.  684. 1031.  696.  575.  492.  372.  340.  230.   73.
 530.  699. 1207.  780.  602.  454.  347.  198.   81.   52.
523. 904. 719. 729. 502. 455. 448. 397. 260.  13.
 493. 1036.  801.  658.  609.  516.  371.  255.  196.   15.
 483.  680. 1202.  741.  581.  509.  354.  245.  109.   46.
 532.  979. 1006.  919.  755.  470.  211.   73.    5.    0.
427. 913. 923. 768. 495. 528. 474. 292. 113.  17.
452. 888. 840. 716. 518. 595. 298. 371. 250.  22.
395. 914. 963. 888. 550. 459. 359. 251. 165.   6.
539. 983. 947. 772. 596. 398. 304. 301. 110.   0.
 492.  636. 1116.  671.  629.  487.  412.  268.  172.   67.
