 376.  534.  768.  828.  794. 1065.  424.  134.   27.    0.
 416.  499.  712.  708.  736. 1063.  591.  177.   48.    0.
 413.  418.  397.  526.  579.  691. 1013.  695.  195.   23.
 418.  401.  424.  538.  542.  698. 1142.  590.  194.    3.
454. 548. 634. 644. 785. 496. 559. 502. 309.  19.
458. 543. 630. 743. 655. 543. 569. 496. 300.  13.
481. 539. 643. 818. 735. 612. 448. 365. 309.   0.
 464.  472.  648. 1016.  882.  604.  450.  241.  163.   10.
432. 446. 478. 548. 633. 884. 916. 613.   0.   0.
 448.  522.  522.  585.  728. 1055.  608.  377.  105.    0.
476. 557. 543. 710. 951. 691. 536. 377. 109.   0.
426. 519. 633. 844. 967. 647. 507. 271. 136.   0.
 460.  414.  509.  519.  596.  812. 1081.  559.    0.    0.
 441.  482.  502.  541.  604.  803. 1222.  355.    0.    0.
 453.  476.  492.  510.  660.  871. 1072.  416.    0.    0.
 457.  450.  471.  526.  606.  689. 1380.  371.    0.    0.
 436.  460.  472.  537.  598.  715. 1380.  352.    0.    0.
650. 893. 916. 665. 614. 506. 531. 164.  11.   0.
743. 854. 750. 679. 558. 491. 322. 220. 193. 140.
 437.  472.  470.  528.  613.  748. 1216.  466.    0.    0.
 454.  428.  483.  552.  575.  747. 1311.  400.    0.    0.
 508.  474.  485.  561.  658.  686. 1000.  578.    0.    0.
 458.  415.  476.  535.  550.  733. 1304.  479.    0.    0.
 424.  453.  473.  548.  565.  722. 1408.  357.    0.    0.
477. 659. 676. 754. 584. 614. 878. 308.   0.   0.
457. 613. 656. 945. 590. 665. 796. 228.   0.   0.
375. 767. 925. 924. 928. 629. 272. 108.  22.   0.
888. 780. 764. 649. 529. 476. 397. 273. 150.  44.
 444.  463.  555.  596.  727. 1009.  755.  388.   13.    0.
597. 761. 694. 650. 592. 539. 562. 507.  48.   0.
329. 666. 872. 927. 881. 734. 390. 122.  29.   0.
336. 622. 866. 894. 744. 753. 534. 167.  34.   0.
371. 686. 837. 870. 706. 645. 466. 297.  72.   0.
 433.  442.  490.  509.  569.  674. 1289.  544.    0.    0.
 418.  494.  441.  480.  551.  761. 1242.  563.    0.    0.
454. 516. 655. 729. 768. 644. 574. 292. 234.  84.
432. 517. 688. 805. 926. 747. 446. 235. 132.  22.
395. 504. 791. 548. 562. 821. 604. 513. 195.  17.
351. 416. 676. 563. 572. 924. 631. 589. 214.  14.
539. 534. 860. 765. 790. 850. 551.  61.   0.   0.
 437.  611.  745.  699. 1073.  917.  415.   53.    0.    0.
497. 506. 711. 826. 758. 894. 669.  89.   0.   0.
465. 555. 694. 741. 836. 811. 750.  98.   0.   0.
 467.  536.  604.  721. 1142.  630.  764.   86.    0.    0.
 491.  573.  573.  651. 1113.  682.  811.   56.    0.    0.
 480.  496.  507.  541.  626.  848. 1345.  107.    0.    0.
 456.  483.  512.  557.  626.  853. 1270.  193.    0.    0.
 549.  617.  598.  831. 1277.  567.  334.  177.    0.    0.
 586.  579.  674.  731. 1104.  678.  359.  239.    0.    0.
 584.  916. 1141.  786.  698.  433.  230.   87.   70.    5.
450. 601. 657. 956. 721. 526. 713. 326.   0.   0.
468. 465. 458. 497. 575. 835. 924. 678.  50.   0.
474. 518. 533. 627. 668. 852. 924. 354.   0.   0.
484. 548. 528. 597. 739. 779. 894. 381.   0.   0.
