 446.  463.  500.  529.  594.  724. 1260.  434.    0.    0.
 435.  465.  499.  511.  594.  704. 1301.  441.    0.    0.
 427.  454.  487.  505.  582.  736. 1317.  442.    0.    0.
 454.  483.  469.  507.  588.  725. 1300.  424.    0.    0.
 465.  462.  481.  474.  564.  690. 1319.  495.    0.    0.
 437.  447.  484.  487.  606.  720. 1357.  412.    0.    0.
 448.  433.  487.  518.  555.  720. 1328.  461.    0.    0.
 443.  442.  440.  539.  611.  719. 1308.  448.    0.    0.
930. 810. 739. 644. 557. 449. 317. 297. 159.  48.
430. 462. 418. 478. 837. 463. 442. 470. 477. 473.
