370. 451. 474. 489. 840. 697. 495. 389. 499. 246.
 430.  452.  552.  524.  681.  970. 1066.  275.    0.    0.
 426.  477.  469.  537.  592.  699. 1305.  445.    0.    0.
 452.  481.  448.  537.  614.  692. 1286.  440.    0.    0.
 457.  490.  537.  502.  657. 1054. 1071.  182.    0.    0.
 403.  478.  484.  513.  594.  723. 1306.  449.    0.    0.
 429.  455.  485.  525.  564.  716. 1319.  457.    0.    0.
427. 440. 540. 569. 692. 980. 981. 321.   0.   0.
 432.  440.  499.  504.  600.  706. 1333.  436.    0.    0.
 454.  435.  494.  510.  558.  713. 1289.  497.    0.    0.
 451.  465.  559.  527.  707.  899. 1062.  280.    0.    0.
 420.  457.  478.  516.  573.  713. 1340.  453.    0.    0.
 455.  452.  474.  487.  585.  743. 1284.  470.    0.    0.
373. 403. 467. 517. 494. 775. 935. 720. 245.  21.
501. 917. 798. 684. 560. 498. 503. 372.  89.  28.
378. 415. 486. 489. 558. 775. 901. 741. 206.   1.
608. 984. 646. 582. 524. 561. 562. 368. 102.  13.
404. 414. 487. 514. 486. 724. 753. 902. 256.  10.
584. 915. 709. 706. 588. 523. 406. 372. 113.  34.
374. 431. 494. 489. 523. 782. 852. 743. 233.  29.
574. 962. 723. 705. 743. 572. 281. 279.  94.  17.
 414.  469.  492.  500.  549.  651. 1006.  869.    0.    0.
450. 471. 489. 465. 615. 629. 957. 874.   0.   0.
390. 814. 996. 834. 608. 503. 313. 269. 202.  21.
334. 719. 827. 911. 823. 461. 463. 291. 121.   0.
