 455.  474.  456.  518.  626.  834. 1179.  408.    0.    0.
486. 737. 973. 745. 840. 601. 340. 174.  51.   3.
507. 797. 797. 780. 791. 771. 469.  38.   0.   0.
546. 686. 940. 888. 580. 494. 458. 309.  49.   0.
612. 907. 689. 676. 597. 476. 440. 341. 167.  45.
579. 913. 949. 768. 627. 443. 367. 186. 111.   7.
799. 976. 657. 546. 511. 513. 447. 313. 144.  44.
804. 905. 850. 737. 530. 448. 300. 196. 128.  52.
836. 929. 774. 620. 527. 470. 387. 236. 135.  36.
511. 583. 719. 942. 816. 772. 524.  83.   0.   0.
581. 907. 772. 753. 657. 601. 455. 217.   7.   0.
 418.  455.  475.  516.  594.  861. 1126.  505.    0.    0.
498. 695. 928. 833. 671. 608. 440. 219.  58.   0.
681. 973. 803. 627. 569. 466. 373. 269. 119.  70.
810. 846. 703. 656. 588. 416. 376. 364. 173.  18.
437. 553. 624. 831. 818. 814. 646. 222.   5.   0.
692. 665. 671. 640. 462. 591. 809. 366.  54.   0.
434. 544. 638. 826. 786. 549. 461. 427. 246.  39.
 431.  475.  494.  511.  585.  751. 1335.  368.    0.    0.
 436.  466.  494.  528.  631. 1009.  894.  412.   80.    0.
 407.  454.  489.  512.  626.  755. 1210.  497.    0.    0.
497. 521. 567. 586. 761. 767. 547. 429. 275.   0.
626. 721. 677. 606. 746. 616. 616. 264.  78.   0.
476. 525. 569. 651. 950. 568. 576. 396. 239.   0.
 431.  470.  458.  528.  582.  709. 1375.  397.    0.    0.
722. 964. 777. 690. 619. 412. 390. 260. 113.   3.
577. 587. 590. 580. 613. 713. 600. 466. 210.  14.
682. 903. 930. 659. 608. 518. 374. 197.  73.   6.
712. 912. 763. 670. 592. 474. 404. 266. 138.  19.
 461.  478.  449.  508.  584.  838. 1328.  304.    0.    0.
 497.  491.  817. 1002.  655.  553.  474.  310.  115.   36.
 469.  528. 1139.  824.  585.  506.  368.  270.  180.   81.
566. 824. 822. 637. 536. 474. 364. 360. 252. 115.
856. 789. 586. 565. 505. 455. 427. 427. 276.  64.
 425.  449.  486.  508.  588.  717. 1379.  398.    0.    0.
476. 507. 520. 518. 621. 905. 937. 466.   0.   0.
537. 912. 691. 623. 570. 513. 428. 387. 278.  11.
 534.  706. 1003.  745.  636.  446.  338.  263.  208.   71.
 486.  652. 1069.  780.  606.  481.  341.  242.  185.  108.
449. 485. 463. 534. 711. 954. 785. 478.  91.   0.
 424.  434.  508.  526.  645.  827. 1036.  529.   21.    0.
 470.  466.  553.  639.  839. 1141.  649.  140.   53.    0.
623. 824. 669. 568. 504. 493. 474. 501. 262.  32.
447. 486. 539. 842. 957. 681. 530. 313. 153.   2.
 436.  484.  658.  668.  758.  836. 1038.   72.    0.    0.
 441.  629.  742.  703. 1010. 1095.  215.  113.    2.    0.
413. 552. 619. 755. 969. 764. 834.  44.   0.   0.
 513.  512.  472.  482.  579.  755. 1346.  291.    0.    0.
 465.  477.  436.  494.  625.  903. 1119.  431.    0.    0.
 437.  474.  501.  508.  621.  704. 1211.  494.    0.    0.
 440.  452.  490.  546.  611.  776. 1047.  588.    0.    0.
 439.  471.  471.  541.  612.  717. 1297.  402.    0.    0.
 427.  486.  484.  518.  601.  846. 1058.  530.    0.    0.
