 436.  928. 1213. 1110.  656.  293.  171.   92.   51.    0.
 432.  950. 1111.  896.  628.  393.  249.  187.   99.    5.
510. 871. 918. 666. 493. 550. 389. 296. 180.  77.
 629. 1025.  758.  622.  534.  495.  398.  297.  156.   36.
745. 799. 711. 653. 593. 426. 350. 346. 280.  47.
785. 918. 757. 708. 581. 493. 359. 229. 102.  18.
810. 935. 738. 683. 551. 453. 387. 233. 127.  33.
767. 894. 746. 692. 572. 471. 328. 255. 172.  53.
744. 933. 772. 666. 577. 427. 372. 239. 171.  49.
 550. 1125.  830.  695.  512.  478.  296.  254.  161.   49.
754. 995. 913. 769. 569. 395. 282. 156.  89.  28.
719. 903. 775. 665. 591. 513. 386. 224. 142.  32.
786. 850. 739. 621. 599. 411. 434. 314. 175.  21.
793. 874. 737. 660. 543. 495. 372. 237. 144.  95.
746. 941. 689. 644. 564. 443. 391. 312. 179.  41.
