779. 798. 679. 633. 534. 502. 437. 329. 220.  39.
841. 890. 696. 635. 551. 488. 371. 306. 146.  26.
427. 481. 477. 534. 778. 754. 512. 679. 308.   0.
 450.  426.  481.  518.  594.  731. 1291.  459.    0.    0.
 446.  447.  435.  563.  571.  700. 1300.  488.    0.    0.
 422.  468.  444.  545.  559.  725. 1323.  464.    0.    0.
 429.  458.  497.  506.  583.  720. 1317.  440.    0.    0.
666. 937. 828. 693. 596. 451. 387. 232. 143.  17.
 604. 1048.  946.  761.  575.  427.  294.  188.   71.   36.
 516.  510.  567. 1004. 1037.  600.  333.  254.  129.    0.
642. 813. 834. 862. 925. 438. 280. 136.  20.   0.
 487.  479.  817. 1014.  847.  664.  347.  209.   86.    0.
604. 674. 696. 826. 766. 524. 509. 259.  92.   0.
392. 426. 641. 492. 625. 932. 725. 692.  25.   0.
685. 779. 716. 658. 582. 493. 441. 391. 205.   0.
897. 812. 725. 641. 553. 448. 353. 299. 177.  45.
952. 836. 782. 671. 573. 452. 305. 222. 140.  17.
 527.  558.  684. 1352.  876.  493.  277.  149.   34.    0.
897. 756. 679. 603. 524. 470. 443. 303. 221.  54.
920. 878. 777. 657. 516. 484. 329. 235. 122.  32.
 480.  663.  674. 1056.  835.  551.  422.  200.   69.    0.
439. 483. 484. 548. 736. 911. 731. 418. 200.   0.
 472.  478.  484.  553.  840. 1246.  576.  247.   54.    0.
 454.  463.  524.  640. 1141.  802.  457.  268.  201.    0.
 465.  478.  498.  534.  771. 1278.  572.  277.   77.    0.
471. 445. 497. 569. 693. 980. 651. 518. 126.   0.
436. 506. 541. 643. 871. 642. 591. 433. 287.   0.
 472.  473.  523.  722. 1000.  706.  549.  320.  185.    0.
606. 650. 611. 760. 929. 536. 476. 266. 116.   0.
