 417.  438.  496.  642. 1034.  578.  476.  351.  496.   22.
421. 511. 496. 562. 846. 533. 456. 449. 666.  10.
 661.  591.  507.  371.  534. 1151.  579.  302.  179.   75.
 560.  695.  477.  395.  790. 1168.  470.  242.  125.   28.
 460.  507.  466.  530.  616.  723. 1218.  430.    0.    0.
 472.  477.  486.  516.  558.  693. 1290.  458.    0.    0.
852. 811. 688. 603. 591. 402. 345. 293. 244. 121.
885. 876. 824. 674. 577. 424. 340. 158. 127.  65.
826. 811. 745. 656. 495. 460. 379. 267. 238.  73.
774. 946. 786. 683. 564. 427. 337. 230. 131.  72.
813. 907. 730. 614. 485. 558. 388. 285. 152.  18.
407. 476. 955. 793. 692. 548. 375. 264. 213. 227.
