791. 884. 742. 599. 528. 450. 369. 304. 180. 103.
843. 909. 683. 566. 513. 495. 431. 294. 158.  58.
 481.  586.  731.  836. 1198.  769.  347.    2.    0.    0.
4.820e+02 6.920e+02 7.380e+02 8.660e+02 1.221e+03 6.770e+02 2.730e+02
 1.000e+00 0.000e+00 0.000e+00
 441.  665.  613.  789. 1295.  796.  347.    4.    0.    0.
 463.  740.  802.  842. 1278.  603.  219.    3.    0.    0.
 464.  610.  613.  758. 1277.  788.  431.    9.    0.    0.
 499.  575.  559.  771. 1233.  845.  455.   13.    0.    0.
 460.  706.  761.  950. 1133.  697.  240.    3.    0.    0.
 496.  629.  742.  917. 1157.  736.  270.    3.    0.    0.
 451.  711.  692. 1088. 1165.  652.  188.    3.    0.    0.
 489.  702.  842. 1065. 1186.  546.  118.    2.    0.    0.
5.030e+02 6.350e+02 7.040e+02 9.960e+02 1.154e+03 7.560e+02 2.010e+02
 1.000e+00 0.000e+00 0.000e+00
 492.  614.  602.  913. 1098.  848.  381.    2.    0.    0.
 472.  589.  694.  876. 1131.  810.  367.   11.    0.    0.
 442.  636.  714.  935. 1159.  762.  300.    2.    0.    0.
 485.  630.  689. 1029. 1034.  776.  305.    2.    0.    0.
 489.  637.  767.  957. 1180.  669.  244.    7.    0.    0.
 445.  633.  694.  960. 1151.  722.  336.    9.    0.    0.
 458.  680.  755.  968. 1139.  698.  237.   15.    0.    0.
 478.  645.  654.  826. 1211.  784.  342.   10.    0.    0.
 471.  647.  651.  980. 1113.  799.  285.    4.    0.    0.
 490.  627.  643.  993. 1131.  809.  253.    4.    0.    0.
 484.  582.  774.  870. 1270.  649.  299.   22.    0.    0.
4.950e+02 5.790e+02 6.430e+02 1.015e+03 1.090e+03 8.410e+02 2.860e+02
 1.000e+00 0.000e+00 0.000e+00
 430.  645.  703.  887. 1208.  722.  340.   15.    0.    0.
 492.  687.  693. 1048. 1067.  740.  221.    2.    0.    0.
 521.  646.  716.  900. 1052.  790.  321.    4.    0.    0.
 472.  573.  624.  879. 1171.  764.  450.   17.    0.    0.
 517.  613.  664.  927. 1085.  807.  337.    0.    0.    0.
 495.  594.  650.  851. 1217.  736.  400.    7.    0.    0.
 489.  620.  643.  890. 1210.  783.  312.    3.    0.    0.
 428.  672.  626.  818. 1221.  783.  379.   23.    0.    0.
 476.  611.  633.  895. 1190.  767.  370.    8.    0.    0.
 485.  609.  678.  873. 1148.  778.  362.   17.    0.    0.
 509.  667.  693.  937. 1084.  794.  259.    7.    0.    0.
 489.  586.  591.  909. 1159.  811.  390.   15.    0.    0.
 451.  679.  748.  979. 1186.  684.  219.    4.    0.    0.
 450.  705.  716.  898. 1214.  639.  287.   41.    0.    0.
4.410e+02 6.700e+02 6.260e+02 9.320e+02 1.226e+03 7.310e+02 3.230e+02
 1.000e+00 0.000e+00 0.000e+00
 468.  601.  689.  992. 1149.  736.  315.    0.    0.    0.
 469.  645.  686.  920. 1159.  743.  324.    4.    0.    0.
 501.  566.  594.  845. 1154.  828.  449.   13.    0.    0.
 524.  533.  692.  848. 1211.  756.  370.   16.    0.    0.
 534.  735.  692.  913. 1147.  751.  176.    2.    0.    0.
 467.  662.  689.  845. 1185.  716.  367.   19.    0.    0.
 482.  690.  792.  956. 1170.  639.  218.    3.    0.    0.
 435.  625.  708.  939. 1225.  668.  336.   14.    0.    0.
 429.  657.  788.  895. 1196.  692.  286.    7.    0.    0.
