 444.  567.  797. 1177.  749.  485.  367.  194.  135.   35.
373. 367. 432. 460. 519. 466. 921. 840. 433. 139.
 393.  467.  493. 1117.  702.  534.  436.  291.  280.  237.
266. 662. 836. 865. 636. 537. 443. 371. 219. 115.
300. 752. 920. 966. 663. 493. 413. 234. 173.  36.
385. 905. 881. 809. 665. 483. 350. 249. 159.  64.
326. 786. 910. 698. 513. 432. 531. 380. 256. 118.
234. 571. 672. 722. 768. 714. 726. 419. 124.   0.
339. 809. 967. 918. 813. 562. 392. 138.  12.   0.
262. 536. 656. 853. 979. 641. 504. 338. 132.  49.
 249.  668.  782. 1031.  878.  664.  497.  181.    0.    0.
266. 517. 717. 892. 812. 695. 553. 293. 157.  48.
248. 597. 665. 894. 906. 683. 508. 316. 119.  14.
