454. 529. 586. 566. 759. 847. 840. 369.   0.   0.
543. 978. 816. 651. 572. 439. 375. 288. 224.  64.
637. 916. 612. 730. 651. 403. 311. 338. 267.  85.
 580. 1031.  795.  647.  512.  494.  373.  286.  162.   70.
967. 939. 809. 691. 547. 425. 295. 168.  87.  22.
929. 758. 675. 703. 558. 424. 337. 306. 201.  59.
922. 695. 795. 694. 460. 490. 395. 228. 189.  82.
936. 763. 597. 553. 459. 475. 398. 394. 300.  75.
 466.  396.  494.  537.  583.  688. 1309.  477.    0.    0.
 424.  460.  498.  511.  586.  749. 1280.  442.    0.    0.
476. 794. 913. 690. 569. 483. 369. 340. 316.   0.
505. 830. 889. 564. 574. 448. 475. 349. 313.   3.
529. 498. 506. 602. 679. 662. 834. 590.  50.   0.
 416.  493.  497.  539.  653. 1131.  778.  411.   32.    0.
432. 467. 463. 559. 675. 978. 775. 548.  53.   0.
471. 459. 501. 518. 636. 961. 748. 599.  57.   0.
 479.  654. 1072.  693.  611.  522.  414.  295.  167.   43.
 484.  622. 1046.  779.  593.  521.  370.  278.  191.   66.
 501.  650. 1167.  741.  613.  447.  359.  273.  147.   52.
433. 480. 563. 774. 821. 603. 456. 344. 476.   0.
 474.  478. 1206.  826.  623.  510.  373.  232.  168.   60.
470. 499. 790. 800. 598. 464. 433. 457. 415.  24.
