497. 539. 557. 598. 853. 793. 507. 412. 166.  28.
458. 493. 556. 749. 966. 889. 442. 262. 133.   2.
479. 496. 544. 660. 876. 783. 480. 365. 260.   7.
480. 560. 599. 512. 877. 768. 589. 402. 149.  14.
493. 479. 514. 736. 781. 745. 496. 471. 229.   6.
437. 517. 609. 655. 828. 784. 562. 344. 199.  15.
487. 530. 567. 819. 834. 773. 462. 345. 125.   8.
 500.  516.  467.  648. 1083.  773.  358.  375.  223.    7.
443. 612. 786. 877. 669. 543. 436. 260. 227.  97.
459. 738. 950. 910. 644. 488. 376. 224. 100.  61.
