271. 593. 842. 766. 927. 618. 404. 351. 176.   2.
295. 542. 738. 802. 927. 624. 403. 360. 253.   6.
420. 556. 586. 910. 699. 745. 802. 232.   0.   0.
432. 546. 600. 750. 720. 980. 761. 161.   0.   0.
478. 496. 668. 877. 741. 738. 679. 254.  19.   0.
444. 479. 683. 982. 844. 733. 640. 145.   0.   0.
458. 505. 735. 760. 660. 788. 719. 316.   9.   0.
447. 490. 598. 773. 732. 832. 784. 294.   0.   0.
421. 517. 633. 917. 749. 835. 793.  85.   0.   0.
637. 600. 525. 527. 409. 440. 447. 820. 470.  75.
370. 431. 429. 434. 448. 654. 658. 567. 822. 137.
357. 398. 449. 441. 487. 756. 825. 552. 601.  84.
388. 394. 471. 461. 633. 759. 749. 412. 651.  32.
401. 426. 390. 474. 550. 759. 863. 445. 565.  77.
