 474.  568.  818. 1030.  679.  523.  399.  274.  160.   25.
444. 709. 915. 963. 878. 623. 223. 159.  36.   0.
 422.  528.  458.  484.  586.  781. 1141.  451.   99.    0.
456. 483. 486. 538. 589. 741. 819. 693. 145.   0.
493. 701. 619. 726. 697. 505. 497. 475. 237.   0.
469. 718. 724. 896. 743. 504. 420. 323. 153.   0.
287. 643. 599. 718. 639. 517. 609. 424. 445.  69.
867. 867. 768. 683. 551. 452. 347. 244. 139.  32.
826. 723. 690. 639. 557. 442. 361. 293. 328.  91.
 402.  506.  478.  615.  564.  732. 1152.  493.    8.    0.
863. 800. 701. 635. 598. 435. 327. 287. 198. 106.
 463.  522.  553.  582.  694.  899. 1074.  163.    0.    0.
896. 838. 691. 642. 550. 435. 392. 323. 133.  50.
 438.  483.  446.  480.  583.  749. 1164.  587.   20.    0.
907. 739. 648. 659. 599. 458. 332. 307. 242.  59.
 426.  472.  529.  551.  657.  866. 1188.  256.    5.    0.
872. 861. 735. 651. 569. 450. 360. 259. 143.  50.
 456.  490.  561.  613.  764. 1100.  862.  104.    0.    0.
865. 784. 711. 632. 593. 439. 372. 295. 190.  69.
 426.  488.  546.  493.  622.  774. 1156.  445.    0.    0.
852. 797. 693. 653. 515. 474. 409. 299. 177.  81.
 476.  475.  516.  617.  683. 1070. 1076.   37.    0.    0.
936. 825. 730. 625. 546. 441. 428. 289. 120.  10.
 409.  508.  560.  474.  623.  702. 1089.  572.   13.    0.
891. 810. 752. 639. 564. 458. 339. 265. 159.  73.
 424.  436.  509.  560.  646.  871. 1146.  350.    8.    0.
913. 802. 717. 713. 607. 454. 341. 187. 149.  67.
 481.  567.  464.  637.  734. 1032.  933.  102.    0.    0.
867. 807. 647. 632. 509. 493. 370. 362. 188.  75.
