 463.  984. 1198. 1039.  771.  326.  165.    4.    0.    0.
 485.  979. 1242. 1034.  734.  320.  139.   17.    0.    0.
 453.  860. 1032. 1029.  887.  493.  186.   10.    0.    0.
 467. 1017. 1187.  989.  721.  433.  131.    5.    0.    0.
 486.  937. 1236. 1144.  661.  386.   92.    8.    0.    0.
 520. 1071. 1169. 1033.  696.  366.   93.    2.    0.    0.
 433.  948. 1143. 1034.  883.  388.  116.    5.    0.    0.
 429.  468.  503.  520.  563.  729. 1298.  440.    0.    0.
 447.  477.  452.  509.  580.  719. 1322.  444.    0.    0.
 432.  448.  470.  525.  590.  714. 1329.  442.    0.    0.
 443.  456.  482.  524.  571.  755. 1279.  440.    0.    0.
 414.  465.  484.  524.  577.  719. 1311.  456.    0.    0.
 452.  451.  466.  513.  575.  682. 1373.  438.    0.    0.
 485.  459.  519.  505.  605.  694. 1262.  421.    0.    0.
 420.  471.  495.  543.  666. 1035.  770.  435.  115.    0.
467. 418. 524. 537. 627. 728. 844. 591. 214.   0.
436. 444. 529. 579. 591. 912. 744. 462. 253.   0.
 416.  464.  500.  569.  574. 1010.  705.  551.  161.    0.
456. 426. 572. 536. 528. 862. 719. 634. 217.   0.
448. 450. 473. 501. 546. 876. 848. 593. 215.   0.
386. 489. 498. 533. 638. 973. 728. 522. 183.   0.
