381. 383. 436. 427. 528. 866. 644. 397. 690. 198.
919. 813. 684. 556. 505. 492. 427. 322. 194.  38.
897. 819. 663. 687. 502. 423. 400. 293. 201.  65.
897. 820. 759. 603. 522. 478. 364. 288. 174.  45.
875. 792. 786. 537. 572. 455. 384. 327. 135.  87.
 456.  456.  466.  515.  565.  674. 1309.  509.    0.    0.
 354.  378.  439.  477.  526.  525.  790. 1047.  346.   68.
 410.  465.  447. 1121.  622.  493.  489.  323.  335.  245.
 418.  394.  556. 1000.  640.  507.  440.  332.  250.  413.
 454.  454.  449.  518.  585.  700. 1377.  413.    0.    0.
 365.  398.  439.  407.  457.  479.  735. 1074.  490.  106.
437. 425. 501. 928. 680. 552. 321. 399. 381. 326.
429. 442. 466. 946. 622. 488. 404. 384. 368. 401.
