 508.  588.  722. 1032.  846.  459.  369.  279.  110.   37.
570. 691. 556. 689. 594. 574. 563. 418. 208.  87.
541. 524. 680. 841. 661. 570. 496. 350. 223.  64.
504. 554. 630. 865. 740. 561. 493. 310. 203.  90.
 536.  638.  713. 1026.  721.  521.  390.  249.  122.   34.
608. 674. 593. 762. 755. 677. 525. 258.  92.   6.
574. 627. 594. 727. 739. 557. 536. 368. 184.  44.
493. 553. 599. 963. 711. 556. 470. 331. 183.  91.
 510.  684.  636. 1014.  786.  509.  453.  245.   99.   14.
513. 543. 573. 865. 846. 548. 484. 284. 200.  94.
545. 586. 693. 835. 661. 536. 458. 342. 233.  61.
533. 640. 677. 857. 792. 592. 458. 268. 115.  18.
512. 653. 606. 934. 670. 561. 439. 339. 182.  54.
556. 583. 560. 901. 785. 527. 496. 323. 182.  37.
595. 684. 576. 632. 729. 578. 577. 327. 200.  52.
481. 648. 777. 939. 786. 508. 417. 251. 112.  31.
541. 557. 593. 930. 706. 571. 438. 328. 210.  76.
624. 555. 505. 791. 617. 503. 512. 435. 295. 113.
550. 616. 669. 828. 653. 457. 532. 404. 170.  71.
538. 594. 591. 868. 727. 623. 486. 279. 191.  53.
505. 666. 625. 729. 808. 575. 537. 307. 146.  52.
 559.  600.  669. 1064.  821.  531.  394.  216.   81.   15.
564. 651. 603. 727. 799. 541. 500. 342. 181.  42.
498. 610. 602. 814. 757. 548. 490. 325. 203. 103.
530. 571. 611. 851. 697. 555. 483. 375. 197.  80.
496. 685. 578. 760. 702. 551. 531. 349. 205.  93.
580. 607. 568. 651. 696. 538. 544. 400. 284.  82.
 488.  601.  754. 1081.  756.  533.  392.  212.  103.   30.
523. 623. 638. 763. 717. 478. 526. 379. 195. 108.
 512.  574.  592. 1024.  783.  546.  454.  276.  149.   40.
 521.  533.  662. 1033.  813.  457.  434.  266.  182.   49.
498. 640. 659. 832. 704. 566. 498. 332. 176.  45.
543. 575. 612. 847. 784. 489. 507. 363. 148.  82.
524. 648. 582. 746. 699. 486. 523. 412. 229. 101.
493. 585. 670. 783. 756. 498. 531. 358. 188.  88.
550. 582. 532. 680. 726. 556. 532. 394. 271. 127.
564. 599. 553. 729. 813. 629. 534. 295. 189.  45.
 500.  588.  624. 1054.  885.  510.  422.  208.  127.   32.
571. 633. 597. 936. 853. 470. 388. 277. 179.  46.
541. 536. 667. 799. 667. 621. 501. 354. 192.  72.
563. 640. 647. 986. 717. 473. 415. 297. 181.  31.
473. 530. 733. 950. 776. 485. 446. 312. 168.  77.
536. 604. 589. 829. 703. 615. 503. 345. 170.  56.
536. 666. 671. 768. 685. 509. 486. 341. 206.  82.
547. 596. 563. 711. 720. 542. 503. 431. 230. 107.
558. 667. 704. 816. 700. 584. 472. 292. 133.  24.
485. 695. 663. 874. 841. 558. 404. 265. 124.  41.
520. 662. 668. 799. 661. 546. 483. 353. 196.  62.
