 432.  771. 1022. 1212.  794.  420.  275.   24.    0.    0.
 418.  633.  765.  725. 1223.  667.  504.   15.    0.    0.
 445.  452.  459.  558.  553.  722. 1321.  440.    0.    0.
 506.  552.  547.  705.  666.  719. 1201.   54.    0.    0.
886. 801. 741. 744. 639. 474. 338. 202. 106.  19.
 438.  477.  509.  647.  727.  730. 1158.  264.    0.    0.
834. 761. 714. 655. 609. 507. 397. 273. 154.  46.
 459.  524.  532.  574.  628.  727. 1145.  361.    0.    0.
858. 926. 864. 734. 579. 468. 271. 155.  73.  22.
 482.  520.  493.  675.  695.  792. 1245.   48.    0.    0.
858. 775. 742. 728. 573. 523. 377. 197. 153.  24.
 471.  473.  570.  644.  797.  878. 1037.   80.    0.    0.
851. 849. 736. 664. 619. 521. 366. 238.  95.  11.
 657. 1048. 1146. 1212.  518.  227.  136.    6.    0.    0.
