457. 588. 649. 645. 838. 956. 722.  95.   0.   0.
490. 454. 660. 751. 874. 749. 870. 102.   0.   0.
454. 531. 686. 851. 840. 888. 655.  45.   0.   0.
374. 363. 429. 501. 485. 761. 861. 491. 540. 145.
297. 635. 672. 966. 829. 649. 529. 241. 132.   0.
405. 697. 575. 769. 858. 508. 390. 446. 282.  20.
 298.  681.  948.  779. 1076.  610.  396.  115.   47.    0.
323. 660. 889. 924. 876. 655. 382. 168.  73.   0.
420. 717. 817. 876. 626. 468. 476. 316. 167.  67.
259. 652. 777. 983. 761. 656. 446. 239. 177.   0.
266. 552. 744. 752. 909. 746. 551. 355.  75.   0.
245. 560. 541. 825. 804. 640. 507. 510. 295.  23.
