 420.  814. 1088.  805.  564.  494.  401.  215.  122.   27.
 473.  993. 1085.  741.  615.  444.  321.  185.   75.   18.
 468.  992. 1016.  699.  617.  449.  345.  210.  116.   38.
 374.  423.  444.  495. 1062.  698.  472.  367.  292.  323.
 432.  537.  622.  960. 1017.  626.  447.  305.    4.    0.
418. 612. 708. 885. 920. 598. 486. 305.  18.   0.
401. 646. 651. 839. 927. 795. 494. 190.   7.   0.
389. 579. 693. 853. 942. 672. 474. 341.   7.   0.
385. 586. 715. 850. 959. 724. 459. 268.   4.   0.
410. 611. 653. 869. 942. 729. 443. 289.   4.   0.
 420.  806. 1020.  863.  565.  457.  442.  219.  131.   27.
 783. 1013.  854.  508.  560.  495.  472.  184.   74.    7.
