 317.  819.  916. 1021.  765.  533.  395.  184.    0.    0.
465. 971. 885. 667. 609. 454. 374. 319. 191.  15.
 378.  890.  972. 1069.  917.  426.  190.   87.   21.    0.
293. 697. 984. 943. 821. 693. 360. 145.  14.   0.
 434.  882.  919. 1044.  941.  564.  158.    8.    0.    0.
286. 603. 806. 904. 892. 672. 554. 233.   0.   0.
 480.  895. 1038.  896.  568.  462.  312.  166.  107.   26.
299. 583. 970. 856. 869. 794. 337. 233.   9.   0.
 516.  505.  801. 1077.  660.  453.  520.  418.    0.    0.
 554. 1026.  869.  704.  530.  499.  367.  227.  130.   44.
 540. 1020.  820.  669.  538.  471.  427.  231.  164.   70.
539. 549. 644. 689. 855. 657. 957.  60.   0.   0.
578. 747. 963. 809. 681. 512. 358. 197.  91.  14.
