877. 812. 768. 662. 560. 425. 354. 292. 148.  52.
927. 828. 781. 702. 574. 400. 319. 256. 133.  30.
 613. 1014. 1016.  756.  582.  425.  289.  174.   69.   12.
589. 814. 858. 750. 610. 480. 397. 249. 150.  53.
 550.  690.  916. 1041.  665.  456.  368.  232.   32.    0.
 420.  423.  540.  529.  539.  688. 1067.  608.  129.    7.
 542.  606. 1014.  581.  492.  496.  502.  408.  285.   24.
663. 911. 583. 625. 622. 379. 381. 404. 268. 114.
637. 812. 734. 755. 615. 477. 382. 318. 198.  22.
 448.  604.  721.  892. 1021.  593.  410.  199.   62.    0.
 407.  451.  460.  536.  521.  687. 1027.  708.  153.    0.
592. 942. 806. 671. 579. 451. 388. 284. 178.  59.
643. 923. 849. 708. 598. 478. 373. 276.  95.   7.
 558.  788. 1013.  844.  668.  452.  310.  213.   90.   14.
548. 827. 750. 733. 627. 524. 459. 346. 136.   0.
917. 830. 726. 629. 539. 446. 392. 268. 174.  29.
 464.  500.  601.  632.  748. 1222.  708.   75.    0.    0.
 471.  472. 1182.  737.  652.  487.  379.  356.  202.   12.
 551. 1076.  853.  720.  653.  399.  329.  228.  119.   22.
632. 975. 934. 746. 600. 460. 345. 185.  73.   0.
657. 696. 810. 714. 702. 547. 405. 349.  70.   0.
 473.  494.  585.  620.  759. 1260.  659.  100.    0.    0.
 539. 1088.  857.  694.  575.  461.  364.  244.   98.   30.
704. 858. 794. 633. 580. 504. 449. 301. 115.  12.
552. 646. 826. 766. 822. 671. 376. 218.  72.   1.
614. 760. 723. 727. 678. 529. 400. 358. 161.   0.
946. 873. 761. 699. 570. 416. 299. 212. 151.  23.
