 538. 1035.  953.  777.  568.  452.  317.  154.  122.   34.
 567. 1009.  665.  720.  643.  386.  309.  338.  274.   39.
 499.  563. 1315.  880.  627.  408.  364.  198.   96.    0.
 488. 1015.  827.  606.  561.  500.  413.  323.  177.   40.
 482. 1002.  763.  641.  558.  537.  345.  314.  259.   49.
533. 990. 825. 690. 539. 504. 389. 279. 148.  53.
 477. 1238.  898.  689.  575.  453.  332.  192.   79.   17.
 574. 1097.  879.  680.  602.  466.  299.  202.  109.   42.
683. 922. 893. 736. 482. 516. 288. 204. 179.  47.
 627. 1019.  768.  619.  526.  486.  400.  276.  186.   43.
 502. 1086.  902.  718.  535.  483.  350.  226.  140.    8.
812. 975. 798. 670. 475. 455. 355. 228. 146.  36.
536. 988. 977. 713. 546. 456. 308. 256. 128.  42.
799. 855. 804. 726. 593. 441. 299. 229. 153.  51.
759. 871. 707. 602. 516. 459. 433. 292. 186. 125.
512. 689. 993. 734. 687. 585. 474. 227.  49.   0.
514. 649. 987. 843. 622. 592. 400. 280.  63.   0.
 573. 1253. 1024.  735.  554.  398.  256.  112.   40.    5.
 470.  668. 1021.  676.  592.  487.  431.  351.  203.   51.
507. 830. 957. 855. 645. 474. 228. 243. 193.  18.
 480.  546.  654. 1077.  864.  538.  362.  304.  125.    0.
306. 705. 927. 968. 969. 610. 336. 104.  25.   0.
458. 542. 559. 766. 951. 686. 599. 389.   0.   0.
 551. 1086.  949.  750.  664.  418.  262.  153.  105.   12.
 483.  795. 1087.  670.  614.  457.  420.  262.  151.   11.
 501.  939. 1031.  845.  588.  458.  266.  204.  116.    2.
539. 750. 911. 603. 541. 426. 399. 440. 341.   0.
498. 864. 977. 817. 574. 490. 381. 217. 129.   3.
 522.  695. 1024.  769.  604.  550.  390.  256.  124.   16.
584. 530. 565. 819. 700. 658. 444. 477. 173.   0.
548. 603. 894. 854. 589. 472. 497. 376. 117.   0.
572. 708. 720. 796. 550. 662. 577. 330.  35.   0.
525. 614. 673. 789. 691. 612. 490. 462.  94.   0.
630. 992. 727. 620. 572. 475. 403. 319. 201.  11.
650. 830. 869. 695. 592. 476. 396. 236. 152.  54.
452. 537. 975. 822. 588. 525. 420. 292. 272.  67.
624. 882. 788. 633. 476. 570. 474. 226. 247.  30.
703. 875. 752. 642. 618. 407. 367. 274. 256.  56.
633. 710. 965. 709. 676. 405. 389. 277. 160.  26.
515. 516. 645. 809. 646. 773. 862. 184.   0.   0.
881. 853. 724. 646. 537. 468. 362. 283. 153.  43.
965. 761. 605. 581. 496. 507. 386. 312. 237. 100.
915. 831. 668. 534. 515. 487. 445. 318. 180.  57.
923. 842. 754. 682. 527. 433. 334. 242. 163.  50.
 502.  730. 1128.  729.  548.  473.  398.  256.  170.   16.
 542. 1128.  788.  583.  546.  523.  434.  278.  119.    9.
 487.  627. 1075.  680.  540.  496.  404.  341.  235.   65.
 491. 1069.  817.  688.  537.  501.  395.  280.  166.    6.
473. 945. 842. 691. 484. 517. 397. 313. 178. 110.
 517. 1114.  700.  558.  496.  514.  498.  369.  177.    7.
 476. 1005.  697.  629.  538.  454.  353.  346.  298.  154.
 470. 1038.  799.  618.  517.  546.  438.  345.  156.   23.
 474. 1006.  905.  713.  602.  473.  330.  228.  150.   69.
 489. 1107.  779.  678.  528.  482.  358.  253.  190.   86.
600. 994. 752. 657. 581. 432. 371. 321. 173.  69.
874. 881. 817. 657. 541. 458. 347. 200. 142.  33.
 484. 1097.  858.  725.  635.  432.  322.  246.  129.   22.
4.430e+02 5.310e+02 1.042e+03 7.810e+02 6.070e+02 5.430e+02 5.030e+02
 3.890e+02 1.100e+02 1.000e+00
769. 836. 726. 611. 536. 440. 386. 284. 231. 131.
421. 590. 812. 718. 664. 690. 659. 394.   2.   0.
664. 933. 785. 676. 559. 446. 373. 268. 196.  50.
662. 970. 691. 584. 512. 439. 431. 402. 218.  41.
494. 557. 740. 898. 904. 748. 359. 209.  41.   0.
 473.  610. 1086.  835.  627.  516.  343.  247.  208.    5.
 524. 1121.  777.  668.  556.  467.  376.  269.  169.   23.
 457.  688.  640.  650.  733. 1108.  569.  105.    0.    0.
552. 873. 849. 757. 564. 536. 448. 300.  71.   0.
 498.  539.  701.  709. 1033. 1097.  345.   28.    0.    0.
 565.  500.  520. 1090.  655.  558.  898.  164.    0.    0.
 453. 1024. 1176.  820.  607.  387.  221.  151.   97.   14.
519. 808. 904. 753. 673. 573. 401. 228.  91.   0.
574. 801. 771. 708. 624. 565. 509. 305.  93.   0.
665. 799. 715. 564. 377. 494. 443. 415. 374. 104.
542. 693. 978. 829. 606. 538. 351. 265. 124.  24.
