 475.  521.  649. 1121.  711.  608.  348.  333.  184.    0.
 553.  582.  713.  878. 1122.  609.  364.  129.    0.    0.
 460.  475.  453.  586.  630.  850. 1001.  495.    0.    0.
 532.  657.  755.  783. 1080.  673.  385.   85.    0.    0.
 499.  579.  604.  771. 1058.  710.  639.   90.    0.    0.
495. 547. 643. 913. 800. 585. 409. 347. 211.   0.
493. 559. 806. 762. 578. 537. 484. 421. 250.  60.
 455.  432.  581.  623. 1024.  749.  572.  393.  121.    0.
842. 924. 754. 637. 603. 412. 349. 250. 152.  27.
629. 888. 740. 635. 558. 475. 428. 303. 194. 100.
774. 864. 684. 669. 558. 448. 346. 321. 179. 107.
 503.  588.  610.  640. 1098.  742.  402.  282.   85.    0.
 496. 1050. 1394.  932.  613.  323.   98.   35.    9.    0.
 544.  621.  626.  748. 1051.  828.  433.   99.    0.    0.
 448.  845. 1259. 1082.  767.  365.  147.   37.    0.    0.
506. 547. 518. 525. 664. 982. 874. 305.  29.   0.
 390.  591. 1109.  984.  775.  544.  394.  158.    5.    0.
 544.  535.  582. 1123.  942.  641.  298.  202.   83.    0.
 545. 1166. 1300.  875.  540.  327.  137.   46.   14.    0.
