 470.  447.  476.  539.  569.  671. 1314.  464.    0.    0.
 457.  474.  497.  493.  558.  700. 1290.  481.    0.    0.
 467.  458.  450.  558.  697. 1157.  686.  433.   44.    0.
 470.  483.  938. 1008.  709.  497.  396.  286.  145.   18.
 480.  540.  905. 1033.  676.  551.  313.  247.  168.   37.
757. 903. 682. 691. 597. 448. 322. 308. 201.  41.
698. 883. 791. 709. 526. 503. 350. 232. 197.  61.
 562. 1075.  797.  720.  580.  485.  305.  236.  145.   45.
 627. 1071.  810.  695.  635.  443.  314.  214.  122.   19.
 674. 1016.  774.  776.  537.  438.  310.  261.  136.   28.
 612. 1083.  834.  700.  562.  444.  300.  237.  130.   48.
789. 761. 686. 626. 577. 488. 370. 343. 250.  60.
870. 926. 775. 712. 592. 462. 296. 189. 112.  16.
712. 874. 727. 661. 602. 485. 364. 262. 214.  49.
632. 979. 789. 719. 576. 471. 350. 260. 161.  13.
674. 924. 709. 593. 539. 467. 421. 363. 208.  52.
727. 821. 805. 475. 486. 501. 479. 417. 205.  34.
632. 813. 799. 724. 556. 417. 349. 341. 249.  70.
655. 959. 912. 691. 623. 414. 324. 199. 148.  25.
708. 955. 878. 720. 568. 455. 284. 217. 125.  40.
634. 896. 840. 531. 528. 472. 443. 354. 210.  42.
642. 957. 911. 691. 594. 423. 322. 251. 150.   9.
718. 925. 835. 631. 631. 439. 411. 226. 130.   4.
727. 890. 829. 691. 550. 473. 377. 279. 119.  15.
736. 815. 785. 715. 602. 412. 376. 358. 144.   7.
644. 914. 863. 668. 579. 509. 333. 228. 166.  46.
611. 894. 896. 649. 521. 491. 405. 289. 157.  37.
 748.  987. 1006.  767.  535.  444.  295.  121.   47.    0.
737. 943. 782. 569. 539. 563. 454. 253. 100.  10.
722. 968. 865. 637. 593. 459. 366. 214. 104.  22.
604. 887. 868. 778. 542. 457. 365. 253. 156.  40.
636. 942. 908. 550. 478. 509. 427. 313. 150.  37.
 511.  467.  492.  489.  539.  694. 1313.  445.    0.    0.
 424.  467.  492.  480.  595.  705. 1342.  445.    0.    0.
457. 444. 597. 555. 629. 995. 701. 524.  48.   0.
 447.  545.  589.  563.  705. 1087.  480.  390.  144.    0.
 443.  444.  467.  534.  586.  716. 1300.  460.    0.    0.
 412.  437.  493.  512.  598.  715. 1337.  446.    0.    0.
 447.  433.  498.  525.  574.  728. 1299.  446.    0.    0.
 444.  475.  593.  647.  660. 1154.  609.  344.   24.    0.
 428.  496.  595.  613.  703. 1095.  409.  426.  185.    0.
 430.  479.  496.  503.  586.  714. 1291.  451.    0.    0.
 442.  466.  459.  501.  600.  739. 1266.  477.    0.    0.
 423.  463.  481.  521.  590.  737. 1291.  444.    0.    0.
323. 367. 457. 622. 532. 518. 454. 420. 492. 765.
308. 443. 447. 615. 531. 493. 451. 520. 466. 676.
301. 392. 457. 630. 554. 492. 506. 482. 510. 626.
473. 630. 560. 556. 500. 479. 716. 854. 182.   0.
438. 472. 648. 710. 639. 526. 645. 784.  88.   0.
 419.  450.  486.  504.  600.  734. 1301.  456.    0.    0.
 456.  480.  469.  509.  580.  712. 1328.  416.    0.    0.
 435.  470.  470.  528.  613.  826. 1084.  524.    0.    0.
 426.  447.  475.  532.  583.  723. 1326.  438.    0.    0.
 435.  448.  469.  501.  592.  733. 1333.  439.    0.    0.
 446.  453.  479.  536.  613.  837. 1184.  402.    0.    0.
471. 552. 562. 796. 911. 606. 497. 480.  75.   0.
 493.  528.  582.  770. 1038.  591.  432.  327.  189.    0.
460. 513. 534. 536. 766. 943. 838. 355.   5.   0.
 470.  524.  649.  715. 1005.  682.  572.  289.   44.    0.
 467.  529.  683.  845. 1067.  651.  377.  237.   94.    0.
458. 476. 583. 597. 761. 852. 741. 436.  46.   0.
