417. 489. 532. 561. 632. 947. 803. 524.  45.   0.
428. 600. 479. 473. 595. 896. 801. 543. 135.   0.
369. 474. 469. 623. 951. 731. 572. 429. 322.  10.
 587. 1028.  767.  667.  512.  488.  394.  290.  184.   33.
 447.  429.  501.  497.  596.  699. 1303.  478.    0.    0.
 465.  476.  498.  532.  552.  668. 1292.  467.    0.    0.
 499.  543.  614. 1047.  732.  555.  424.  319.  177.   40.
503. 510. 934. 810. 669. 572. 431. 238. 223.  60.
458. 578. 915. 877. 647. 506. 498. 239. 180.  52.
517. 533. 876. 809. 549. 545. 504. 271. 257.  89.
413. 414. 512. 445. 818. 655. 436. 494. 657. 106.
404. 482. 719. 834. 683. 563. 395. 268. 319. 283.
 465.  395.  619. 1078.  687.  569.  356.  435.  224.  122.
 453.  451.  487.  502.  559.  716. 1287.  495.    0.    0.
 368.  614. 1045.  865.  943.  528.  491.   96.    0.    0.
 429.  465.  501.  504.  592.  728. 1298.  433.    0.    0.
 449.  438.  468.  507.  597.  743. 1276.  472.    0.    0.
 432.  479.  490.  542.  576.  737. 1265.  429.    0.    0.
404. 509. 602. 941. 677. 542. 427. 421. 399.  28.
 451.  643. 1043.  844.  633.  543.  379.  268.  125.   21.
 479.  464.  476.  475.  548.  701. 1333.  474.    0.    0.
 430.  494.  538. 1029.  769.  646.  459.  341.  244.    0.
411. 472. 482. 548. 502. 826. 823. 710. 155.  21.
373. 400. 391. 484. 537. 862. 681. 379. 685. 158.
504. 998. 837. 743. 551. 475. 377. 249. 178.  38.
640. 967. 774. 695. 563. 461. 324. 233. 162. 131.
382. 405. 459. 777. 872. 562. 498. 306. 377. 312.
460. 615. 687. 826. 775. 519. 463. 353. 210.  42.
538. 658. 718. 773. 771. 472. 381. 298. 229. 112.
485. 569. 777. 823. 925. 631. 352. 231. 125.  32.
