973. 825. 626. 576. 497. 515. 463. 336. 121.  18.
884. 823. 706. 583. 551. 526. 431. 291. 121.  34.
934. 778. 671. 635. 565. 479. 436. 335. 108.   9.
487. 562. 623. 754. 814. 899. 714.  97.   0.   0.
467. 522. 605. 872. 709. 883. 800.  92.   0.   0.
 428.  514.  598.  793.  694. 1004.  713.  206.    0.    0.
 461.  516. 1152.  782.  557.  552.  435.  230.  217.   48.
 455.  579.  598.  825.  723. 1016.  671.   83.    0.    0.
 490.  527.  617.  767.  890. 1068.  509.   82.    0.    0.
418. 556. 591. 898. 831. 887. 633. 136.   0.   0.
549. 733. 848. 533. 446. 413. 506. 466. 374.  82.
498. 556. 494. 790. 821. 915. 726. 150.   0.   0.
445. 612. 578. 773. 751. 937. 758.  96.   0.   0.
 544.  477.  593. 1097.  696.  794.  605.  144.    0.    0.
 472.  561. 1096.  790.  697.  502.  380.  272.  129.   51.
