347. 795. 823. 649. 471. 444. 551. 507. 336.  27.
442. 427. 514. 609. 776. 827. 964. 391.   0.   0.
1019.  929.  750.  675.  551.  444.  331.  154.   77.   20.
913. 707. 644. 621. 559. 441. 340. 313. 299. 113.
990. 788. 871. 677. 471. 503. 326. 160. 134.  30.
887. 867. 761. 650. 517. 468. 359. 255. 148.  38.
912. 857. 750. 657. 526. 461. 334. 256. 152.  45.
 497. 1201. 1145.  824.  521.  344.  231.  114.   63.   10.
 438.  437.  481.  532.  556.  730. 1361.  415.    0.    0.
 377.  384.  447.  429.  449.  569.  599. 1337.  322.   37.
389. 470. 509. 733. 647. 481. 393. 488. 421. 419.
 494. 1085.  753.  617.  496.  477.  429.  301.  212.   86.
524. 576. 607. 849. 835. 592. 568. 332.  67.   0.
421. 451. 523. 568. 860. 949. 541. 338. 239.  60.
557. 727. 778. 874. 926. 523. 346. 167.  52.   0.
454. 495. 525. 634. 700. 859. 582. 435. 240.  26.
