 498.  972. 1184. 1099.  648.  372.  168.    9.    0.    0.
567. 565. 648. 761. 896. 524. 380. 379. 230.   0.
 529.  997. 1268. 1041.  658.  278.   94.   74.   11.    0.
 577. 1127.  778.  684.  589.  442.  372.  257.   94.   30.
529. 593. 657. 528. 727. 774. 929. 213.   0.   0.
607. 893. 720. 640. 566. 540. 517. 378.  89.   0.
424. 671. 751. 876. 618. 584. 531. 401.  94.   0.
 441.  448.  481.  499.  591.  706. 1330.  454.    0.    0.
694. 938. 790. 842. 539. 427. 424. 246.  50.   0.
486. 693. 864. 677. 509. 550. 493. 398. 280.   0.
387. 469. 553. 994. 876. 675. 660. 336.   0.   0.
879. 899. 807. 636. 578. 438. 342. 190. 129.  52.
666. 822. 762. 571. 393. 473. 516. 343. 286. 118.
452. 523. 630. 706. 800. 649. 470. 666.  54.   0.
909. 844. 815. 675. 599. 446. 282. 229. 107.  44.
773. 883. 696. 572. 582. 485. 419. 317. 173.  50.
476. 546. 961. 820. 610. 500. 423. 324. 223.  67.
456. 520. 949. 845. 710. 472. 381. 284. 238.  95.
494. 917. 768. 596. 547. 436. 464. 367. 297.  64.
512. 743. 788. 727. 770. 723. 460. 209.  18.   0.
510. 503. 683. 855. 616. 503. 472. 503. 256.  49.
592. 834. 898. 722. 592. 464. 375. 282. 156.  35.
518. 776. 964. 617. 559. 501. 391. 335. 167. 122.
501. 840. 898. 898. 619. 382. 311. 354. 143.   4.
 463.  510.  879. 1054.  647.  563.  310.  319.  205.    0.
702. 977. 733. 586. 584. 456. 413. 262. 128. 109.
892. 804. 655. 532. 491. 468. 418. 372. 241.  77.
 442.  730. 1012.  645.  502.  473.  487.  394.  212.   53.
421. 417. 494. 642. 974. 626. 573. 403. 345.  55.
 361.  431.  432.  492.  464.  545. 1093.  808.  276.   48.
 535. 1044.  872.  703.  552.  481.  313.  261.  133.   56.
653. 952. 762. 588. 538. 475. 384. 314. 156. 128.
767. 938. 818. 732. 522. 479. 303. 214. 135.  42.
530. 967. 781. 660. 593. 442. 374. 232. 257. 114.
498. 546. 988. 908. 696. 462. 314. 313. 176.  49.
517. 615. 967. 700. 632. 430. 344. 350. 289. 106.
496. 557. 934. 916. 667. 499. 383. 295. 168.  35.
 508. 1059.  837.  709.  594.  463.  307.  240.  186.   47.
 705. 1032.  809.  689.  547.  459.  341.  215.  120.   33.
818. 842. 786. 700. 558. 474. 311. 216. 152.  93.
731. 899. 734. 716. 590. 464. 281. 252. 210.  73.
 491. 1088.  833.  656.  566.  489.  391.  262.  135.   39.
410. 488. 786. 859. 601. 501. 428. 384. 253. 240.
441. 432. 877. 891. 601. 489. 458. 333. 198. 230.
 384.  451.  483.  588. 1170.  707.  484.  329.  292.   62.
 353.  419.  482.  479.  564.  556. 1108.  789.  190.   10.
 519. 1074.  818.  663.  530.  459.  427.  243.  141.   76.
 688. 1040.  787.  660.  540.  463.  390.  234.  116.   32.
753. 962. 813. 676. 564. 452. 334. 228. 114.  54.
 550. 1005.  770.  618.  559.  456.  437.  269.  216.   70.
500. 597. 974. 964. 656. 489. 360. 258. 126.  26.
 567.  545. 1067.  778.  587.  509.  328.  307.  229.   33.
536. 621. 958. 837. 647. 547. 407. 258. 117.  22.
 511. 1080.  801.  662.  570.  458.  363.  288.  176.   41.
673. 952. 726. 579. 543. 446. 413. 288. 245.  85.
802. 870. 768. 659. 524. 460. 363. 256. 163.  85.
725. 913. 905. 643. 541. 500. 318. 239. 136.  30.
 516. 1127.  901.  709.  570.  484.  322.  191.   93.   37.
479. 991. 854. 695. 657. 542. 392. 233.  99.   8.
400. 426. 454. 416. 461. 918. 770. 752. 331.  22.
368. 453. 471. 482. 518. 924. 582. 703. 433.  16.
 608. 1008.  664.  548.  498.  409.  455.  343.  292.  125.
766. 903. 679. 620. 517. 452. 396. 369. 181.  67.
818. 870. 707. 617. 542. 446. 389. 336. 181.  44.
 500. 1290.  875.  720.  587.  421.  289.  164.   76.   28.
514. 671. 940. 717. 589. 550. 460. 323. 153.  33.
516. 836. 953. 709. 544. 507. 372. 310. 167.  36.
495. 733. 850. 757. 612. 491. 414. 345. 207.  46.
 543. 1054.  877.  714.  578.  457.  335.  157.  140.   95.
 829. 1018.  859.  730.  547.  394.  287.  164.   91.   31.
894. 935. 819. 623. 523. 473. 321. 217. 109.  36.
801. 911. 686. 607. 524. 460. 361. 341. 182.  77.
 517. 1183.  777.  691.  555.  446.  328.  256.  136.   61.
