380. 381. 416. 462. 592. 910. 598. 349. 656. 206.
390. 447. 461. 528. 584. 785. 913. 842.   0.   0.
 493.  535. 1061.  813.  549.  521.  375.  301.  215.   87.
799. 798. 728. 620. 529. 481. 373. 293. 174. 155.
 513.  547. 1036.  887.  572.  498.  392.  274.  169.   62.
503. 610. 981. 767. 594. 494. 397. 324. 203.  77.
 447.  522. 1045.  917.  642.  530.  384.  277.  136.   50.
506. 547. 949. 725. 633. 485. 489. 367. 224.  25.
 501.  655. 1160.  780.  660.  483.  378.  219.   92.   22.
462. 555. 900. 916. 695. 497. 380. 285. 194.  66.
 494.  510. 1043.  877.  681.  511.  401.  217.  167.   49.
 464.  672. 1133.  836.  658.  467.  335.  241.  119.   25.
469. 565. 953. 955. 644. 527. 360. 237. 183.  57.
503. 540. 960. 824. 578. 582. 431. 329. 165.  38.
 508.  703. 1001.  630.  566.  462.  464.  319.  241.   56.
445. 559. 762. 861. 653. 513. 452. 363. 275.  67.
 472.  569.  717. 1110.  747.  531.  368.  264.  152.   20.
 489.  539. 1246.  843.  654.  479.  325.  173.  162.   40.
467. 545. 798. 985. 659. 563. 444. 281. 157.  51.
503. 509. 919. 897. 668. 604. 460. 259. 114.  17.
544. 576. 998. 673. 648. 430. 443. 284. 231. 123.
646. 840. 628. 554. 429. 419. 474. 353. 426. 181.
874. 852. 771. 711. 582. 463. 285. 172. 152.  88.
854. 832. 779. 679. 550. 466. 362. 240. 159.  29.
841. 843. 770. 579. 600. 436. 375. 288. 165.  53.
899. 812. 807. 608. 562. 429. 373. 213. 181.  66.
891. 806. 737. 674. 506. 496. 342. 244. 187.  67.
856. 808. 713. 625. 553. 443. 362. 287. 231.  72.
827. 813. 686. 677. 575. 466. 343. 268. 215.  80.
868. 785. 820. 715. 517. 484. 332. 176. 191.  62.
821. 828. 723. 643. 576. 454. 366. 271. 160. 108.
889. 845. 792. 711. 521. 456. 335. 227. 134.  40.
819. 883. 750. 712. 517. 489. 316. 259. 149.  56.
883. 821. 696. 665. 592. 440. 305. 256. 203.  89.
840. 842. 786. 690. 536. 491. 328. 239. 154.  44.
877. 764. 760. 664. 489. 485. 399. 247. 201.  64.
848. 810. 690. 617. 523. 475. 404. 304. 201.  78.
922. 823. 654. 588. 526. 508. 396. 300. 173.  60.
850. 831. 712. 647. 510. 461. 444. 259. 175.  61.
693. 946. 594. 653. 592. 415. 365. 308. 265. 119.
