408. 437. 444. 510. 589. 750. 760. 807. 240.   5.
1002.  767.  780.  760.  534.  406.  311.  224.  133.   33.
960. 915. 811. 671. 560. 419. 303. 204.  81.  26.
890. 854. 775. 616. 591. 427. 362. 237. 140.  58.
902. 781. 700. 668. 504. 469. 371. 269. 204.  82.
999. 725. 662. 590. 530. 432. 371. 378. 230.  33.
913. 791. 724. 679. 596. 450. 279. 231. 211.  76.
889. 861. 750. 659. 554. 446. 337. 243. 151.  60.
979. 789. 679. 522. 505. 554. 403. 271. 191.  57.
996. 909. 767. 648. 586. 449. 313. 188.  78.  16.
964. 686. 617. 665. 613. 391. 332. 305. 302.  75.
961. 782. 694. 671. 593. 439. 323. 279. 144.  64.
945. 931. 800. 723. 582. 377. 284. 179.  97.  32.
939. 807. 813. 691. 505. 470. 292. 228. 137.  68.
980. 884. 799. 740. 536. 418. 294. 182.  92.  25.
928. 895. 734. 641. 538. 466. 343. 253. 105.  47.
968. 866. 732. 600. 577. 466. 379. 216. 102.  44.
903. 819. 768. 638. 543. 461. 348. 242. 157.  71.
930. 770. 816. 675. 515. 464. 330. 222. 183.  45.
897. 831. 715. 683. 546. 446. 331. 270. 170.  61.
398. 423. 442. 553. 507. 768. 663. 929. 260.   7.
