633. 970. 733. 637. 576. 461. 387. 271. 229.  53.
 482.  436.  461.  561.  551.  708. 1325.  426.    0.    0.
 482.  583. 1035.  761.  613.  517.  379.  295.  199.   86.
387. 407. 480. 423. 470. 495. 996. 917. 369.   6.
377. 382. 464. 504. 558. 569. 974. 917. 198.   7.
 396.  409.  466.  435.  479.  590. 1023.  914.  234.    4.
441. 448. 519. 696. 874. 732. 478. 522. 229.  11.
 378.  438.  452.  439.  529.  497. 1100.  806.  297.   14.
379. 435. 453. 484. 524. 560. 944. 925. 230.  16.
398. 413. 474. 492. 957. 910. 517. 434. 355.   0.
 424.  444.  464.  551. 1223.  675.  464.  420.  285.    0.
 393.  407.  518.  528. 1092.  666.  506.  401.  439.    0.
412. 451. 477. 541. 971. 645. 502. 330. 621.   0.
 397.  478.  461.  508. 1164.  692.  471.  411.  368.    0.
 372.  411.  441.  502.  518.  521. 1051.  887.  229.   18.
415. 456. 780. 975. 603. 520. 443. 327. 247. 184.
