 470.  531.  607.  860. 1016.  613.  425.  352.   76.    0.
 817. 1033.  869.  678.  555.  464.  285.  170.   70.    9.
683. 663. 740. 906. 659. 642. 551. 106.   0.   0.
838. 865. 688. 650. 541. 448. 363. 301. 193.  63.
819. 894. 675. 581. 517. 448. 445. 309. 194.  68.
 669. 1014.  781.  687.  582.  447.  335.  254.  138.   43.
901. 919. 658. 544. 512. 500. 459. 279. 152.  26.
768. 894. 769. 610. 550. 464. 340. 309. 188.  58.
868. 785. 696. 580. 509. 470. 393. 359. 236.  54.
857. 996. 834. 717. 544. 363. 316. 199.  80.  44.
809. 794. 694. 625. 588. 461. 329. 326. 249.  75.
817. 863. 664. 591. 504. 499. 375. 350. 214.  73.
891. 827. 773. 634. 549. 469. 393. 219. 140.  55.
841. 930. 795. 656. 563. 455. 323. 254. 122.  11.
851. 802. 745. 627. 533. 505. 366. 243. 213.  65.
810. 893. 776. 692. 619. 429. 339. 244. 118.  30.
814. 848. 684. 554. 520. 467. 456. 335. 199.  73.
726. 880. 822. 614. 490. 549. 312. 316. 214.  27.
878. 746. 638. 627. 533. 493. 360. 332. 214. 129.
836. 928. 839. 618. 517. 493. 330. 193. 153.  43.
927. 914. 813. 692. 625. 383. 291. 178.  97.  30.
987. 979. 788. 596. 503. 468. 347. 179.  87.  16.
666. 950. 796. 661. 546. 480. 389. 254. 150.  58.
818. 951. 749. 554. 516. 460. 452. 253. 141.  56.
 586. 1070.  766.  664.  568.  488.  342.  290.  142.   34.
703. 700. 621. 613. 628. 623. 561. 457.  44.   0.
896. 859. 763. 645. 560. 448. 341. 248. 148.  42.
818. 840. 723. 710. 600. 493. 335. 280. 139.  12.
770. 640. 581. 614. 605. 515. 475. 376. 374.   0.
