478. 682. 924. 709. 685. 505. 305. 241. 258. 163.
513. 906. 763. 555. 487. 501. 497. 378. 241. 109.
806. 924. 752. 710. 516. 462. 344. 236. 137.  63.
456. 697. 878. 653. 595. 560. 294. 317. 258. 242.
379. 415. 487. 471. 578. 599. 908. 894. 219.   0.
 441.  437.  485.  517.  595.  700. 1312.  463.    0.    0.
 438.  440.  480.  505.  598.  696. 1336.  457.    0.    0.
 444.  482.  465.  507.  611.  732. 1252.  457.    0.    0.
 433.  451.  468.  520.  573.  741. 1301.  463.    0.    0.
 449.  448.  491.  517.  581.  712. 1294.  458.    0.    0.
 467.  448.  480.  539.  618.  700. 1320.  378.    0.    0.
465. 411. 944. 712. 504. 469. 439. 362. 330. 314.
962. 852. 760. 660. 574. 430. 314. 253. 125.  20.
912. 795. 770. 653. 621. 383. 353. 231. 175.  57.
1015.  958.  884.  700.  564.  380.  213.  135.   85.   16.
1003.  971.  829.  676.  511.  410.  270.  158.   87.   35.
433. 491. 948. 680. 627. 550. 315. 410. 200. 296.
950. 739. 635. 630. 566. 435. 362. 290. 269.  74.
893. 830. 758. 624. 510. 498. 354. 270. 143.  70.
968. 893. 780. 713. 560. 393. 324. 208.  91.  20.
934. 823. 741. 699. 498. 472. 347. 248. 141.  47.
399. 457. 481. 901. 693. 536. 484. 435. 315. 249.
936. 777. 679. 606. 583. 425. 400. 272. 190.  82.
970. 829. 758. 639. 493. 489. 387. 232. 115.  38.
900. 788. 759. 593. 566. 432. 382. 288. 162.  80.
950. 878. 715. 677. 549. 468. 336. 218. 132.  27.
 439.  456. 1080.  719.  540.  469.  444.  428.  210.  165.
952. 812. 732. 646. 549. 497. 337. 220. 141.  64.
893. 790. 706. 679. 614. 413. 294. 272. 213.  76.
986. 896. 833. 714. 531. 412. 260. 169.  96.  53.
945. 838. 731. 584. 498. 484. 385. 267. 180.  38.
416. 459. 942. 880. 663. 514. 396. 302. 187. 191.
965. 850. 735. 667. 564. 420. 366. 259. 110.  14.
936. 776. 766. 667. 587. 395. 355. 253. 162.  53.
987. 895. 757. 674. 533. 492. 314. 181.  88.  29.
956. 801. 781. 649. 546. 498. 278. 260. 141.  40.
422. 467. 959. 842. 523. 482. 436. 294. 278. 247.
916. 794. 734. 620. 544. 480. 346. 264. 188.  64.
904. 794. 656. 562. 487. 494. 420. 314. 220.  99.
889. 865. 778. 661. 571. 417. 344. 234. 136.  55.
921. 749. 768. 656. 518. 482. 328. 251. 224.  53.
 384.  437.  439. 1119.  760.  592.  395.  268.  279.  277.
