419. 460. 487. 547. 630. 997. 942. 439.  29.   0.
 498.  466.  467.  535.  623.  737. 1172.  452.    0.    0.
 438.  450.  470.  507.  582.  742. 1319.  442.    0.    0.
 458.  442.  485.  519.  569.  727. 1288.  462.    0.    0.
 433.  455.  472.  512.  576.  712. 1339.  451.    0.    0.
 426.  456.  480.  491.  566.  744. 1341.  446.    0.    0.
 456.  474.  492.  521.  564.  701. 1287.  455.    0.    0.
 418.  468.  468.  494.  611.  722. 1285.  484.    0.    0.
 483.  541.  512.  497.  574.  733. 1199.  411.    0.    0.
 443.  426.  472.  542.  592.  678. 1351.  446.    0.    0.
 407.  460.  483.  508.  584.  729. 1319.  460.    0.    0.
388. 421. 475. 527. 660. 967. 719. 587. 183.  23.
 478.  488.  525.  593. 1252.  743.  414.  295.  162.    0.
397. 424. 447. 588. 635. 793. 612. 679. 301.  74.
531. 522. 682. 997. 694. 466. 398. 299. 248. 113.
485. 885. 886. 614. 577. 485. 371. 279. 248. 120.
494. 972. 946. 736. 602. 474. 321. 194. 153.  58.
563. 803. 989. 774. 657. 461. 384. 172. 110.  37.
521. 753. 916. 785. 669. 565. 350. 240. 136.  15.
5.090e+02 4.780e+02 6.120e+02 6.540e+02 7.760e+02 1.257e+03 6.630e+02
 1.000e+00 0.000e+00 0.000e+00
 438.  626.  921. 1076.  923.  488.  255.  205.   18.    0.
 451.  710. 1021. 1011.  811.  439.  274.  163.   70.    0.
 454.  588.  927. 1113.  826.  507.  299.  161.   75.    0.
 460.  546.  900. 1010.  865.  509.  261.  303.   96.    0.
 430.  668.  882. 1111.  854.  477.  298.  206.   24.    0.
 441.  692.  845. 1158.  922.  432.  293.  125.   42.    0.
423. 391. 432. 428. 418. 533. 967. 717. 537. 104.
472. 773. 866. 706. 575. 520. 413. 271. 135. 219.
 442.  500. 1103.  715.  486.  485.  445.  357.  285.  132.
 415.  483. 1082.  710.  606.  498.  391.  286.  283.  196.
 450.  456. 1137.  672.  564.  499.  422.  335.  265.  150.
 429.  454. 1118.  747.  686.  536.  322.  229.  240.  189.
 447.  476. 1121.  711.  652.  493.  345.  323.  181.  201.
 426.  484. 1174.  797.  642.  470.  375.  294.  116.  172.
 423.  485. 1158.  665.  506.  491.  458.  344.  271.  149.
 411.  479. 1071.  657.  530.  448.  448.  365.  269.  272.
 431.  506. 1047.  556.  479.  449.  402.  444.  327.  309.
 455.  515. 1089.  718.  635.  493.  357.  327.  235.  126.
 420.  467. 1145.  725.  607.  472.  419.  301.  176.  218.
 434.  441. 1182.  749.  625.  508.  371.  301.  210.  129.
 435.  455. 1119.  764.  658.  480.  379.  242.  207.  211.
 408.  455. 1072.  712.  578.  495.  410.  305.  243.  272.
 459.  513. 1033.  638.  546.  466.  399.  369.  298.  229.
 420.  481. 1115.  735.  546.  474.  440.  317.  239.  183.
 446.  436. 1146.  732.  607.  505.  338.  370.  182.  188.
 446.  516. 1052.  728.  620.  485.  349.  278.  257.  219.
 422.  488. 1072.  712.  493.  450.  456.  312.  253.  292.
 457.  441. 1177.  802.  646.  447.  364.  297.  175.  144.
 438.  482. 1192.  832.  627.  487.  377.  201.  143.  171.
 428.  482. 1194.  866.  595.  481.  398.  197.  177.  132.
 425.  445. 1118.  665.  593.  493.  345.  398.  187.  281.
 429.  460. 1209.  666.  556.  481.  382.  373.  203.  191.
 461.  482. 1094.  754.  622.  496.  372.  279.  184.  206.
916. 803. 603. 586. 559. 447. 394. 309. 227. 106.
 401.  480.  458. 1043.  852.  574.  443.  305.  202.  192.
336. 391. 448. 486. 493. 514. 973. 686. 538.  85.
393. 435. 409. 488. 972. 482. 477. 545. 385. 364.
395. 446. 441. 451. 912. 563. 444. 451. 415. 432.
 338.  388.  458.  425.  466.  545.  819. 1029.  396.   86.
 350.  372.  406.  505.  504.  484.  872. 1025.  358.   74.
380. 475. 451. 883. 700. 527. 479. 367. 341. 347.
1021.  896.  801.  718.  489.  378.  289.  181.  114.   63.
945. 932. 870. 657. 576. 411. 258. 163.  89.  49.
401. 377. 451. 953. 827. 576. 476. 342. 271. 276.
 388.  417.  483. 1057.  848.  603.  427.  374.  200.  153.
376. 480. 507. 830. 667. 448. 463. 421. 406. 352.
387. 456. 455. 922. 747. 495. 522. 375. 282. 309.
876. 754. 734. 636. 623. 405. 348. 264. 181. 129.
 511. 1031. 1003.  798.  704.  581.  292.   30.    0.    0.
415. 454. 905. 758. 533. 466. 446. 310. 337. 326.
422. 441. 995. 796. 570. 488. 459. 242. 233. 304.
 409.  456. 1006.  783.  626.  499.  351.  337.  278.  205.
413. 464. 966. 839. 619. 468. 445. 315. 211. 210.
918. 912. 785. 666. 548. 427. 359. 191.  99.  45.
 689. 1058.  793.  640.  581.  428.  367.  233.  110.   51.
424. 847. 895. 769. 789. 675. 427. 124.   0.   0.
 591. 1043.  800.  676.  575.  467.  333.  252.  175.   38.
 549. 1004.  793.  624.  569.  485.  391.  320.  153.   62.
483. 747. 915. 862. 695. 660. 448. 140.   0.   0.
734. 856. 641. 610. 561. 436. 357. 354. 254. 147.
 704. 1034.  599.  476.  417.  442.  479.  499.  229.   71.
 563. 1008.  811.  610.  532.  490.  424.  280.  187.   45.
412. 424. 786. 886. 581. 513. 450. 294. 296. 308.
 407.  431. 1086.  773.  567.  515.  412.  270.  239.  250.
940. 890. 855. 563. 580. 374. 335. 218. 120.  75.
 447.  498.  490.  555.  590.  728. 1223.  419.    0.    0.
 429.  434.  490.  522.  582.  703. 1324.  466.    0.    0.
