 440.  490.  535.  643.  690. 1074.  990.   88.    0.    0.
 467.  491.  544.  602.  667. 1158.  940.   81.    0.    0.
 444.  510.  577.  627.  600. 1181.  826.  185.    0.    0.
 467.  462.  578.  580.  628. 1197.  836.  202.    0.    0.
 457.  515.  620.  641.  576. 1149.  811.  181.    0.    0.
 504.  518.  542.  586.  620. 1167.  905.  108.    0.    0.
 457.  456.  566.  620.  692. 1226.  858.   75.    0.    0.
 467.  468.  551.  603.  659. 1161.  793.  248.    0.    0.
484. 535. 550. 624. 697. 993. 974.  93.   0.   0.
 513.  494.  535.  570.  581. 1188.  961.  108.    0.    0.
964. 887. 788. 743. 587. 383. 268. 199. 113.  18.
 472.  646. 1028.  925.  643.  523.  356.  235.   98.   24.
508. 553. 968. 853. 721. 494. 338. 256. 187.  72.
524. 625. 871. 879. 590. 522. 372. 313. 182.  72.
530. 677. 841. 750. 641. 469. 384. 343. 248.  67.
522. 618. 979. 841. 639. 524. 348. 275. 180.  24.
536. 644. 973. 917. 664. 478. 344. 255. 115.  24.
515. 709. 943. 749. 579. 546. 449. 295. 153.  12.
891. 871. 674. 615. 484. 490. 397. 298. 186.  44.
567. 510. 919. 855. 707. 502. 361. 237. 248.  44.
 486.  578. 1035.  865.  626.  521.  388.  263.  161.   27.
 488.  597. 1023.  929.  687.  470.  364.  229.  118.   45.
 472.  603. 1067.  838.  628.  515.  418.  234.  121.   54.
547. 757. 841. 654. 541. 540. 481. 381. 172.  36.
 510.  675. 1071.  776.  600.  519.  376.  261.  142.   20.
 508.  638. 1155.  887.  669.  481.  311.  198.   95.    8.
 420.  586.  557.  596. 1028. 1059.  515.  161.   28.    0.
 419.  571.  457.  592.  887. 1108.  572.  275.   69.    0.
353. 353. 862. 755. 800. 815. 685. 327.   0.   0.
337. 350. 973. 837. 917. 713. 569. 254.   0.   0.
794. 874. 746. 551. 553. 463. 415. 302. 189.  63.
894. 896. 728. 646. 524. 479. 369. 239. 120.  55.
955. 799. 741. 707. 609. 406. 284. 262. 179.   8.
891. 836. 730. 626. 521. 462. 360. 261. 172.  91.
913. 839. 784. 622. 547. 457. 358. 246. 145.  39.
897. 820. 738. 619. 527. 455. 419. 227. 187.  61.
891. 903. 779. 665. 543. 452. 323. 232. 100.  62.
923. 779. 750. 572. 554. 426. 378. 338. 180.  50.
955. 753. 609. 650. 560. 413. 325. 341. 236. 108.
951. 800. 666. 626. 552. 434. 379. 310. 194.  38.
1048.  860.  815.  718.  573.  414.  199.  167.  125.   31.
