 388.  437.  465.  521.  515.  545. 1017.  456.  514.   92.
363. 824. 927. 812. 742. 601. 418. 218.  43.   2.
369. 806. 887. 735. 656. 546. 443. 351. 141.  16.
352. 806. 863. 789. 740. 595. 462. 284.  54.   5.
343. 789. 883. 847. 756. 606. 405. 234.  82.   5.
 571.  513.  542.  541.  799. 1192.  572.  220.    0.    0.
383. 746. 867. 779. 748. 867. 408. 152.   0.   0.
362. 631. 846. 960. 775. 623. 377. 247. 129.   0.
 406.  445.  474.  473.  570.  605. 1060.  778.  135.    4.
450. 447. 495. 616. 724. 833. 751. 458. 176.   0.
452. 479. 563. 645. 944. 803. 476. 350. 238.   0.
470. 518. 704. 667. 727. 560. 584. 390. 328.   2.
 487.  502.  572. 1285.  739.  530.  394.  224.  179.   38.
 486.  877. 1000.  680.  570.  512.  350.  302.  124.   49.
480. 600. 982. 754. 627. 500. 437. 310. 217.  43.
 448.  460.  527.  773. 1071.  772.  454.  306.  139.    0.
421. 475. 592. 658. 664. 804. 835. 449.  52.   0.
 473.  604.  765. 1087.  721.  604.  455.  190.   51.    0.
 476. 1004.  879.  730.  612.  467.  392.  230.  123.   37.
 503.  514.  441.  573.  850. 1091.  777.  163.   38.    0.
498. 869. 975. 956. 731. 466. 209. 111.  93.  42.
 383.  739.  971. 1010.  791.  513.  291.  178.   74.    0.
547. 584. 734. 925. 700. 500. 516. 279. 165.   0.
506. 560. 652. 970. 730. 573. 432. 332. 187.   8.
522. 608. 621. 849. 694. 463. 476. 428. 251.  38.
453. 511. 621. 955. 815. 627. 447. 338. 141.  42.
 437.  690.  801. 1257.  956.  575.  234.    0.    0.    0.
