 440.  455.  434.  546.  562.  738. 1354.  421.    0.    0.
 428.  483.  491.  529.  587.  728. 1262.  442.    0.    0.
 340.  404.  410.  486.  473.  517.  489. 1367.  391.   73.
 516. 1122.  703.  623.  540.  459.  389.  377.  221.    0.
450. 889. 943. 870. 460. 521. 382. 247. 155.  33.
 245.  756.  817. 1164.  791.  579.  318.  199.   81.    0.
368. 416. 431. 501. 563. 841. 523. 437. 676. 194.
304. 766. 861. 996. 702. 572. 399. 275.  75.   0.
453. 774. 790. 749. 557. 409. 498. 317. 186. 217.
389. 895. 863. 713. 500. 512. 459. 320. 199. 100.
396. 388. 422. 436. 637. 874. 551. 384. 616. 246.
406. 840. 808. 770. 532. 511. 432. 342. 231.  78.
268. 694. 883. 855. 749. 632. 444. 283. 142.   0.
