 379.  408.  422.  467.  423.  454.  789. 1096.  408.  104.
441. 441. 634. 879. 634. 510. 424. 365. 249. 373.
 402.  421.  411.  434. 1084.  748.  459.  342.  350.  299.
708. 653. 616. 587. 596. 524. 457. 395. 373.  41.
423. 459. 440. 787. 741. 559. 418. 447. 336. 340.
538. 515. 661. 706. 922. 883. 588. 134.   3.   0.
 357.  423.  494.  466. 1078.  613.  502.  418.  298.  301.
 360.  402.  406.  413.  480.  483. 1028.  847.  396.  135.
388. 360. 433. 513. 499. 500. 827. 944. 388.  98.
371. 413. 426. 395. 455. 499. 774. 838. 598. 181.
396. 376. 360. 426. 468. 477. 862. 956. 447. 182.
 370.  413.  383.  414.  458.  468.  756. 1133.  408.  147.
919. 874. 742. 657. 539. 459. 368. 218. 128.  46.
908. 854. 728. 584. 550. 455. 395. 257. 167.  52.
940. 844. 736. 680. 563. 447. 323. 235. 140.  42.
884. 860. 730. 619. 533. 457. 361. 283. 140.  83.
895. 857. 714. 606. 524. 474. 383. 278. 149.  70.
985. 934. 771. 679. 546. 460. 317. 187.  60.  11.
 365.  386.  487.  385.  429.  634.  663. 1160.  385.   56.
 432.  411.  699. 1103.  642.  532.  427.  320.  228.  156.
390. 418. 510. 797. 704. 526. 432. 460. 294. 419.
432. 441. 498. 475. 974. 589. 554. 448. 266. 273.
505. 565. 584. 773. 734. 838. 738. 213.   0.   0.
340. 387. 446. 478. 471. 507. 993. 888. 349.  91.
387. 386. 445. 445. 533. 554. 943. 914. 299.  44.
366. 367. 416. 440. 525. 495. 897. 790. 548. 106.
 348.  448.  419.  501.  543.  512.  761. 1000.  367.   51.
 355.  396.  404.  410.  469.  524.  706. 1163.  381.  142.
941. 879. 801. 651. 538. 454. 345. 199. 106.  36.
920. 856. 739. 705. 565. 433. 286. 230. 153.  63.
911. 862. 706. 646. 494. 431. 359. 284. 188.  69.
954. 916. 826. 711. 554. 404. 280. 182.  97.  26.
925. 841. 765. 622. 544. 441. 352. 235. 172.  53.
999. 797. 855. 664. 469. 491. 305. 188. 150.  32.
