 493.  430.  461.  494.  583. 1034. 1035.  420.    0.    0.
442. 438. 473. 536. 640. 885. 950. 586.   0.   0.
 435.  457.  481.  531.  586.  785. 1054.  621.    0.    0.
 490.  499.  556. 1059.  827.  592.  424.  312.  191.    0.
392. 408. 398. 474. 908. 726. 459. 431. 480. 274.
459. 960. 869. 651. 504. 515. 360. 324. 229.  79.
438. 474. 502. 913. 566. 480. 450. 436. 356. 335.
408. 478. 490. 992. 598. 504. 501. 349. 260. 370.
 471.  461.  597.  644. 1044.  637.  658.  279.  139.   20.
 465.  472.  515.  679. 1154.  593.  714.  221.  132.    5.
 448.  538.  596.  598. 1160.  629.  550.  311.  120.    0.
520. 549. 596. 973. 817. 653. 357. 368. 117.   0.
 376.  744.  581.  582.  707. 1038.  603.  255.   64.    0.
 430.  486.  492.  555.  822. 1116.  572.  332.  145.    0.
400. 562. 792. 756. 699. 576. 572. 470. 123.   0.
509. 672. 812. 665. 631. 546. 479. 401. 235.   0.
711. 873. 687. 610. 587. 428. 428. 383. 213.  30.
528. 692. 770. 678. 659. 574. 473. 357. 187.  32.
4.490e+02 1.042e+03 8.560e+02 6.820e+02 6.620e+02 3.920e+02 3.810e+02
 2.870e+02 1.980e+02 1.000e+00
513. 759. 765. 581. 371. 413. 470. 520. 514.  44.
441. 653. 586. 614. 676. 902. 706. 339.  33.   0.
454. 450. 509. 618. 852. 896. 630. 382. 159.   0.
395. 605. 822. 773. 673. 615. 567. 435.  65.   0.
513. 740. 911. 747. 679. 610. 399. 245. 106.   0.
591. 957. 821. 629. 564. 468. 386. 310. 178.  46.
518. 665. 908. 737. 661. 508. 434. 329. 165.  25.
504. 971. 784. 621. 572. 464. 411. 320. 303.   0.
495. 849. 890. 694. 516. 523. 422. 319. 228.  14.
 377.  611.  617.  627.  776. 1056.  613.  229.   44.    0.
 444.  445.  490.  620.  782. 1036.  618.  401.  114.    0.
431. 572. 796. 812. 619. 613. 600. 425.  82.   0.
560. 735. 764. 646. 564. 535. 451. 499. 196.   0.
639. 984. 818. 744. 613. 422. 325. 218. 156.  31.
541. 630. 915. 698. 637. 568. 464. 327. 151.  19.
 484. 1009.  806.  691.  607.  497.  357.  361.  138.    0.
426. 743. 844. 820. 566. 529. 442. 303. 244.  33.
351. 660. 579. 623. 728. 977. 659. 319.  54.   0.
 504.  432.  443.  576.  834. 1044.  453.  429.  235.    0.
485. 611. 666. 588. 528. 478. 549. 758. 287.   0.
505. 752. 790. 703. 666. 547. 519. 344. 124.   0.
656. 854. 719. 698. 627. 448. 331. 302. 233.  82.
529. 771. 951. 748. 628. 484. 395. 266. 153.  25.
 543. 1086.  738.  623.  558.  491.  471.  287.  153.    0.
424. 747. 891. 723. 559. 517. 439. 305. 334.  11.
400. 416. 487. 563. 851. 866. 508. 531. 265.  63.
411. 451. 539. 463. 786. 716. 511. 709. 336.  28.
399. 447. 520. 526. 750. 713. 565. 670. 306.  54.
 448.  631.  667. 1008.  811.  575.  421.  309.   80.    0.
 407.  565.  511.  644.  670. 1043.  697.  355.   58.    0.
 429.  488.  454.  556.  713. 1140.  622.  417.  131.    0.
556. 727. 724. 688. 679. 598. 360. 375. 243.   0.
613. 775. 679. 624. 642. 500. 399. 389. 266.  63.
 595.  860. 1022.  764.  620.  450.  342.  200.   92.    5.
640. 904. 636. 673. 521. 449. 409. 386. 235.  97.
507. 734. 822. 527. 525. 512. 528. 443. 310.  42.
482. 871. 822. 703. 648. 459. 380. 291. 225.  69.
 410.  579.  633.  579.  604. 1175.  684.  263.   23.    0.
453. 484. 499. 580. 616. 955. 677. 567. 119.   0.
514. 684. 970. 723. 622. 529. 408. 340. 160.   0.
607. 832. 864. 659. 596. 524. 412. 228. 196.  32.
548. 775. 873. 730. 590. 462. 385. 348. 196.  43.
609. 934. 710. 610. 546. 479. 421. 377. 204.  60.
437. 745. 863. 685. 637. 485. 430. 343. 275.  50.
534. 893. 688. 575. 470. 473. 480. 436. 349.  52.
 444.  615.  565.  597.  534. 1185.  725.  270.   15.    0.
 424.  470.  494.  557.  692. 1186.  615.  425.   87.    0.
535. 775. 891. 677. 586. 527. 443. 330. 186.   0.
667. 710. 715. 554. 541. 517. 498. 332. 362.  54.
570. 765. 755. 661. 570. 472. 393. 391. 295.  78.
 560. 1057.  880.  726.  512.  467.  339.  222.  134.   53.
539. 772. 754. 660. 683. 468. 321. 289. 407.  57.
509. 946. 781. 612. 595. 523. 489. 333. 139.  23.
 405.  579.  618.  590.  662. 1128.  663.  280.   25.    0.
439. 480. 511. 531. 666. 893. 744. 541. 145.   0.
601. 761. 927. 882. 630. 506. 355. 172. 116.   0.
613. 849. 895. 657. 609. 524. 413. 256. 112.  22.
535. 726. 880. 712. 571. 453. 401. 363. 261.  48.
612. 947. 716. 674. 591. 503. 360. 304. 203.  40.
454. 785. 867. 696. 574. 500. 484. 356. 207.  27.
469. 889. 845. 702. 641. 432. 406. 296. 205.  65.
