435. 516. 560. 630. 915. 722. 590. 420. 162.   0.
511. 583. 670. 854. 968. 885. 456.  23.   0.   0.
 524.  641.  624. 1077.  843.  610.  404.  171.   56.    0.
 435.  492.  553.  709. 1061.  741.  508.  387.   64.    0.
515. 561. 592. 889. 948. 776. 623.  46.   0.   0.
 518.  642.  647. 1089.  899.  557.  362.  199.   37.    0.
 501.  648.  571.  868. 1072.  653.  413.  196.   28.    0.
426. 537. 565. 714. 794. 817. 596. 324. 133.  44.
406. 487. 424. 503. 494. 879. 469. 573. 683.  32.
406. 431. 484. 529. 440. 904. 615. 568. 556.  17.
459. 658. 926. 681. 583. 446. 373. 317. 307. 200.
720. 901. 795. 679. 597. 455. 334. 169. 205.  95.
885. 871. 764. 652. 530. 463. 352. 204. 166.  63.
887. 854. 741. 620. 529. 459. 384. 273. 143.  60.
873. 879. 776. 645. 537. 447. 388. 200. 121.  84.
909. 868. 753. 642. 559. 448. 350. 254. 123.  44.
929. 856. 794. 686. 589. 409. 305. 202. 135.  45.
983. 824. 717. 598. 549. 463. 399. 256. 133.  28.
926. 865. 765. 674. 565. 412. 334. 241. 129.  39.
885. 831. 664. 626. 512. 450. 380. 284. 198. 120.
932. 925. 782. 664. 537. 430. 345. 206. 108.  21.
485. 563. 566. 695. 889. 762. 602. 299.  88.   1.
 561.  806. 1075.  754.  630.  454.  319.  208.  106.   37.
339. 610. 888. 925. 878. 699. 406. 194.  11.   0.
 368.  630.  835. 1013.  931.  601.  305.  221.   46.    0.
 430.  859. 1101. 1087.  703.  447.  205.   96.   22.    0.
 389.  678. 1004. 1165.  718.  594.  291.  105.    6.    0.
 357.  820. 1113.  950.  742.  544.  259.  125.   37.    3.
 596.  814.  968. 1006.  651.  380.  275.  191.   67.    2.
 371.  584.  806. 1097.  916.  557.  326.  214.   79.    0.
 399.  754. 1058. 1025.  973.  499.  149.   91.    2.    0.
765. 921. 773. 646. 571. 438. 373. 256. 144.  63.
778. 856. 694. 632. 503. 453. 340. 279. 264. 151.
1025.  871.  718.  645.  567.  465.  367.  211.   70.   11.
959. 796. 711. 640. 540. 437. 361. 292. 189.  25.
899. 757. 659. 610. 532. 436. 382. 366. 192. 117.
958. 839. 833. 679. 537. 473. 272. 216. 125.  18.
1030.  907.  846.  683.  526.  399.  231.  191.  122.   15.
935. 879. 744. 643. 550. 453. 349. 235. 124.  38.
968. 798. 660. 635. 512. 428. 427. 326. 170.  26.
 381.  393.  487.  457.  539.  577. 1073.  789.  254.    0.
