282. 703. 683. 660. 811. 852. 634. 325.   0.   0.
376. 719. 742. 568. 599. 577. 490. 440. 327. 112.
248. 627. 614. 674. 837. 945. 750. 255.   0.   0.
248. 575. 673. 680. 825. 654. 684. 386. 161.  64.
 247.  514.  736. 1014.  770.  684.  554.  239.  159.   33.
220. 619. 891. 842. 894. 741. 412. 224.  87.  20.
240. 591. 624. 961. 795. 591. 525. 297. 269.  57.
511. 814. 951. 601. 536. 491. 345. 365. 175. 161.
 475.  440.  463.  518.  489.  671. 1117.  777.    0.    0.
479. 922. 715. 670. 575. 529. 348. 290. 283. 139.
435. 463. 602. 811. 864. 608. 465. 417. 242.  43.
 508.  564.  808. 1077.  654.  503.  437.  206.  143.   50.
 484.  437.  465.  515.  778. 1082.  779.  375.   35.    0.
 485.  915. 1064. 1084.  554.  389.  275.  111.   73.    0.
443. 499. 479. 579. 637. 947. 735. 530. 101.   0.
461. 500. 489. 546. 628. 958. 673. 620.  75.   0.
 430.  523.  611. 1078.  697.  583.  424.  318.  247.   39.
478. 480. 509. 528. 591. 838. 615. 734. 177.   0.
 342.  784. 1026. 1018.  901.  652.  207.   20.    0.    0.
 429.  439.  506.  511.  591.  751. 1175.  548.    0.    0.
 441.  428.  488.  565.  551.  796. 1153.  528.    0.    0.
 429.  475.  496.  511.  580.  761. 1389.  309.    0.    0.
 462.  442.  450.  487.  673.  745. 1199.  492.    0.    0.
