 532. 1071.  952.  791.  644.  418.  227.  180.   92.   43.
 480.  486.  452.  493.  564.  689. 1333.  453.    0.    0.
 455.  448.  467.  485.  583.  726. 1285.  501.    0.    0.
 452.  452.  470.  487.  573.  744. 1291.  481.    0.    0.
 456.  439.  454.  530.  567.  737. 1248.  519.    0.    0.
 422.  451.  480.  524.  569.  750. 1286.  468.    0.    0.
440. 590. 719. 922. 746. 598. 483. 326. 126.   0.
 475.  611. 1088.  845.  602.  452.  353.  308.  155.   61.
 442.  424.  474.  522.  596.  748. 1288.  456.    0.    0.
 472.  444.  491.  499.  583.  685. 1345.  431.    0.    0.
 438.  448.  499.  503.  595.  711. 1309.  447.    0.    0.
 454.  471.  484.  507.  605.  743. 1289.  397.    0.    0.
