 455.  462.  467.  495.  623.  721. 1266.  461.    0.    0.
 718. 1028.  771.  635.  566.  471.  365.  241.  118.   37.
751. 959. 774. 652. 550. 446. 317. 288. 140.  73.
 389.  402.  415.  486. 1021.  711.  522.  414.  375.  215.
 511. 1060.  683.  596.  533.  430.  435.  325.  217.  160.
920. 849. 724. 614. 530. 481. 353. 297. 153.  29.
902. 816. 653. 695. 516. 467. 337. 318. 174.  72.
918. 774. 608. 645. 511. 449. 353. 385. 228.  79.
998. 850. 805. 687. 522. 441. 268. 249. 117.  13.
940. 867. 743. 669. 564. 449. 315. 262. 118.  23.
928. 903. 816. 667. 584. 393. 331. 167. 115.  46.
959. 879. 751. 736. 543. 425. 265. 221. 138.  33.
933. 781. 613. 571. 489. 447. 407. 382. 250.  77.
897. 843. 755. 640. 512. 480. 368. 243. 159.  53.
943. 870. 736. 653. 549. 424. 330. 247. 145.  53.
905. 857. 787. 624. 558. 447. 360. 243.  97.  72.
