 434.  461.  498.  756. 1092.  672.  500.  381.  156.    0.
423. 890. 865. 660. 584. 480. 386. 322. 232. 108.
421. 511. 442. 722. 937. 673. 443. 440. 359.   2.
412. 840. 810. 648. 575. 453. 394. 327. 255. 236.
 452.  497.  516.  567.  959. 1026.  521.  294.  118.    0.
434. 868. 836. 607. 596. 456. 359. 380. 257. 157.
427. 873. 907. 707. 584. 460. 364. 287. 156. 185.
500. 852. 820. 547. 528. 484. 454. 390. 264. 111.
450. 821. 905. 721. 525. 456. 423. 287. 214. 148.
413. 847. 854. 649. 601. 459. 372. 322. 269. 164.
426. 885. 898. 720. 604. 508. 367. 246. 172. 124.
395. 415. 477. 504. 587. 911. 608. 485. 568.   0.
 422.  445.  527. 1010.  683.  601.  444.  392.  313.  113.
 373.  419.  418.  378.  401.  672. 1028.  620.  510.  131.
348. 423. 429. 437. 473. 585. 900. 584. 682.  89.
384. 391. 390. 414. 478. 609. 881. 528. 774. 101.
359. 365. 432. 439. 468. 622. 832. 560. 704. 169.
438. 830. 854. 648. 535. 475. 413. 320. 234. 203.
463. 887. 790. 637. 514. 431. 383. 356. 305. 184.
448. 827. 789. 623. 528. 449. 400. 331. 290. 265.
462. 795. 848. 565. 501. 449. 369. 380. 263. 318.
453. 788. 847. 593. 550. 427. 441. 327. 319. 205.
448. 838. 881. 719. 609. 458. 356. 264. 265. 112.
428. 862. 822. 631. 490. 459. 463. 354. 239. 202.
447. 842. 855. 697. 593. 473. 380. 274. 232. 157.
 397.  449.  516. 1067.  646.  517.  466.  281.  303.  308.
 397.  452.  486. 1228.  690.  553.  416.  329.  248.  151.
 501. 1070.  770.  612.  521.  460.  443.  314.  220.   39.
 521. 1056.  722.  591.  522.  489.  379.  349.  211.  110.
426. 480. 793. 718. 559. 461. 440. 358. 355. 360.
407. 412. 884. 924. 634. 480. 491. 291. 205. 222.
425. 488. 798. 782. 432. 403. 508. 351. 376. 387.
396. 488. 864. 758. 603. 518. 386. 416. 338. 183.
