 420.  462.  494.  535.  574.  725. 1290.  450.    0.    0.
340. 819. 740. 811. 749. 802. 520. 169.   0.   0.
421. 504. 572. 792. 876. 631. 467. 467. 220.   0.
702. 774. 732. 636. 604. 539. 424. 357. 182.   0.
777. 757. 678. 714. 657. 521. 388. 341. 117.   0.
454. 466. 512. 559. 629. 933. 837. 527.  33.   0.
800. 848. 728. 633. 588. 447. 342. 266. 211.  87.
 674. 1143.  858.  702.  580.  444.  280.  154.   82.   33.
426. 848. 745. 824. 748. 502. 473. 293.  91.   0.
439. 838. 868. 897. 580. 513. 543. 272.   0.   0.
444. 784. 699. 587. 584. 636. 642. 515.  59.   0.
