 497.  635. 1052.  856.  654.  507.  372.  217.  132.   28.
 552.  655. 1073.  813.  569.  454.  329.  290.  195.   20.
503. 719. 966. 759. 612. 508. 399. 302. 152.  30.
 567.  938. 1095.  789.  674.  445.  321.   73.   48.    0.
 478.  679.  705. 1020.  719.  606.  400.  245.   92.    6.
 583. 1063.  932.  747.  638.  466.  252.  171.   88.   10.
445. 548. 783. 768. 982. 795. 421. 162.  46.   0.
466. 534. 590. 712. 951. 871. 646. 167.  13.   0.
696. 869. 850. 599. 603. 491. 415. 264. 151.  12.
853. 830. 608. 603. 541. 408. 404. 400. 232.  71.
552. 794. 861. 659. 596. 535. 367. 290. 216.  80.
 421.  508.  602.  619.  865. 1014.  629.  292.    0.    0.
 238.  877. 1009. 1019.  893.  539.  269.  106.    0.    0.
266. 707. 900. 949. 928. 765. 380.  55.   0.   0.
 449.  578.  828. 1172.  867.  484.  387.  174.   11.    0.
 647. 1038.  813.  669.  558.  463.  352.  250.  139.   21.
681. 964. 739. 680. 580. 417. 370. 301. 171.  47.
 454.  450.  469.  495.  583.  736. 1312.  451.    0.    0.
 456.  475.  456.  518.  608.  728. 1266.  443.    0.    0.
481. 789. 829. 731. 634. 650. 584. 252.   0.   0.
 397.  477.  748. 1031.  652.  596.  424.  297.  267.   61.
605. 979. 771. 671. 551. 457. 339. 273. 270.  34.
541. 586. 816. 778. 536. 511. 553. 420. 209.   0.
467. 558. 620. 764. 804. 677. 574. 333. 143.  10.
 457.  483.  499.  753. 1169.  646.  432.  282.  191.   38.
 527.  555.  730. 1192.  736.  565.  400.  199.   44.    2.
462. 568. 649. 849. 913. 780. 328. 334.  67.   0.
 489.  494.  557.  601.  746. 1022.  789.  250.    2.    0.
433. 473. 465. 544. 711. 709. 568. 639. 408.   0.
475. 566. 598. 622. 890. 950. 555. 285.   9.   0.
588. 653. 635. 692. 782. 667. 591. 325.  17.   0.
552. 886. 755. 782. 757. 376. 316. 369. 157.   0.
490. 755. 822. 811. 770. 679. 437. 177.   9.   0.
532. 524. 669. 698. 974. 881. 322. 286.  64.   0.
 464.  552.  532.  537.  694. 1144.  949.   78.    0.    0.
438. 570. 661. 764. 930. 888. 481. 201.  17.   0.
 439.  815.  931. 1028.  733.  597.  321.   86.    0.    0.
439. 523. 589. 612. 779. 994. 490. 328. 145.  51.
 517.  672. 1206.  700.  650.  459.  360.  203.  156.   27.
428. 454. 549. 925. 786. 544. 597. 453. 176.  38.
828. 820. 647. 677. 573. 413. 346. 344. 231.  71.
618. 805. 756. 669. 565. 491. 375. 326. 215. 130.
 641.  936. 1033.  792.  612.  426.  254.  152.   85.   19.
391. 579. 886. 703. 601. 621. 537. 516. 116.   0.
 441.  459.  471.  508.  601. 1005.  930.  426.   98.   11.
 450.  561. 1098.  695.  590.  498.  426.  345.  251.   36.
390. 648. 904. 852. 803. 887. 344. 108.  14.   0.
456. 617. 755. 888. 614. 500. 451. 432. 237.   0.
513. 586. 781. 855. 883. 685. 469. 159.  19.   0.
642. 879. 701. 691. 621. 447. 340. 303. 239.  87.
 454.  467.  482.  507.  665. 1153.  896.  303.   23.    0.
532. 663. 879. 707. 579. 479. 452. 311. 238. 110.
908. 792. 715. 676. 566. 461. 307. 277. 171.  77.
 447.  469.  488.  528.  615.  754. 1150.  499.    0.    0.
 469.  413.  474.  543.  644.  878. 1100.  429.    0.    0.
 449.  405.  499.  536.  572.  785. 1317.  387.    0.    0.
 431.  458.  464.  556.  608.  762. 1073.  598.    0.    0.
451. 595. 769. 997. 716. 574. 399. 407.  42.   0.
 500.  640.  819. 1004.  694.  613.  533.  128.   19.    0.
521. 493. 456. 612. 734. 584. 654. 825.  71.   0.
370. 883. 746. 654. 603. 548. 478. 442. 226.   0.
 484.  480.  470.  462.  526.  709. 1385.  434.    0.    0.
 458.  461.  432.  529.  579.  748. 1299.  444.    0.    0.
501. 587. 792. 894. 709. 492. 440. 332. 190.  13.
439. 569. 959. 873. 626. 577. 351. 310. 207.  39.
467. 571. 649. 824. 668. 595. 520. 381. 226.  49.
488. 586. 747. 758. 941. 727. 478. 207.  18.   0.
372. 518. 995. 909. 741. 741. 471. 143.  58.   2.
474. 463. 595. 586. 625. 995. 749. 273. 181.   9.
426. 637. 927. 866. 661. 483. 433. 338. 152.  27.
 500.  778. 1065.  802.  655.  472.  321.  204.  121.   32.
546. 834. 947. 761. 613. 523. 406. 227.  87.   6.
686. 777. 720. 635. 513. 466. 451. 336. 251. 115.
 508. 1091.  782.  585.  511.  432.  407.  335.  225.   74.
 479. 1011.  779.  671.  541.  459.  398.  323.  232.   57.
 530.  751. 1032.  640.  561.  522.  443.  320.  146.    5.
552. 877. 661. 604. 591. 373. 437. 413. 436.   6.
 482.  678.  702.  814. 1081.  865.  231.   94.    3.    0.
 482.  472.  475.  466.  582.  712. 1280.  481.    0.    0.
 474.  409.  476.  518.  635.  635. 1378.  425.    0.    0.
473. 544. 546. 966. 965. 560. 520. 357.  19.   0.
522. 602. 844. 843. 595. 512. 423. 395. 180.  34.
475. 477. 760. 871. 672. 535. 395. 354. 348.  63.
 431.  608.  647.  594.  788. 1023.  657.  202.    0.    0.
469. 887. 959. 619. 521. 444. 415. 293. 234. 109.
525. 879. 882. 772. 665. 540. 318. 255. 103.  11.
425. 542. 639. 635. 914. 781. 464. 311. 174.  65.
415. 744. 839. 930. 827. 541. 406. 239.   9.   0.
