 413.  458.  481.  531.  630. 1115.  646.  542.  134.    0.
 422.  474.  494.  541.  606. 1000.  762.  525.  126.    0.
 442.  462.  520.  555.  630. 1043.  714.  506.   78.    0.
887. 754. 723. 463. 334. 564. 491. 359. 291.  84.
845. 684. 494. 497. 551. 396. 279. 570. 596.  38.
740. 897. 792. 725. 692. 420. 339. 258.  83.   4.
790. 946. 831. 564. 588. 481. 388. 241. 101.  20.
506. 725. 861. 948. 602. 619. 467. 222.   0.   0.
1211.  732.  485.  292.  512.  569.  614.  314.  184.   37.
461. 648. 718. 926. 718. 499. 421. 333. 168.  58.
590. 812. 850. 626. 553. 453. 527. 342. 156.  41.
472. 641. 740. 819. 713. 496. 396. 320. 249. 104.
599. 874. 868. 645. 626. 490. 462. 255. 117.  14.
 464.  503.  459.  542.  618.  696. 1249.  419.    0.    0.
 450.  421.  477.  538.  604.  745. 1231.  484.    0.    0.
470. 522. 924. 926. 576. 456. 506. 356. 214.   0.
 434.  478.  478.  504.  536.  750. 1270.  500.    0.    0.
 462.  428.  469.  527.  583.  776. 1177.  528.    0.    0.
489. 520. 865. 943. 545. 519. 403. 427. 239.   0.
