 408.  649.  662.  712. 1037.  839.  557.   86.    0.    0.
 457.  442.  435.  525.  601.  721. 1304.  465.    0.    0.
 467.  425.  485.  500.  595.  690. 1333.  455.    0.    0.
541. 620. 903. 696. 538. 551. 431. 349. 259.  62.
 464.  366.  553.  627.  626.  882. 1017.  327.   88.    0.
787. 912. 735. 702. 566. 433. 275. 273. 192.  75.
788. 743. 696. 639. 570. 552. 432. 325. 182.  23.
526. 658. 939. 808. 692. 527. 327. 276. 172.  25.
867. 959. 716. 641. 574. 484. 398. 213.  78.  20.
733. 817. 743. 670. 552. 513. 411. 258. 208.  45.
883. 837. 752. 687. 564. 438. 309. 267. 170.  43.
627. 841. 835. 715. 529. 498. 358. 283. 234.  30.
846. 875. 749. 641. 574. 438. 349. 274. 132.  72.
862. 904. 700. 653. 499. 490. 436. 283. 107.  16.
 483.  435.  457.  509.  581.  689. 1350.  446.    0.    0.
 483.  474.  463.  488.  535.  690. 1316.  501.    0.    0.
 466.  427.  456.  557.  598.  684. 1331.  431.    0.    0.
 445.  458.  455.  532.  565.  710. 1330.  455.    0.    0.
