 490.  628.  870. 1024.  706.  543.  362.  234.   85.    8.
393. 457. 482. 544. 966. 682. 540. 363. 523.   0.
450. 499. 573. 885. 844. 571. 431. 368. 264.  65.
805. 909. 687. 648. 526. 482. 347. 315. 156.  75.
871. 831. 748. 679. 552. 463. 310. 264. 166.  66.
872. 866. 766. 682. 588. 432. 317. 216. 145.  66.
550. 941. 852. 526. 653. 369. 391. 302. 251. 115.
741. 887. 712. 601. 523. 485. 368. 284. 253.  96.
882. 827. 732. 590. 554. 456. 394. 265. 179.  71.
 488. 1034.  733.  616.  608.  453.  332.  284.  209.  193.
 513. 1075.  719.  509.  493.  444.  404.  380.  249.  164.
 503. 1146.  812.  673.  567.  445.  310.  236.  157.  101.
 514. 1036.  760.  619.  521.  470.  386.  316.  233.   95.
 499. 1131.  792.  728.  521.  485.  332.  217.  172.   73.
 517. 1029.  778.  588.  514.  485.  414.  304.  188.  133.
 495. 1120.  804.  705.  533.  487.  319.  267.  121.   99.
 393.  424.  485. 1115.  741.  557.  417.  374.  247.  197.
408. 459. 991. 836. 649. 507. 394. 340. 169. 197.
 490. 1277.  825.  749.  610.  407.  279.  184.  106.   23.
 438. 1116.  652.  558.  502.  454.  419.  359.  306.  146.
460. 813. 925. 565. 480. 467. 429. 359. 274. 178.
499. 917. 712. 667. 528. 491. 435. 270. 245. 186.
440. 770. 881. 693. 613. 499. 381. 261. 186. 226.
444. 973. 850. 735. 569. 478. 349. 232. 146. 174.
443. 548. 754. 869. 846. 714. 328. 338. 110.   0.
 539. 1172.  783.  611.  528.  460.  371.  293.  158.   35.
 452.  602. 1034.  678.  591.  488.  387.  305.  259.  154.
524. 953. 746. 667. 448. 483. 435. 321. 249. 124.
329. 753. 677. 718. 662. 473. 466. 461. 338.  73.
404. 864. 720. 610. 631. 437. 444. 529. 288.  23.
 340.  749.  974. 1138.  887.  471.  298.   85.    8.    0.
392. 861. 790. 647. 502. 414. 481. 491. 287.  85.
 394.  816. 1066. 1010.  855.  484.  210.   82.   33.    0.
 300.  747.  929. 1073.  839.  584.  335.  134.    9.    0.
390. 757. 738. 758. 779. 525. 413. 352. 200.  38.
335. 936. 798. 548. 510. 412. 451. 427. 401. 132.
 305.  714.  942. 1072.  783.  481.  419.  205.   29.    0.
392. 793. 843. 683. 417. 474. 331. 514. 417.  86.
 315.  613.  817. 1009.  882.  489.  369.  295.  161.    0.
310. 631. 715. 987. 817. 571. 444. 318. 157.   0.
330. 924. 788. 693. 592. 423. 407. 416. 271. 106.
343. 715. 687. 944. 812. 500. 359. 381. 183.  26.
 330.  629.  892. 1070.  906.  597.  324.  160.   42.    0.
382. 893. 886. 645. 492. 445. 469. 493. 207.  38.
373. 723. 741. 802. 774. 492. 409. 420. 198.  18.
 323.  705.  904. 1084.  876.  493.  302.  199.   64.    0.
 348.  660.  834. 1185.  794.  467.  378.  222.   62.    0.
 304.  744. 1008. 1099.  770.  471.  345.  157.   52.    0.
