 544.  589.  636. 1221.  870.  503.  294.  175.  113.    5.
440. 396. 549. 856. 728. 652. 609. 449. 271.   0.
402. 465. 571. 537. 950. 734. 664. 436. 163.  28.
 463.  540.  584. 1116. 1041.  578.  287.  183.  134.   24.
484. 832. 905. 751. 601. 445. 384. 333. 171.  44.
849. 952. 865. 708. 657. 436. 234. 165.  83.   1.
502. 897. 684. 635. 607. 594. 491. 259. 212.  69.
522. 920. 750. 685. 647. 583. 431. 224. 158.  30.
543. 696. 902. 568. 465. 458. 459. 421. 342.  96.
597. 928. 794. 681. 627. 570. 424. 227.  96.   6.
524. 848. 692. 632. 594. 638. 481. 333. 201.   7.
515. 744. 691. 801. 601. 567. 439. 372. 217.   3.
 496.  515.  544. 1048.  661.  548.  400.  443.  225.   70.
 436.  469.  523.  633. 1070.  625.  442.  538.  171.   43.
 456.  528.  741. 1065.  651.  552.  445.  315.  151.   46.
636. 909. 809. 601. 591. 459. 423. 325. 182.  15.
533. 797. 745. 642. 569. 582. 604. 412.  66.   0.
397. 559. 787. 865. 781. 729. 552. 260.  20.   0.
676. 953. 811. 636. 564. 430. 356. 338. 160.  26.
 470.  463.  550.  574. 1045.  663.  488.  500.  197.    0.
 579.  824. 1259.  911.  630.  426.  153.  119.   49.    0.
452. 478. 550. 601. 927. 652. 592. 486. 212.   0.
 500. 1072.  813.  717.  570.  480.  323.  258.  168.   49.
540. 738. 926. 758. 614. 515. 419. 286. 154.   0.
 696. 1023.  826.  748.  575.  431.  306.  205.  107.   33.
589. 675. 975. 994. 674. 487. 277. 200.  75.   4.
425. 463. 545. 633. 910. 651. 474. 611. 238.   0.
931. 858. 794. 680. 615. 387. 306. 203. 124.  52.
507. 908. 822. 737. 659. 449. 357. 262. 214.  35.
412. 568. 789. 976. 986. 606. 393. 197.  23.   0.
464. 490. 705. 916. 713. 499. 548. 421. 148.  46.
495. 528. 614. 911. 723. 612. 575. 305. 152.  35.
