923. 883. 739. 637. 527. 487. 368. 234. 121.  31.
534. 709. 746. 751. 882. 614. 422. 235.  57.   0.
934. 822. 710. 623. 560. 424. 379. 291. 171.  36.
858. 800. 733. 599. 511. 454. 368. 293. 212. 122.
891. 880. 740. 640. 526. 492. 359. 254. 119.  49.
855. 887. 806. 682. 502. 476. 345. 203. 153.  41.
889. 836. 677. 725. 566. 417. 330. 311. 171.  28.
953. 747. 784. 650. 521. 517. 315. 218. 193.  52.
493. 454. 494. 641. 908. 712. 549. 413. 286.   0.
 464.  468.  522.  734. 1007.  743.  538.  336.  138.    0.
 431.  477.  536.  632. 1105.  734.  512.  295.  228.    0.
 466.  434.  572.  592. 1109.  671.  494.  396.  216.    0.
421. 484. 541. 645. 924. 685. 535. 467. 248.   0.
 442.  435.  553.  654. 1103.  732.  503.  337.  191.    0.
 474.  446.  536.  600. 1079.  729.  475.  398.  213.    0.
 436.  455.  543.  639. 1139.  757.  482.  289.  210.    0.
 485.  473.  567.  716. 1014.  734.  459.  371.  131.    0.
 470.  476.  517.  588. 1209.  768.  423.  342.  157.    0.
 469.  492.  443.  648. 1112.  705.  433.  373.  275.    0.
 468.  506.  530.  627. 1000.  707.  545.  319.  248.    0.
476. 487. 546. 664. 701. 598. 610. 567. 301.   0.
467. 487. 554. 638. 866. 664. 547. 419. 308.   0.
437. 470. 548. 646. 944. 706. 514. 473. 212.   0.
 469.  491.  537.  677. 1158.  740.  485.  250.  143.    0.
994. 836. 624. 469. 516. 480. 494. 322. 172.  43.
 499.  666.  745.  865. 1078.  557.  334.  163.   43.    0.
951. 790. 611. 494. 459. 470. 477. 364. 239.  95.
889. 825. 789. 722. 550. 451. 314. 207. 159.  44.
909. 757. 652. 577. 521. 430. 453. 327. 224. 100.
809. 909. 741. 647. 508. 467. 376. 266. 153.  74.
857. 887. 783. 587. 532. 479. 380. 264. 139.  42.
947. 745. 789. 655. 508. 487. 370. 220. 174.  55.
 461.  429.  536.  656. 1000.  709.  549.  310.  300.    0.
463. 472. 525. 680. 899. 658. 520. 491. 242.   0.
 444.  477.  511.  626. 1154.  776.  415.  338.  209.    0.
 435.  491.  523.  610. 1221.  713.  488.  304.  165.    0.
 432.  499.  498.  619. 1071.  710.  498.  399.  224.    0.
453. 478. 504. 660. 986. 656. 551. 408. 254.   0.
 449.  460.  549.  604. 1175.  769.  467.  287.  190.    0.
467. 478. 518. 640. 986. 733. 494. 433. 201.   0.
 480.  476.  519.  548. 1025.  726.  446.  436.  294.    0.
 437.  447.  553.  643. 1062.  760.  476.  362.  210.    0.
 442.  452.  560.  590. 1029.  744.  425.  390.  318.    0.
 444.  481.  535.  632. 1139.  722.  430.  326.  241.    0.
 460.  419.  552.  681. 1135.  775.  515.  269.  144.    0.
 459.  444.  529.  662. 1123.  727.  551.  318.  137.    0.
435. 457. 534. 675. 950. 718. 502. 435. 244.   0.
 454.  451.  489.  694. 1007.  688.  514.  406.  247.    0.
953. 902. 778. 679. 543. 413. 295. 217. 124.  46.
 540.  564.  806.  802. 1034.  541.  393.  171.   99.    0.
920. 846. 693. 616. 537. 463. 382. 278. 155.  60.
908. 890. 736. 742. 539. 410. 293. 266. 142.  24.
934. 904. 789. 746. 557. 395. 308. 217.  74.  26.
904. 974. 856. 700. 529. 421. 310. 143.  90.  23.
867. 920. 691. 579. 544. 493. 390. 307. 124.  35.
959. 837. 626. 520. 485. 532. 455. 330. 147.  59.
465. 489. 533. 671. 942. 676. 526. 429. 219.   0.
 461.  464.  497.  706. 1018.  691.  504.  430.  179.    0.
435. 477. 571. 621. 838. 636. 543. 474. 355.   0.
 439.  481.  517.  606. 1219.  737.  460.  316.  175.    0.
479. 454. 536. 693. 856. 714. 587. 389. 242.   0.
 460.  446.  532.  656. 1144.  725.  521.  274.  192.    0.
469. 476. 552. 615. 803. 595. 602. 404. 434.   0.
 486.  487.  493.  614. 1396.  760.  364.  247.  103.    0.
 440.  466.  515.  619. 1093.  739.  456.  376.  246.    0.
460. 475. 530. 645. 881. 718. 584. 453. 204.   0.
457. 462. 559. 636. 938. 649. 525. 432. 292.   0.
446. 450. 521. 725. 947. 672. 591. 314. 284.   0.
465. 470. 469. 757. 955. 751. 596. 369. 118.   0.
488. 520. 517. 642. 828. 650. 592. 474. 239.   0.
 461.  459.  510.  626. 1183.  750.  449.  311.  201.    0.
 475.  483.  505.  639. 1052.  750.  442.  406.  198.    0.
929. 845. 780. 674. 562. 445. 318. 204. 150.  43.
 544.  657.  703.  771. 1034.  540.  391.  253.   57.    0.
901. 812. 706. 598. 562. 445. 391. 301. 177.  57.
861. 906. 784. 619. 546. 483. 353. 237. 121.  40.
889. 859. 738. 574. 552. 459. 428. 282. 130.  39.
947. 838. 664. 503. 479. 485. 428. 351. 222.  33.
873. 906. 769. 652. 554. 439. 353. 238. 146.  20.
946. 868. 786. 683. 589. 402. 305. 181. 153.  37.
 476.  444.  489.  639. 1038.  726.  463.  356.  319.    0.
 434.  470.  539.  608. 1013.  650.  485.  466.  285.    0.
 444.  479.  514.  710. 1071.  723.  547.  332.  130.    0.
463. 505. 503. 620. 874. 672. 525. 439. 349.   0.
 452.  489.  486.  649. 1082.  717.  553.  291.  231.    0.
 456.  472.  554.  604. 1127.  696.  441.  371.  229.    0.
 460.  455.  521.  663. 1183.  733.  463.  331.  141.    0.
 471.  435.  524.  662. 1282.  723.  431.  297.  125.    0.
 459.  456.  537.  698. 1087.  732.  520.  306.  155.    0.
490. 517. 557. 620. 851. 594. 519. 480. 322.   0.
 447.  452.  508.  560. 1164.  739.  440.  314.  326.    0.
 438.  498.  531.  581. 1003.  743.  475.  406.  275.    0.
459. 448. 550. 593. 946. 727. 443. 468. 316.   0.
 482.  409.  510.  630. 1179.  730.  428.  351.  231.    0.
 486.  461.  429.  617. 1116.  754.  461.  266.  360.    0.
468. 487. 521. 653. 836. 657. 543. 409. 376.   0.
