922. 809. 804. 684. 533. 472. 290. 209. 178.  49.
1033.  794.  654.  614.  529.  447.  426.  332.  112.    9.
932. 853. 754. 605. 560. 456. 376. 239. 128.  47.
921. 766. 667. 662. 514. 466. 389. 270. 206.  89.
961. 761. 761. 664. 605. 413. 331. 237. 146.  71.
947. 875. 816. 661. 569. 430. 325. 189. 122.  16.
945. 802. 751. 698. 599. 414. 287. 224. 180.  50.
923. 846. 775. 631. 549. 439. 335. 225. 161.  66.
884. 812. 718. 717. 604. 414. 282. 240. 202.  77.
949. 754. 641. 589. 509. 439. 460. 313. 219.  77.
923. 910. 747. 692. 546. 412. 335. 211. 132.  42.
954. 805. 620. 532. 474. 464. 470. 371. 209.  51.
970. 877. 771. 721. 501. 432. 273. 189. 134.  82.
887. 770. 776. 640. 493. 485. 375. 246. 201.  77.
990. 891. 756. 626. 556. 447. 327. 226. 102.  29.
967. 782. 693. 580. 495. 493. 440. 271. 178.  51.
1000.  898.  795.  756.  535.  410.  268.  183.   82.   23.
931. 829. 769. 603. 519. 477. 356. 267. 157.  42.
909. 846. 748. 638. 542. 450. 365. 264. 145.  43.
882. 797. 723. 623. 522. 462. 377. 299. 177.  88.
935. 926. 813. 675. 583. 415. 275. 175. 117.  36.
938. 893. 805. 684. 567. 429. 286. 208. 109.  31.
992. 867. 689. 675. 569. 477. 329. 209. 112.  31.
347. 424. 424. 496. 490. 802. 805. 462. 590. 110.
835. 839. 685. 611. 531. 466. 382. 288. 208. 105.
358. 410. 436. 424. 512. 683. 976. 549. 531.  71.
 455.  428. 1157.  775.  626.  481.  368.  302.  208.  150.
915. 898. 816. 676. 567. 427. 316. 193. 103.  39.
876. 788. 771. 634. 554. 441. 386. 235. 183.  82.
 450.  529.  578.  629.  773. 1310.  503.  178.    0.    0.
 490.  538.  607.  561.  655. 1162.  696.  232.    9.    0.
 486.  494.  639.  690. 1008.  960.  349.  324.    0.    0.
 470.  515.  589.  700.  759. 1239.  503.  175.    0.    0.
443. 476. 457. 565. 768. 998. 696. 321. 226.   0.
388. 493. 643. 928. 613. 509. 447. 484. 190. 255.
270. 441. 740. 808. 734. 718. 737. 343. 131.  28.
373. 555. 912. 739. 852. 755. 572. 192.   0.   0.
315. 419. 846. 755. 976. 703. 574. 362.   0.   0.
349. 452. 605. 767. 799. 495. 415. 496. 320. 252.
325. 367. 808. 762. 791. 789. 546. 539.  23.   0.
278. 501. 647. 685. 809. 731. 682. 374. 186.  57.
