928. 842. 758. 648. 571. 421. 358. 258. 134.  32.
732. 688. 659. 727. 581. 716. 455. 376.  16.   0.
397. 567. 994. 849. 784. 530. 297. 396. 136.   0.
 450.  496.  705.  824.  893. 1030.  361.   99.   62.   30.
285. 652. 781. 914. 947. 756. 444. 140.  31.   0.
904. 834. 674. 559. 497. 493. 432. 306. 153.  98.
802. 536. 689. 848. 847. 349. 290. 455. 132.   2.
 443.  437.  493.  509.  582.  748. 1271.  467.    0.    0.
 479.  433.  450.  747. 1250.  643.  502.  278.  168.    0.
417. 450. 491. 554. 794. 845. 605. 444. 350.   0.
 390.  725. 1031.  934.  594.  487.  410.  252.  118.    9.
248. 686. 839. 864. 804. 872. 515. 122.   0.   0.
 505.  656. 1116.  781.  632.  471.  398.  245.  119.   27.
925. 802. 641. 600. 497. 474. 404. 353. 190.  64.
912. 808. 786. 699. 544. 473. 284. 210. 176.  58.
888. 804. 661. 643. 576. 432. 350. 315. 202.  79.
 429.  878.  990. 1070.  826.  479.  209.   69.    0.    0.
 473.  890. 1218. 1161.  723.  331.  148.    6.    0.    0.
 448.  474.  506.  508.  602.  723. 1248.  441.    0.    0.
 432.  459.  499.  494.  585.  743. 1346.  392.    0.    0.
 461.  462.  493.  503.  621.  854. 1080.  476.    0.    0.
899. 799. 737. 653. 523. 471. 332. 236. 202.  98.
917. 853. 717. 594. 540. 471. 403. 280. 126.  49.
887. 770. 732. 635. 558. 474. 341. 257. 195. 101.
 460.  872. 1065. 1076.  807.  424.  211.   35.    0.    0.
 350.  824.  949. 1024.  882.  604.  244.   73.    0.    0.
 449.  486.  502.  523.  613.  681. 1283.  413.    0.    0.
 430.  428.  493.  541.  547.  769. 1344.  398.    0.    0.
 441.  466.  490.  531.  547.  689. 1185.  601.    0.    0.
