540. 694. 868. 844. 783. 542. 388. 193.  96.   2.
947. 791. 733. 616. 532. 455. 354. 311. 175.  36.
7.590e+02 1.261e+03 9.200e+02 5.620e+02 5.020e+02 4.250e+02 3.160e+02
 1.760e+02 2.800e+01 1.000e+00
 513.  602.  636.  986. 1146.  732.  280.   55.    0.    0.
 504.  594.  618.  920. 1099.  723.  351.  137.    4.    0.
951. 774. 703. 590. 483. 496. 417. 306. 180.  50.
923. 805. 771. 647. 568. 440. 331. 232. 177.  56.
956. 869. 772. 747. 573. 424. 241. 212. 108.  48.
948. 873. 647. 558. 508. 453. 412. 346. 158.  47.
528. 921. 728. 640. 641. 483. 472. 319. 210.   8.
922. 843. 777. 637. 543. 461. 386. 193. 148.  40.
984. 690. 692. 744. 592. 357. 352. 302. 168.  69.
 548.  660.  665. 1193.  747.  496.  309.  220.   94.   18.
601. 668. 864. 760. 672. 652. 435. 202.  96.   0.
5.560e+02 7.440e+02 6.100e+02 1.052e+03 6.760e+02 5.220e+02 4.910e+02
 1.850e+02 1.130e+02 1.000e+00
572. 659. 966. 669. 660. 564. 459. 308.  92.   1.
 583.  621.  583. 1319.  762.  554.  377.  132.   19.    0.
546. 677. 974. 743. 753. 568. 416. 214.  59.   0.
 535.  578.  513. 1116.  705.  617.  411.  235.  175.   65.
 540.  639. 1019.  802.  692.  565.  417.  218.   58.    0.
 579.  598.  659. 1338.  781.  445.  234.  125.  158.   33.
 609.  662. 1020.  807.  696.  547.  383.  175.   51.    0.
 569.  699.  609. 1172.  758.  446.  312.  215.  142.   28.
 577.  604. 1040.  801.  715.  561.  431.  164.   57.    0.
 574.  560.  470. 1279.  733.  572.  428.  162.  160.   12.
 552.  632. 1079.  866.  716.  556.  284.  179.   86.    0.
 543.  624.  646. 1361.  680.  506.  312.  194.   80.    4.
574. 656. 967. 720. 660. 560. 432. 286.  95.   0.
 578.  588.  563. 1013.  761.  587.  266.  282.  233.   79.
 532.  671. 1003.  876.  724.  576.  347.  156.   65.    0.
 551.  603.  598. 1085.  636.  545.  448.  287.  183.   14.
 536.  631. 1042.  804.  676.  585.  377.  223.   76.    0.
 547.  688.  651. 1131.  663.  555.  428.  157.  105.   25.
577. 675. 943. 799. 722. 563. 334. 264.  73.   0.
 531.  556.  625. 1109.  682.  572.  461.  249.  161.    4.
 553.  635. 1188.  944.  752.  456.  273.  123.   26.    0.
 564.  564.  721. 1114.  640.  498.  354.  271.  194.   30.
599. 679. 905. 751. 739. 540. 443. 243.  51.   0.
5.600e+02 6.180e+02 6.450e+02 1.158e+03 7.110e+02 5.510e+02 4.700e+02
 1.650e+02 7.100e+01 1.000e+00
 527.  656. 1064.  777.  709.  576.  385.  205.   51.    0.
 510.  566.  637. 1347.  728.  516.  362.  186.   93.    5.
 580.  654. 1001.  730.  631.  586.  462.  208.   98.    0.
464. 936. 810. 715. 564. 524. 381. 340. 211.   5.
929. 819. 700. 670. 523. 446. 375. 302. 144.  42.
935. 810. 737. 661. 558. 422. 358. 275. 153.  41.
561. 911. 808. 653. 532. 504. 506. 323. 152.   0.
897. 802. 791. 624. 577. 429. 366. 225. 165.  74.
962. 820. 642. 586. 473. 462. 366. 350. 223.  66.
490. 933. 819. 707. 626. 471. 392. 338. 174.   0.
1006.  878.  671.  577.  565.  461.  463.  218.   99.   12.
913. 815. 691. 648. 551. 428. 359. 290. 195.  60.
502. 934. 802. 611. 569. 532. 422. 405. 173.   0.
900. 736. 770. 642. 523. 459. 375. 257. 185. 103.
959. 851. 759. 693. 595. 401. 307. 204. 122.  59.
645. 910. 805. 571. 439. 527. 437. 366. 250.   0.
944. 879. 781. 689. 546. 426. 324. 231.  98.  32.
1020.  897.  876.  665.  483.  409.  292.  165.  105.   38.
558. 894. 761. 758. 728. 483. 366. 246. 156.   0.
888. 845. 789. 645. 551. 447. 344. 224. 148.  69.
958. 697. 637. 590. 530. 453. 349. 360. 300.  76.
542. 945. 720. 626. 628. 502. 416. 316. 244.  11.
930. 832. 764. 638. 513. 468. 383. 228. 141.  53.
972. 859. 714. 665. 512. 436. 383. 271. 116.  22.
505. 939. 843. 765. 629. 476. 393. 286. 114.   0.
899. 845. 768. 685. 545. 449. 332. 218. 127.  82.
898. 815. 733. 557. 633. 395. 367. 290. 162. 100.
559. 874. 694. 534. 530. 490. 506. 423. 333.   7.
921. 878. 759. 671. 575. 421. 331. 226. 120.  48.
917. 743. 754. 661. 548. 468. 340. 213. 225.  81.
464. 956. 829. 745. 637. 511. 357. 282. 169.   0.
921. 779. 662. 489. 534. 436. 466. 331. 246.  86.
954. 851. 829. 664. 528. 470. 300. 213. 110.  31.
472. 939. 839. 744. 679. 460. 415. 210. 192.   0.
996. 846. 756. 653. 563. 399. 372. 231. 114.  20.
987. 874. 802. 636. 533. 399. 293. 222. 169.  35.
475. 926. 811. 726. 640. 500. 395. 300. 177.   0.
889. 751. 703. 586. 499. 454. 404. 286. 244. 134.
964. 885. 700. 646. 557. 465. 371. 231. 114.  17.
479. 927. 929. 728. 648. 521. 368. 219. 131.   0.
1008.  828.  802.  677.  490.  407.  336.  186.  147.   69.
896. 806. 751. 674. 521. 472. 335. 229. 194.  72.
505. 977. 746. 604. 577. 503. 479. 400. 159.   0.
952. 848. 672. 588. 525. 458. 393. 306. 157.  51.
932. 844. 751. 655. 571. 430. 359. 230. 144.  34.
549. 961. 812. 621. 504. 545. 486. 322. 150.   0.
972. 933. 809. 664. 532. 436. 309. 177.  94.  24.
903. 817. 743. 603. 556. 434. 350. 311. 143.  90.
