 504.  442.  489.  532.  530.  852. 1405.  196.    0.    0.
377. 435. 419. 478. 596. 788. 879. 715. 262.   1.
456. 926. 752. 711. 673. 460. 424. 320. 204.  24.
431. 926. 842. 749. 665. 498. 431. 239. 161.   8.
457. 497. 561. 516. 714. 928. 992. 285.   0.   0.
473. 493. 541. 559. 660. 871. 901. 452.   0.   0.
485. 567. 563. 804. 672. 630. 475. 409. 284.  61.
928. 809. 712. 647. 508. 472. 370. 278. 176.  50.
492. 500. 629. 975. 640. 515. 475. 443. 228.  53.
671. 621. 613. 617. 608. 592. 601. 627.   0.   0.
 454.  463.  458.  512.  556.  748. 1309.  450.    0.    0.
 473.  475.  454.  510.  577.  713. 1286.  462.    0.    0.
960. 864. 807. 696. 515. 467. 343. 176. 107.  15.
876. 861. 724. 715. 618. 502. 363. 214.  74.   3.
996. 922. 803. 713. 536. 421. 269. 175. 102.  13.
 435.  481.  487.  524.  593.  701. 1313.  416.    0.    0.
 431.  449.  460.  542.  562.  721. 1393.  392.    0.    0.
 421.  471.  474.  514.  611.  717. 1379.  363.    0.    0.
 447.  490.  508.  525.  556.  712. 1371.  341.    0.    0.
 439.  436.  490.  496.  612.  690. 1482.  305.    0.    0.
 414.  499.  489.  517.  552.  720. 1311.  448.    0.    0.
478. 540. 993. 847. 607. 504. 385. 329. 195.  72.
658. 892. 599. 722. 548. 462. 306. 357. 325.  81.
465. 678. 936. 815. 591. 613. 456. 279.  96.  21.
908. 860. 759. 650. 551. 466. 342. 233. 143.  38.
904. 802. 784. 611. 578. 408. 357. 250. 177.  79.
912. 795. 723. 683. 492. 498. 357. 256. 215.  19.
932. 855. 687. 652. 561. 425. 383. 298. 130.  27.
926. 811. 705. 622. 582. 484. 346. 285. 155.  34.
929. 831. 804. 676. 573. 418. 344. 184. 145.  46.
4.620e+02 7.990e+02 1.099e+03 9.530e+02 6.560e+02 5.260e+02 3.060e+02
 1.280e+02 2.000e+01 1.000e+00
463. 472. 520. 783. 789. 644. 589. 431. 259.   0.
539. 848. 870. 628. 555. 534. 450. 333. 163.  30.
864. 834. 786. 642. 609. 429. 364. 249. 141.  32.
806. 681. 695. 610. 524. 547. 377. 400. 202. 108.
534. 819. 846. 712. 631. 494. 426. 286. 178.  24.
555. 932. 952. 685. 594. 432. 392. 226. 142.  40.
 448.  464.  578.  755. 1004.  674.  457.  335.  202.   33.
 461.  490.  617. 1039.  857.  614.  429.  271.  161.   11.
458. 500. 615. 828. 771. 606. 508. 410. 209.  45.
 465.  484.  509.  613.  924. 1125.  509.  250.   71.    0.
 438.  464.  522.  571.  783. 1038.  743.  310.   81.    0.
463. 472. 515. 655. 699. 845. 810. 426.  65.   0.
453. 476. 523. 557. 889. 889. 736. 312. 115.   0.
472. 483. 563. 725. 714. 713. 689. 464. 127.   0.
474. 478. 528. 600. 870. 767. 615. 572.  46.   0.
647. 947. 774. 604. 376. 501. 413. 290. 256. 142.
429. 461. 767. 755. 563. 473. 380. 352. 341. 429.
796. 879. 762. 652. 564. 438. 332. 235. 163. 129.
781. 981. 797. 661. 559. 451. 335. 204. 127.  54.
383. 437. 428. 483. 894. 714. 497. 518. 543.  53.
352. 415. 447. 478. 501. 959. 571. 441. 602. 184.
 369.  404.  445.  490.  496. 1047.  593.  424.  514.  168.
360. 464. 431. 468. 539. 959. 574. 428. 579. 148.
358. 414. 363. 476. 527. 903. 557. 378. 725. 249.
 396.  426.  387.  417.  426. 1263.  633.  501.  381.  120.
402. 422. 424. 474. 600. 945. 532. 363. 594. 194.
 368.  401.  400.  466.  485. 1163.  586.  461.  464.  156.
375. 394. 474. 398. 454. 983. 535. 474. 657. 206.
420. 315. 428. 484. 506. 956. 515. 467. 651. 208.
 426.  471.  485.  509.  571.  728. 1307.  453.    0.    0.
 514.  436.  442.  526.  615.  599. 1397.  421.    0.    0.
 431.  432.  497.  495.  586.  736. 1324.  449.    0.    0.
 446.  419.  477.  509.  564.  782. 1296.  457.    0.    0.
 471.  401.  458.  520.  638.  685. 1342.  435.    0.    0.
 431.  437.  488.  546.  536.  733. 1312.  467.    0.    0.
 434.  491.  485.  528.  605.  688. 1283.  436.    0.    0.
 439.  439.  491.  501.  605.  700. 1331.  444.    0.    0.
 472.  456.  490.  521.  574.  710. 1285.  442.    0.    0.
 497.  446.  450.  466.  543.  761. 1348.  439.    0.    0.
 491.  446.  573.  845. 1159.  647.  325.  261.  195.    8.
503. 575. 637. 663. 737. 800. 598. 312. 125.   0.
868. 747. 664. 662. 643. 507. 356. 292. 168.  43.
494. 570. 550. 573. 894. 600. 531. 500. 223.  15.
528. 579. 594. 643. 939. 588. 450. 411. 218.   0.
850. 807. 720. 656. 572. 498. 432. 239. 129.  47.
