374. 461. 461. 622. 596. 637. 922. 508. 284.  85.
686. 866. 821. 686. 490. 477. 382. 214. 179. 149.
 581. 1079.  814.  716.  538.  457.  343.  219.  135.   68.
495. 962. 760. 673. 574. 461. 373. 294. 265.  93.
859. 790. 679. 570. 497. 478. 430. 343. 186. 118.
797. 865. 755. 701. 593. 438. 340. 243. 162.  56.
509. 763. 918. 823. 637. 510. 397. 287.  93.  13.
 426.  465.  456.  517.  615.  718. 1285.  468.    0.    0.
 480.  651. 1079.  917.  630.  557.  354.  282.    0.    0.
 508.  594. 1133. 1191.  690.  451.  245.  138.    0.    0.
424. 600. 974. 882. 718. 464. 422. 336. 130.   0.
 451.  640. 1152.  879.  706.  556.  322.  232.   12.    0.
493. 623. 629. 910. 810. 739. 722.  24.   0.   0.
 448.  468.  488.  487.  568.  683. 1309.  499.    0.    0.
 401.  560.  535.  605.  691. 1014.  974.  170.    0.    0.
