 440.  438.  483.  526.  560.  751. 1312.  440.    0.    0.
 445.  504.  523.  613.  727. 1211.  613.  298.   16.    0.
 446.  506.  564.  584.  727. 1093.  682.  337.   11.    0.
 443.  429.  470.  532.  570.  748. 1315.  443.    0.    0.
 429.  453.  469.  537.  553.  726. 1346.  437.    0.    0.
 427.  463.  490.  519.  587.  711. 1290.  463.    0.    0.
 406.  554.  551.  562.  748. 1072.  923.  134.    0.    0.
 407.  547.  544.  578.  677. 1005. 1048.  144.    0.    0.
 399.  561.  547.  596.  692. 1045.  971.  139.    0.    0.
 414.  541.  539.  589.  712. 1081.  948.  126.    0.    0.
 446.  467.  467.  498.  561.  725. 1516.  270.    0.    0.
 407.  471.  468.  528.  601.  708. 1402.  365.    0.    0.
 432.  480.  470.  501.  564.  733. 1437.  333.    0.    0.
 420.  541.  600.  596.  754. 1074.  857.  108.    0.    0.
 445.  495.  460.  504.  565.  762. 1289.  430.    0.    0.
 479.  476.  527.  601.  756. 1093.  762.  233.   23.    0.
 548.  489.  531.  653.  691. 1182.  599.  235.   22.    0.
 451.  474.  447.  516.  570.  726. 1335.  431.    0.    0.
 440.  478.  471.  471.  635.  680. 1337.  438.    0.    0.
 459.  478.  503.  503.  590.  728. 1270.  419.    0.    0.
 415.  525.  534.  586.  693. 1032. 1015.  150.    0.    0.
 458.  538.  533.  567.  705. 1117.  913.  119.    0.    0.
 421.  549.  537.  583.  684. 1010. 1034.  132.    0.    0.
 467.  471.  590.  592.  718. 1099.  915.   98.    0.    0.
 446.  459.  474.  471.  564.  747. 1466.  323.    0.    0.
 443.  450.  457.  542.  563.  735. 1362.  398.    0.    0.
 453.  443.  463.  528.  571.  693. 1514.  285.    0.    0.
 412.  567.  529.  582.  707. 1066.  966.  121.    0.    0.
 423.  467.  460.  516.  600.  699. 1309.  476.    0.    0.
483. 491. 500. 619. 736. 992. 843. 270.  16.   0.
 494.  491.  509.  631.  737. 1122.  625.  309.   32.    0.
 425.  434.  527.  492.  586.  700. 1309.  477.    0.    0.
 469.  438.  487.  488.  599.  664. 1378.  427.    0.    0.
 438.  453.  498.  509.  604.  687. 1331.  430.    0.    0.
 440.  557.  552.  623.  678. 1082.  914.  104.    0.    0.
430. 556. 534. 582. 703. 994. 988. 163.   0.   0.
 415.  504.  560.  622.  722. 1069.  934.  124.    0.    0.
 434.  512.  538.  641.  717. 1094.  895.  119.    0.    0.
 429.  449.  473.  522.  587.  692. 1345.  453.    0.    0.
 422.  468.  477.  512.  572.  727. 1419.  353.    0.    0.
 451.  446.  481.  502.  614.  720. 1422.  314.    0.    0.
 409.  541.  536.  562.  688.  994. 1052.  168.    0.    0.
 476.  472.  440.  472.  599.  727. 1309.  455.    0.    0.
 421.  458.  457.  526.  611.  704. 1341.  432.    0.    0.
 500.  478.  503.  606.  750. 1243.  614.  236.   20.    0.
 466.  538.  533.  598.  674. 1096.  669.  345.   31.    0.
 470.  418.  487.  497.  551.  763. 1322.  442.    0.    0.
 435.  454.  455.  516.  589.  728. 1300.  473.    0.    0.
 439.  429.  497.  498.  611.  703. 1311.  462.    0.    0.
 488.  588.  539.  544.  736. 1130.  840.   85.    0.    0.
 423.  538.  559.  591.  707. 1069.  938.  125.    0.    0.
 414.  527.  528.  584.  721. 1033.  992.  151.    0.    0.
 423.  543.  581.  565.  689. 1026.  962.  161.    0.    0.
 443.  471.  456.  521.  577.  719. 1409.  354.    0.    0.
 469.  466.  510.  517.  565.  724. 1263.  436.    0.    0.
 416.  437.  506.  537.  572.  730. 1354.  398.    0.    0.
 420.  542.  536.  630.  633.  979. 1017.  193.    0.    0.
