5.170e+02 6.080e+02 5.050e+02 6.150e+02 1.311e+03 7.180e+02 3.510e+02
 2.460e+02 7.800e+01 1.000e+00
 674. 1086.  816.  638.  529.  395.  338.  300.  158.   16.
 435.  470.  488.  519.  591.  747. 1319.  381.    0.    0.
 539. 1050.  875.  709.  582.  481.  314.  220.  112.   68.
406. 779. 758. 882. 804. 522. 437. 262. 100.   0.
567. 943. 804. 687. 549. 449. 379. 228. 202. 142.
480. 761. 802. 782. 713. 554. 400. 388.  70.   0.
447. 745. 912. 929. 719. 472. 422. 233.  71.   0.
 546. 1065. 1078.  694.  526.  401.  316.  207.  105.   12.
 550.  532.  504.  534.  542.  672. 1022.  594.    0.    0.
 369.  769.  737.  829. 1069.  786.  328.   63.    0.    0.
407. 901. 948. 838. 705. 563. 327. 251.  10.   0.
381. 630. 615. 665. 856. 991. 738.  74.   0.   0.
 409.  456.  456.  454.  525.  699. 1078.  858.   15.    0.
 389.  591.  650.  993. 1025.  667.  387.  203.   45.    0.
453. 540. 676. 757. 899. 631. 494. 284. 146.  70.
745. 973. 759. 644. 534. 448. 363. 265. 161.  58.
513. 634. 624. 536. 792. 580. 590. 447. 213.  21.
529. 701. 945. 633. 552. 483. 461. 377. 227.  42.
547. 570. 629. 648. 689. 570. 378. 410. 412.  97.
481. 649. 740. 671. 817. 591. 503. 356. 142.   0.
 431.  461.  464.  515.  587.  703. 1313.  476.    0.    0.
788. 962. 778. 703. 538. 448. 336. 210. 134.  53.
 653. 1082.  826.  683.  558.  466.  318.  226.  106.   32.
 439.  462.  458.  542.  668. 1074.  827.  424.   56.    0.
926. 899. 763. 699. 549. 464. 300. 221.  99.  30.
925. 756. 698. 636. 514. 468. 369. 348. 207.  29.
914. 879. 801. 698. 576. 424. 301. 199. 122.  36.
909. 798. 765. 638. 544. 450. 358. 243. 187.  58.
 448.  473.  484.  516.  586.  823. 1333.  287.    0.    0.
 431.  439.  469.  536.  575.  792. 1242.  466.    0.    0.
 463.  569.  483.  600.  702.  960. 1031.  142.    0.    0.
 487.  529.  603.  714. 1112.  712.  435.  209.  131.   18.
 450.  433.  469.  506.  640.  743. 1313.  396.    0.    0.
918. 786. 748. 716. 565. 452. 288. 250. 200.  27.
750. 785. 612. 690. 619. 539. 390. 338. 203.  24.
758. 906. 826. 710. 554. 415. 351. 207. 135.  88.
 470.  430.  466.  522.  595.  780. 1157.  530.    0.    0.
432. 464. 470. 540. 624. 945. 881. 546.  48.   0.
 400.  501.  443.  508.  613.  784. 1136.  565.    0.    0.
905. 861. 793. 650. 580. 413. 353. 241. 122.  32.
864. 893. 741. 624. 524. 470. 363. 257. 164.  50.
448. 465. 483. 504. 629. 868. 831. 627.  95.   0.
