417. 645. 559. 847. 862. 836. 446. 261.  77.   0.
 409.  495.  602.  721.  727. 1027.  867.  102.    0.    0.
 438.  528.  633.  721.  641. 1063.  816.  110.    0.    0.
 448.  472.  509.  552.  593.  716. 1234.  426.    0.    0.
 465.  456.  470.  529.  598.  695. 1298.  439.    0.    0.
 460.  442.  526.  486.  605.  691. 1303.  437.    0.    0.
364. 624. 687. 871. 746. 592. 523. 374. 169.   0.
981. 874. 769. 713. 602. 396. 259. 186. 135.  35.
922. 860. 742. 691. 567. 430. 322. 236. 137.  43.
944. 832. 808. 642. 569. 444. 317. 222. 129.  43.
943. 804. 735. 710. 588. 427. 294. 248. 168.  33.
1032.  903.  693.  599.  495.  434.  373.  270.  132.   19.
360. 601. 717. 928. 788. 672. 418. 293. 173.   0.
920. 940. 829. 664. 560. 440. 289. 184.  88.  36.
978. 950. 791. 672. 544. 443. 304. 177.  73.  18.
944. 889. 724. 641. 532. 488. 368. 232. 101.  31.
976. 798. 742. 724. 603. 426. 239. 203. 193.  46.
971. 809. 712. 717. 613. 400. 285. 242. 162.  39.
