 499.  447.  481.  483.  578.  748. 1313.  401.    0.    0.
944. 828. 732. 613. 523. 460. 383. 249. 160.  58.
1054.  793.  710.  512.  477.  402.  395.  287.  267.   53.
500. 621. 851. 793. 582. 540. 534. 344. 158.  27.
 544.  534.  459.  487.  510.  571. 1175.  670.    0.    0.
 445.  522.  568. 1077.  687.  574.  465.  322.  249.   41.
446. 530. 637. 967. 673. 529. 504. 365. 229.  70.
 487.  560. 1274.  913.  684.  406.  331.  245.   50.    0.
 505.  556. 1233.  781.  591.  515.  383.  296.   90.    0.
 490.  583. 1160.  747.  625.  505.  352.  378.  110.    0.
 518.  565. 1201.  736.  577.  528.  474.  299.   52.    0.
 496.  588. 1261.  876.  633.  415.  313.  292.   76.    0.
 494.  607. 1248.  794.  616.  529.  325.  299.   38.    0.
 520.  623. 1096.  666.  532.  447.  474.  371.  221.    0.
 520.  525. 1270.  785.  635.  471.  432.  239.   73.    0.
 339.  388.  405.  475.  431.  510.  549. 1290.  427.  136.
990. 963. 842. 700. 543. 395. 267. 157.  68.  25.
451. 467. 874. 820. 632. 413. 365. 369. 240. 319.
418. 439. 837. 838. 625. 518. 375. 318. 306. 276.
489. 425. 978. 964. 755. 496. 373. 194. 142. 134.
412. 449. 895. 913. 613. 512. 436. 302. 239. 179.
452. 496. 506. 893. 661. 525. 473. 480. 425.  39.
410. 467. 484. 894. 793. 600. 440. 372. 458.  32.
426. 520. 529. 977. 740. 536. 457. 372. 393.   0.
 409.  529.  521. 1062.  827.  543.  433.  351.  275.    0.
 506.  515.  574. 1171.  656.  521.  472.  491.   44.    0.
 455.  498.  559. 1211.  815.  581.  317.  466.   48.    0.
 518.  584.  591. 1008.  714.  451.  531.  553.    0.    0.
 542.  541.  600. 1193.  730.  539.  470.  335.    0.    0.
 503.  570.  634. 1275.  662.  574.  454.  278.    0.    0.
 526.  564.  664. 1245.  658.  500.  459.  334.    0.    0.
 531.  568.  665. 1183.  649.  498.  581.  275.    0.    0.
 539.  611.  659. 1111.  624.  541.  529.  336.    0.    0.
 504.  554.  646. 1342.  715.  546.  422.  221.    0.    0.
 536.  624.  596. 1160.  645.  615.  509.  265.    0.    0.
 516.  607.  664. 1250.  676.  554.  408.  275.    0.    0.
 533.  574.  654. 1051.  666.  592.  435.  445.    0.    0.
 480.  558.  563. 1277.  687.  578.  459.  348.    0.    0.
4.970e+02 5.820e+02 6.130e+02 1.078e+03 7.000e+02 5.820e+02 4.500e+02
 4.470e+02 1.000e+00 0.000e+00
 464.  483.  602. 1204.  690.  648.  373.  449.   37.    0.
 512.  519.  511. 1304.  857.  527.  342.  351.   27.    0.
 449.  477.  505. 1178.  870.  566.  379.  299.  227.    0.
441. 533. 526. 957. 599. 573. 477. 458. 386.   0.
449. 455. 495. 902. 730. 546. 564. 372. 405.  32.
423. 464. 514. 868. 648. 483. 505. 498. 520.  27.
441. 458. 495. 904. 822. 621. 418. 297. 473.  21.
414. 441. 481. 983. 878. 623. 407. 337. 370.  16.
518. 546. 558. 748. 602. 458. 374. 524. 622.   0.
 434.  512.  544. 1057.  767.  517.  523.  280.  316.    0.
 464.  515.  573. 1046.  683.  539.  488.  559.   83.    0.
 480.  533.  527. 1239.  819.  480.  439.  392.   41.    0.
 507.  547.  578. 1131.  603.  562.  649.  373.    0.    0.
 501.  549.  594. 1184.  727.  475.  430.  486.    4.    0.
 495.  602.  636. 1169.  722.  570.  340.  416.    0.    0.
 509.  593.  544. 1299.  677.  551.  525.  252.    0.    0.
 529.  537.  720. 1181.  676.  504.  495.  308.    0.    0.
 511.  599.  620. 1321.  711.  571.  436.  181.    0.    0.
 503.  526.  649. 1298.  772.  495.  456.  251.    0.    0.
 556.  529.  560. 1665.  767.  448.  315.  110.    0.    0.
 508.  575.  635. 1177.  705.  506.  403.  441.    0.    0.
 497.  634.  592. 1229.  666.  665.  400.  267.    0.    0.
 533.  516.  556. 1136.  621.  567.  438.  579.    4.    0.
4.990e+02 5.360e+02 6.230e+02 1.267e+03 6.670e+02 5.970e+02 4.530e+02
 3.070e+02 1.000e+00 0.000e+00
 460.  538.  583. 1320.  780.  557.  381.  303.   28.    0.
 497.  504.  526. 1242.  804.  534.  409.  410.   24.    0.
 474.  522.  522. 1020.  808.  573.  344.  311.  376.    0.
 521.  482.  432. 1064.  726.  527.  567.  386.  245.    0.
475. 459. 422. 935. 603. 522. 425. 472. 600.  37.
455. 515. 587. 784. 529. 476. 544. 501. 553.   6.
1051.  949.  844.  711.  520.  351.  272.  157.   74.   21.
