 443.  505.  457.  508.  572.  689. 1333.  443.    0.    0.
 346.  399.  423.  470.  510.  475.  556. 1328.  356.   87.
485. 786. 939. 926. 664. 589. 312. 183.  62.   4.
509. 620. 768. 650. 604. 486. 485. 437. 301.  90.
528. 631. 750. 817. 667. 507. 476. 385. 170.  19.
501. 678. 730. 882. 790. 463. 408. 345. 125.  28.
481. 642. 725. 852. 800. 522. 363. 328. 190.  47.
535. 623. 788. 773. 637. 501. 427. 400. 232.  34.
514. 733. 646. 953. 727. 558. 469. 262.  68.  20.
477. 679. 749. 940. 772. 593. 393. 217. 109.  21.
506. 708. 765. 897. 704. 508. 404. 281. 163.  14.
475. 736. 806. 810. 680. 568. 459. 275. 123.  18.
485. 672. 702. 824. 718. 557. 485. 330. 137.  40.
517. 723. 877. 800. 734. 572. 400. 238.  74.  15.
321. 586. 658. 755. 885. 987. 639. 119.   0.   0.
313. 606. 676. 869. 847. 886. 642. 111.   0.   0.
335. 599. 759. 825. 921. 894. 527.  90.   0.   0.
339. 591. 697. 709. 932. 865. 697. 120.   0.   0.
