 427.  507.  533.  551.  606. 1052.  864.  282.  120.    8.
453. 543. 557. 727. 992. 805. 487. 285. 101.   0.
 433.  454.  563.  592.  568. 1058.  879.  311.   82.   10.
 285.  857. 1042. 1026.  856.  513.  266.   89.   16.    0.
765. 890. 753. 715. 594. 438. 295. 219. 169. 112.
 429.  863.  864. 1123. 1052.  516.   97.    6.    0.    0.
 436.  967. 1169. 1103.  721.  341.  140.   47.   26.    0.
 446.  464.  478.  563.  704. 1040.  867.  342.   46.    0.
471. 593. 814. 904. 608. 561. 460. 342. 197.   0.
 456.  464.  468.  599.  664. 1128.  700.  419.   52.    0.
538. 719. 790. 902. 680. 570. 446. 250.  55.   0.
 507.  581.  624.  643. 1251.  886.  380.   78.    0.    0.
 540.  621.  616.  625.  861. 1031.  568.   88.    0.    0.
 503.  649.  846. 1029.  693.  479.  354.  241.  134.   22.
 442.  451.  453.  508.  664. 1093.  910.  264.  116.   49.
394. 455. 531. 514. 634. 997. 856. 357. 174.  38.
512. 697. 666. 876. 623. 627. 453. 360. 129.   7.
560. 783. 888. 679. 563. 459. 388. 332. 245.  53.
568. 619. 805. 647. 521. 432. 481. 393. 397.  87.
774. 913. 807. 660. 484. 444. 355. 218. 175. 120.
506. 585. 808. 847. 916. 672. 448. 165.   3.   0.
620. 731. 987. 914. 658. 457. 395. 188.   0.   0.
547. 735. 785. 716. 608. 448. 450. 396. 219.  46.
 626. 1008.  814.  674.  543.  462.  382.  226.  183.   32.
 468.  638.  815. 1056.  835.  451.  349.  241.   95.    2.
588. 886. 807. 713. 621. 428. 368. 221. 224.  94.
 496.  670.  859. 1091.  975.  577.  235.   47.    0.    0.
614. 756. 961. 733. 610. 444. 411. 291. 128.   2.
 543.  765. 1048.  947.  630.  449.  324.  203.   41.    0.
675. 953. 871. 774. 554. 467. 297. 130. 206.  23.
585. 767. 905. 882. 591. 540. 425. 218.  37.   0.
 684. 1089.  829.  688.  586.  442.  338.  227.   67.    0.
406. 572. 571. 625. 823. 920. 770. 247.  16.   0.
778. 757. 699. 559. 574. 522. 515. 366. 180.   0.
731. 659. 670. 651. 557. 539. 463. 406. 274.   0.
404. 540. 567. 589. 818. 969. 724. 334.   5.   0.
420. 620. 679. 651. 899. 948. 516. 215.   2.   0.
 427.  813.  834. 1198.  778.  491.  293.  116.    0.    0.
746. 767. 749. 701. 801. 757. 307. 122.   0.   0.
