245. 524. 834. 917. 803. 744. 501. 251.  92.  39.
267. 514. 801. 839. 804. 790. 537. 253. 117.  28.
447. 904. 837. 685. 555. 529. 435. 308. 233.  17.
 478.  504. 1073.  717.  724.  577.  433.  331.  108.    5.
 485. 1092.  873.  713.  608.  451.  312.  223.  157.   36.
414. 954. 779. 784. 597. 419. 457. 411. 135.   0.
440. 938. 747. 671. 543. 491. 443. 378. 288.  11.
 455.  518. 1094.  795.  574.  556.  503.  344.  109.    2.
487. 927. 706. 628. 490. 525. 429. 398. 262.  98.
 398.  465.  457.  475.  516.  609. 1207.  680.  143.    0.
392. 474. 559. 643. 799. 810. 520. 628. 125.   0.
 443.  445.  459.  530.  598.  711. 1318.  446.    0.    0.
 458.  448.  487.  497.  600.  719. 1317.  424.    0.    0.
 436.  489.  508. 1145.  677.  545.  438.  297.  345.   70.
 400.  454.  522. 1110.  753.  535.  398.  386.  137.  255.
465. 927. 655. 646. 613. 411. 427. 470. 300.  36.
 501.  518. 1008.  654.  532.  513.  460.  350.  383.   31.
 507. 1026.  706.  565.  457.  506.  502.  375.  268.   38.
434. 863. 676. 651. 581. 506. 469. 519. 251.   0.
501. 894. 787. 683. 677. 512. 354. 313. 196.  33.
 474.  531. 1047.  824.  606.  496.  416.  376.  180.    0.
 460. 1149.  803.  669.  574.  488.  363.  282.  135.   27.
 380.  475.  499.  509.  542.  574. 1244.  642.   85.    0.
 429.  467.  522.  704. 1035.  768.  401.  498.  126.    0.
 450.  438.  498.  513.  573.  651. 1355.  472.    0.    0.
 432.  506.  478.  527.  580.  712. 1302.  413.    0.    0.
 436.  530.  594. 1104.  621.  551.  421.  385.  287.   21.
428. 432. 480. 847. 536. 479. 345. 429. 425. 549.
