533. 652. 926. 920. 703. 547. 391. 221.  57.   0.
540. 601. 932. 877. 562. 629. 444. 251. 114.   0.
 529.  628. 1006.  863.  715.  455.  419.  244.   91.    0.
502. 682. 942. 812. 649. 611. 433. 234.  85.   0.
564. 557. 899. 865. 696. 573. 406. 261. 129.   0.
 509.  663. 1001.  918.  639.  538.  435.  190.   55.    2.
 567.  611. 1020. 1031.  577.  483.  364.  237.   60.    0.
580. 555. 965. 898. 668. 610. 377. 213.  84.   0.
 531.  577. 1125.  834.  647.  526.  407.  199.  104.    0.
 547.  655. 1062. 1128.  675.  431.  310.  120.   22.    0.
459. 538. 602. 736. 923. 616. 470. 312. 223.  71.
468. 550. 647. 726. 735. 634. 626. 352. 159.  53.
485. 652. 574. 718. 682. 640. 559. 414. 193.  33.
478. 453. 570. 928. 808. 672. 543. 262. 187.  49.
461. 569. 650. 749. 946. 534. 555. 315. 142.  29.
 457.  519. 1173.  778.  616.  492.  416.  274.  190.   35.
 442.  533. 1192.  758.  641.  460.  411.  283.  185.   45.
 497.  537. 1083.  804.  613.  537.  388.  213.  182.   96.
 507.  487. 1227.  741.  694.  424.  342.  281.  183.   64.
532. 619. 855. 625. 560. 432. 366. 538. 342.  81.
445. 519. 691. 733. 830. 599. 582. 357. 162.  32.
483. 505. 574. 678. 804. 617. 528. 403. 270.  88.
 484.  496.  516.  820. 1004.  655.  426.  322.  179.   48.
444. 502. 570. 948. 894. 593. 551. 267. 142.  39.
 470.  528.  613.  657. 1016.  611.  502.  327.  188.   38.
444. 560. 886. 742. 590. 495. 431. 368. 316. 118.
 472.  506. 1045.  886.  625.  522.  342.  272.  249.   31.
 489.  476. 1054.  809.  603.  473.  387.  349.  232.   78.
493. 460. 930. 833. 589. 540. 416. 312. 265. 112.
476. 521. 985. 730. 556. 514. 511. 354. 245.  58.
 452.  428. 1048.  782.  635.  513.  402.  345.  266.   79.
 432.  517. 1115.  896.  665.  493.  397.  218.  182.   35.
 427.  485. 1086.  776.  611.  551.  393.  364.  194.   63.
 476.  540. 1088.  873.  593.  512.  369.  268.  193.   38.
522. 437. 958. 779. 572. 457. 455. 394. 295.  81.
461. 523. 856. 835. 575. 498. 382. 390. 330. 100.
467. 581. 968. 735. 535. 520. 434. 351. 260.  99.
 461.  495. 1027.  741.  604.  491.  462.  377.  231.   61.
433. 537. 966. 824. 711. 488. 338. 337. 278.  38.
490. 508. 822. 772. 585. 566. 341. 342. 396. 128.
 470.  454. 1004.  862.  572.  541.  414.  367.  195.   71.
 459.  563. 1034.  694.  614.  516.  523.  344.  174.   29.
475. 628. 801. 657. 619. 439. 397. 437. 406.  91.
448. 548. 929. 726. 550. 496. 491. 391. 265. 106.
471. 521. 900. 785. 682. 540. 341. 308. 291. 111.
444. 529. 918. 867. 583. 497. 468. 326. 249.  69.
481. 548. 912. 797. 532. 500. 420. 352. 345.  63.
449. 538. 958. 802. 668. 481. 399. 295. 285.  75.
 438.  518. 1058.  889.  652.  496.  412.  264.  177.   46.
491. 555. 971. 714. 544. 479. 446. 390. 296.  64.
489. 634. 857. 703. 534. 460. 433. 385. 394.  61.
 452.  525. 1032.  842.  680.  490.  402.  252.  241.   34.
439. 514. 961. 855. 720. 463. 349. 319. 277.  53.
469. 500. 934. 759. 536. 536. 383. 431. 308.  94.
470. 492. 966. 866. 615. 527. 440. 275. 243.  56.
 436.  502. 1030.  949.  635.  475.  418.  282.  194.   29.
508. 524. 835. 801. 553. 427. 421. 355. 333. 193.
437. 559. 944. 728. 524. 499. 460. 412. 294.  93.
509. 505. 970. 916. 644. 516. 404. 155. 268.  63.
 474.  459. 1104.  867.  675.  493.  390.  299.  152.   37.
 469.  484. 1039.  935.  614.  520.  414.  196.  231.   48.
 457.  535. 1017.  676.  587.  478.  510.  337.  285.   68.
463. 538. 881. 818. 642. 481. 352. 309. 334. 132.
450. 522. 932. 800. 663. 500. 403. 366. 243.  71.
 457.  502. 1074.  813.  656.  483.  455.  299.  196.   15.
 443.  522. 1002.  856.  637.  535.  415.  301.  205.   34.
463. 599. 838. 781. 677. 444. 333. 333. 372. 110.
459. 527. 878. 761. 605. 529. 418. 303. 378.  92.
 435.  489. 1025.  849.  621.  546.  361.  317.  239.   68.
473. 535. 932. 870. 701. 463. 431. 235. 234.  76.
453. 517. 564. 544. 989. 676. 675. 388. 126.  18.
 429.  479.  517.  572. 1011.  753.  593.  343.  191.   62.
 445.  434.  603.  544. 1108.  794.  498.  320.  132.   72.
 409.  527.  545.  623. 1191.  777.  517.  241.  104.   16.
 453.  491.  529.  644. 1030.  641.  702.  288.  135.   37.
425. 454. 557. 640. 934. 735. 654. 324. 170.  57.
430. 501. 562. 657. 970. 643. 696. 336. 126.  29.
427. 511. 521. 685. 867. 670. 652. 380. 180.  57.
 454.  521.  524.  569. 1008.  733.  551.  363.  187.   40.
 422.  476.  577.  735. 1033.  654.  643.  279.  104.   27.
