 356.  459.  419.  410.  494.  550. 1069.  785.  363.   45.
445. 915. 845. 719. 615. 477. 353. 246. 206. 129.
311. 524. 476. 540. 512. 791. 937. 666. 173.  20.
 410.  403.  422.  428.  422. 1016.  738.  612.  457.   42.
 435.  496.  471.  504.  574.  726. 1291.  453.    0.    0.
221. 669. 543. 610. 718. 796. 688. 509. 196.   0.
 449.  476. 1009.  711.  653.  577.  346.  262.  191.  276.
472. 567. 760. 625. 543. 458. 382. 383. 435. 325.
399. 484. 855. 752. 683. 481. 478. 310. 369. 139.
793. 838. 662. 604. 502. 453. 384. 358. 219. 137.
377. 474. 734. 629. 575. 586. 591. 728. 256.   0.
377. 372. 403. 450. 448. 486. 626. 973. 815.   0.
 446.  468.  504.  502.  586.  721. 1303.  420.    0.    0.
 458.  452.  459.  505.  589.  748. 1290.  449.    0.    0.
822. 787. 724. 738. 541. 510. 324. 206. 164. 134.
 448.  425.  426.  473.  483.  594.  831. 1270.    0.    0.
 402.  417.  460.  472.  545.  604.  823. 1227.    0.    0.
 456.  453.  479.  485.  583.  734. 1320.  440.    0.    0.
 418.  458.  481.  506.  601.  713. 1300.  473.    0.    0.
770. 803. 765. 629. 564. 494. 330. 325. 127. 143.
 426.  416.  474.  519.  567.  689. 1118.  741.    0.    0.
761. 828. 637. 504. 443. 447. 419. 385. 328. 198.
 940. 1019.  799.  741.  569.  374.  246.  146.   85.   31.
783. 877. 743. 606. 520. 455. 365. 308. 182. 111.
 371.  408.  411.  500.  503.  549.  843. 1039.  303.   23.
