881. 850. 698. 581. 454. 503. 408. 293. 222.  60.
930. 870. 745. 606. 476. 461. 365. 256. 203.  38.
786. 952. 801. 679. 559. 438. 324. 204. 142.  65.
914. 802. 699. 590. 519. 489. 379. 296. 176.  86.
494. 532. 732. 859. 797. 536. 356. 334. 233.  77.
 429.  472.  467.  519.  606.  719. 1304.  434.    0.    0.
519. 768. 740. 840. 846. 570. 406. 261.   0.   0.
439. 929. 844. 840. 702. 590. 354. 238.  14.   0.
492. 812. 985. 798. 700. 548. 314. 270.  31.   0.
420. 483. 900. 836. 872. 538. 367. 276. 245.  13.
429. 445. 488. 812. 678. 784. 517. 395. 402.   0.
