 466.  459.  449.  487.  618.  715. 1221.  535.    0.    0.
 458.  415.  489.  551.  560.  770. 1311.  396.    0.    0.
 424.  464.  456.  467.  577.  735. 1250.  577.    0.    0.
 455.  393.  496.  472.  612.  758. 1219.  545.    0.    0.
 461. 1041.  772.  664.  572.  444.  414.  295.  219.   68.
 486. 1019.  813.  704.  688.  443.  286.  250.  168.   93.
 453. 1111.  768.  624.  522.  460.  369.  337.  238.   68.
 410.  441.  461.  512.  557.  721. 1151.  697.    0.    0.
 442.  464.  445.  502.  536.  737. 1094.  730.    0.    0.
 534. 1094.  658.  593.  531.  452.  410.  376.  243.   59.
 478. 1054.  796.  653.  486.  494.  441.  299.  173.   76.
461. 991. 829. 673. 566. 459. 369. 303. 208.  91.
419. 440. 467. 541. 576. 876. 906. 725.   0.   0.
429. 443. 469. 530. 616. 873. 870. 720.   0.   0.
483. 469. 504. 563. 614. 996. 801. 520.   0.   0.
 452.  454.  480.  506.  656.  976. 1030.  396.    0.    0.
 431.  446.  503.  519.  624.  975. 1011.  441.    0.    0.
 430.  468.  466.  537.  578.  745. 1343.  383.    0.    0.
408. 459. 474. 513. 588. 841. 870. 797.   0.   0.
442. 424. 512. 506. 559. 980. 968. 559.   0.   0.
459. 460. 484. 536. 626. 891. 975. 519.   0.   0.
435. 467. 478. 544. 618. 744. 991. 673.   0.   0.
 479.  481.  487.  521.  601. 1012. 1037.  332.    0.    0.
 465.  416.  518.  511.  574.  736. 1170.  560.    0.    0.
 434.  479.  477.  548.  738. 1134.  594.  465.   81.    0.
441. 477. 472. 569. 676. 903. 666. 629. 117.   0.
 453.  434.  483.  620.  729. 1143.  601.  369.  118.    0.
 439.  502.  526.  661. 1044.  745.  574.  300.  159.    0.
 475.  535.  605.  662. 1035.  859.  493.  226.   60.    0.
 449.  491.  612. 1085. 1017.  519.  366.  244.  151.   16.
466. 534. 687. 867. 715. 570. 492. 396. 188.  35.
462. 556. 844. 950. 701. 508. 425. 308. 179.  17.
 421.  459.  467.  540.  616.  732. 1394.  321.    0.    0.
 450.  459.  476.  488.  636.  765. 1297.  379.    0.    0.
470. 451. 523. 537. 616. 731. 992. 630.   0.   0.
 503.  440.  462.  492.  667.  936. 1157.  293.    0.    0.
 390.  465.  482.  561.  598.  780. 1119.  555.    0.    0.
 439.  440.  488.  514.  571.  738. 1426.  334.    0.    0.
 437.  504.  489.  490.  556.  690. 1434.  350.    0.    0.
 449.  447.  482.  490.  586.  757. 1391.  348.    0.    0.
 450.  458.  484.  536.  588.  707. 1345.  382.    0.    0.
 454.  470.  462.  509.  597.  690. 1418.  350.    0.    0.
 424.  455.  494.  508.  597.  712. 1340.  420.    0.    0.
 425.  451.  482.  546.  545.  713. 1431.  357.    0.    0.
 483.  461.  491.  544.  527.  711. 1303.  430.    0.    0.
 433.  445.  487.  539.  573.  742. 1348.  383.    0.    0.
 451.  459.  505.  507.  589.  704. 1418.  317.    0.    0.
 429.  426.  507.  530.  550.  761. 1311.  436.    0.    0.
 421.  472.  484.  540.  581.  720. 1363.  369.    0.    0.
 452.  458.  502.  535.  560.  713. 1336.  394.    0.    0.
 408.  468.  458.  538.  580.  717. 1431.  350.    0.    0.
 456.  435.  473.  556.  544.  724. 1395.  367.    0.    0.
 427.  481.  443.  531.  560.  747. 1392.  369.    0.    0.
 448.  429.  479.  524.  565.  733. 1381.  391.    0.    0.
 421.  478.  490.  514.  583.  726. 1368.  370.    0.    0.
 478.  490.  437.  506.  543.  725. 1314.  457.    0.    0.
 438.  477.  498.  521.  603.  702. 1336.  375.    0.    0.
 433.  455.  455.  536.  589.  728. 1375.  379.    0.    0.
 453.  440.  460.  521.  573.  755. 1420.  328.    0.    0.
 488.  475.  471.  534.  532.  710. 1456.  284.    0.    0.
 468.  467.  444.  482.  585.  709. 1482.  313.    0.    0.
 426.  457.  469.  522.  575.  745. 1407.  349.    0.    0.
 473.  465.  475.  556.  535.  689. 1548.  209.    0.    0.
 501.  442.  478.  518.  515.  643. 1404.  449.    0.    0.
 443.  440.  474.  552.  562.  705. 1328.  446.    0.    0.
 416.  454.  520.  548.  582. 1042.  825.  360.  187.   16.
418. 454. 527. 578. 553. 905. 817. 466. 203.  29.
 447.  455.  580.  643.  742. 1073.  734.  212.   62.    2.
 455.  506.  568.  535.  602. 1041.  827.  338.   73.    5.
 456.  426.  488.  528.  562.  745. 1293.  452.    0.    0.
 438.  473.  447.  526.  598.  767. 1314.  387.    0.    0.
 460.  427.  492.  527.  582.  699. 1317.  446.    0.    0.
 422.  470.  496.  511.  583.  696. 1327.  445.    0.    0.
 477.  469.  508.  530.  603.  748. 1273.  342.    0.    0.
 427.  483.  483.  507.  588.  709. 1298.  455.    0.    0.
