 453.  441.  475.  524.  562.  712. 1315.  468.    0.    0.
470. 566. 587. 707. 769. 795. 458. 389. 209.   0.
849. 820. 733. 638. 553. 466. 386. 307. 148.  50.
880. 841. 692. 579. 542. 485. 418. 325. 159.  29.
899. 754. 777. 647. 657. 437. 332. 202. 174.  71.
888. 816. 742. 704. 549. 471. 334. 263. 151.  32.
864. 782. 621. 518. 500. 451. 459. 402. 270.  83.
917. 854. 817. 719. 538. 440. 324. 188.  95.  58.
476. 496. 627. 682. 851. 772. 850. 196.   0.   0.
443. 603. 685. 812. 845. 941. 600.  21.   0.   0.
