 429.  751. 1110. 1056.  767.  497.  250.   90.    0.    0.
 384.  825. 1175. 1109.  709.  490.  215.   43.    0.    0.
 377.  745. 1169. 1178.  712.  530.  206.   33.    0.    0.
 504.  945. 1306. 1112.  600.  343.  122.   18.    0.    0.
 455.  918. 1312. 1042.  692.  370.  120.   41.    0.    0.
 396.  717. 1132. 1126.  722.  555.  261.   41.    0.    0.
 390.  808. 1054. 1024.  764.  556.  289.   65.    0.    0.
275. 589. 768. 683. 836. 646. 496. 384. 263.  10.
278. 670. 857. 807. 802. 706. 445. 234. 145.   6.
666. 517. 498. 632. 410. 413. 400. 947. 417.  50.
408. 411. 428. 461. 509. 649. 623. 544. 862.  55.
391. 366. 421. 475. 488. 697. 756. 515. 721. 120.
368. 383. 419. 437. 494. 785. 881. 560. 517. 106.
355. 407. 418. 433. 534. 662. 748. 558. 736.  99.
