6.16e+02 1.10e+03 8.79e+02 6.62e+02 5.83e+02 5.06e+02 2.82e+02 2.56e+02
 6.50e+01 1.00e+00
586. 970. 762. 606. 476. 507. 387. 378. 205.  73.
783. 852. 810. 644. 528. 439. 396. 223. 206.  69.
 487. 1031.  830.  620.  582.  468.  390.  300.  188.   54.
475. 543. 622. 792. 826. 616. 482. 399. 193.   2.
 595.  875. 1079.  921.  618.  498.  269.   91.    4.    0.
 647.  854.  464.  657. 1366.  738.  207.   17.    0.    0.
 479.  515.  561.  582. 1216.  652.  775.  170.    0.    0.
 543. 1016.  816.  610.  542.  497.  393.  322.  211.    0.
 505. 1042.  775.  640.  571.  443.  449.  354.  171.    0.
 496. 1079.  841.  722.  564.  493.  343.  260.  152.    0.
572. 975. 770. 697. 597. 445. 369. 333. 192.   0.
