 488.  627.  774. 1064. 1014.  716.  261.    6.    0.    0.
377. 428. 422. 460. 499. 529. 838. 994. 353.  50.
 361.  387.  414.  436.  447.  487.  553. 1346.  396.  123.
480. 986. 735. 652. 600. 449. 367. 288. 226. 167.
 512.  603. 1162.  757.  618.  459.  357.  337.  145.    0.
 435.  421. 1191.  785.  593.  515.  440.  280.  215.   75.
 399.  473. 1029.  796.  549.  517.  432.  291.  264.  200.
 443.  465. 1131.  660.  570.  482.  382.  314.  293.  210.
508. 492. 772. 628. 904. 903. 553. 179.  11.   0.
 361.  379.  429.  463.  478.  498.  548. 1314.  373.  107.
 488.  461.  514.  553.  617.  777. 1058.  482.    0.    0.
449. 491. 803. 789. 729. 535. 463. 414. 277.   0.
 430.  477.  513.  521.  596.  716. 1055.  642.    0.    0.
408. 542. 869. 715. 676. 583. 476. 330. 351.   0.
438. 560. 992. 645. 487. 503. 528. 425. 309.  63.
451. 466. 495. 547. 642. 916. 773. 551. 109.   0.
 433.  516. 1134.  802.  645.  553.  403.  277.  158.   29.
 432.  455.  508.  471.  638.  722. 1308.  416.    0.    0.
389. 703. 770. 685. 587. 565. 501. 469. 281.   0.
 423.  481.  460.  571.  626.  747. 1146.  496.    0.    0.
 476.  462.  471.  490.  596.  797. 1013.  645.    0.    0.
 353.  361.  450.  457.  477.  492.  706. 1125.  400.  129.
 370.  413.  448.  431.  474.  496.  563. 1230.  420.  105.
355. 379. 405. 525. 466. 495. 972. 835. 427.  91.
 373.  355.  401.  464.  504.  560. 1081.  665.  398.  149.
391. 448. 434. 480. 924. 492. 439. 472. 465. 405.
454. 964. 771. 558. 512. 452. 380. 407. 278. 174.
 350.  428.  420.  457.  395.  527.  534. 1259.  467.  113.
448. 422. 434. 484. 828. 896. 565. 556. 317.   0.
404. 543. 890. 686. 615. 673. 552. 427. 160.   0.
436. 483. 541. 592. 849. 780. 537. 473. 259.   0.
