 334.  376.  448.  469.  523.  497.  545. 1346.  339.   73.
 282.  824. 1070. 1044.  877.  574.  223.   51.    5.    0.
 339.  390.  434.  430.  479.  548.  537. 1316.  394.   83.
 393.  436.  442.  437.  458.  505.  497. 1283.  404.   95.
 368.  391.  426.  369.  430.  550.  558. 1264.  453.  141.
 416.  364.  396.  399.  420.  518.  577. 1219.  478.  163.
 406.  356.  421.  440.  449.  419.  589. 1277.  377.  216.
 361.  410.  426.  480.  487.  507.  491. 1365.  339.   84.
 384.  341.  395.  466.  468.  442.  568. 1341.  378.  167.
 367.  414.  432.  389.  435.  523.  574. 1280.  433.  103.
 368.  380.  453.  440.  519.  542.  489. 1291.  383.   85.
 383.  398.  426.  454.  479.  503.  547. 1273.  377.  110.
 384.  381.  425.  436.  450.  472.  550. 1304.  405.  143.
 364.  359.  417.  491.  527.  446.  524. 1337.  361.  124.
 381.  429.  414.  422.  477.  441.  598. 1272.  412.  104.
 350.  383.  431.  451.  482.  558.  526. 1343.  358.   68.
 410.  390.  407.  424.  437.  492.  583. 1234.  424.  149.
 333.  426.  424.  398.  446.  502.  545. 1276.  456.  144.
 348.  412.  417.  458.  473.  518.  538. 1323.  375.   88.
 373.  393.  402.  509.  521.  473.  517. 1326.  353.   83.
 392.  387.  449.  458.  502.  481.  546. 1327.  332.   76.
 365.  376.  425.  473.  533.  570.  449. 1409.  297.   53.
 338.  403.  436.  471.  480.  548.  561. 1344.  326.   43.
 368.  379.  428.  447.  488.  549.  497. 1380.  341.   73.
 370.  383.  387.  448.  484.  462.  558. 1269.  433.  156.
 399.  417.  433.  427.  442.  501.  583. 1183.  408.  157.
 406.  380.  392.  380.  504.  441.  545. 1280.  436.  186.
 378.  384.  444.  419.  482.  491.  498. 1329.  399.  126.
 373.  368.  434.  461.  587.  530.  490. 1378.  269.   60.
 405.  345.  444.  489.  533.  530.  484. 1356.  299.   65.
 384.  393.  404.  383.  473.  487.  590. 1264.  445.  127.
 357.  408.  453.  421.  501.  478.  541. 1244.  414.  133.
 359.  373.  450.  465.  515.  526.  516. 1302.  362.   82.
 370.  314.  479.  404.  517.  516.  492. 1324.  414.  120.
 411.  391.  377.  457.  500.  424.  548. 1309.  398.  135.
 332.  417.  419.  430.  441.  530.  546. 1304.  432.   99.
 370.  428.  439.  432.  470.  549.  504. 1371.  310.   77.
 348.  430.  424.  455.  472.  512.  549. 1233.  410.  117.
 362.  367.  441.  435.  456.  514.  507. 1330.  407.  131.
 370.  397.  441.  467.  483.  477.  485. 1327.  382.  121.
 383.  402.  506.  434.  439.  559.  485. 1289.  400.   53.
 362.  348.  457.  472.  552.  501.  472. 1334.  345.  107.
 331.  425.  411.  418.  464.  493.  555. 1312.  423.  118.
 353.  388.  411.  491.  549.  493.  490. 1383.  307.   85.
 374.  367.  436.  457.  546.  510.  543. 1329.  329.   59.
 387.  368.  401.  393.  469.  532.  543. 1297.  423.  137.
 333.  391.  425.  467.  483.  560.  520. 1326.  379.   66.
 345.  382.  453.  442.  473.  566.  538. 1330.  370.   51.
 343.  399.  436.  481.  467.  570.  521. 1343.  355.   35.
 350.  413.  425.  443.  496.  542.  506. 1381.  336.   58.
 355.  374.  427.  472.  493.  479.  539. 1378.  324.  109.
 343.  397.  403.  403.  476.  486.  575. 1279.  458.  130.
 363.  424.  402.  430.  428.  508.  548. 1281.  422.  144.
 349.  385.  416.  452.  487.  507.  539. 1325.  376.  114.
 396.  335.  385.  492.  484.  477.  556. 1401.  318.  106.
 374.  399.  427.  480.  487.  466.  549. 1320.  355.   93.
 367.  431.  381.  357.  448.  590.  552. 1262.  476.   86.
 337.  396.  404.  457.  492.  488.  533. 1345.  388.  110.
 359.  386.  435.  445.  505.  503.  516. 1351.  340.  110.
 351.  379.  417.  449.  504.  537.  551. 1303.  361.   98.
 358.  388.  409.  465.  482.  461.  527. 1325.  387.  148.
 351.  397.  433.  435.  486.  504.  577. 1300.  388.   79.
 353.  400.  430.  468.  524.  476.  484. 1347.  364.  104.
 385.  372.  423.  486.  482.  485.  580. 1290.  361.   86.
 355.  380.  383.  486.  438.  511.  571. 1294.  412.  120.
 350.  388.  394.  483.  501.  478.  558. 1333.  369.   96.
 387.  343.  405.  485.  533.  440.  527. 1313.  355.  162.
 372.  366.  432.  455.  543.  445.  544. 1318.  355.  120.
 385.  388.  419.  434.  453.  547.  532. 1309.  430.   53.
 387.  399.  396.  455.  473.  507.  493. 1318.  390.  132.
 360.  369.  440.  418.  499.  487.  485. 1382.  385.  125.
 398.  456.  451.  406.  489.  473.  893. 1038.  308.   38.
693. 716. 635. 626. 600. 571. 648. 281. 134.  46.
