440. 499. 669. 873. 844. 663. 476. 262. 224.   0.
 526.  586. 1117.  972.  719.  469.  417.  144.    0.    0.
 426.  465.  595. 1269.  754.  584.  388.  251.  218.    0.
 474.  593. 1279.  810.  612.  510.  276.  245.  151.    0.
 506.  651. 1131.  655.  574.  484.  424.  380.  145.    0.
 625. 1030.  823.  766.  576.  461.  298.  189.  131.   51.
411. 454. 542. 937. 583. 486. 448. 493. 301. 295.
 513.  761. 1055.  731.  569.  486.  398.  242.  195.    0.
 410.  439.  471. 1108.  780.  571.  420.  304.  263.  184.
494. 944. 822. 736. 561. 514. 301. 293. 236.  49.
402. 468. 520. 959. 822. 579. 456. 343. 391.  10.
434. 441. 532. 954. 766. 602. 453. 393. 371.   4.
453. 585. 721. 891. 843. 817. 420. 197.  23.   0.
469. 602. 750. 798. 909. 696. 445. 225.  56.   0.
521. 687. 958. 929. 593. 795. 333. 126.   8.   0.
568. 892. 630. 584. 555. 591. 492. 435. 141.  62.
607. 830. 738. 501. 659. 852. 526. 177.  60.   0.
679. 825. 749. 724. 639. 557. 551. 205.  21.   0.
 501.  544. 1215.  826.  636.  488.  366.  338.   36.    0.
583. 667. 703. 593. 626. 683. 553. 464.  78.   0.
347. 917. 922. 565. 342. 471. 556. 506. 210. 114.
 503.  523. 1039. 1169.  687.  513.  225.  280.   11.    0.
513. 698. 957. 757. 606. 502. 433. 292. 188.   4.
 462.  471.  767. 1107.  812.  575.  386.  230.  118.   22.
512. 897. 750. 694. 611. 473. 436. 310. 232.  35.
540. 937. 886. 688. 567. 531. 392. 266. 117.  26.
558. 812. 779. 627. 507. 471. 442. 415. 297.  42.
504. 808. 938. 755. 627. 470. 324. 307. 192.  25.
752. 899. 668. 598. 526. 495. 467. 353. 168.  24.
670. 916. 658. 619. 573. 408. 368. 337. 283. 118.
495. 887. 886. 688. 537. 483. 376. 345. 229.  24.
 470.  495.  911. 1164.  760.  521.  321.  245.   63.    0.
547. 606. 842. 748. 644. 763. 360. 273. 167.   0.
 429.  448.  475.  518.  574.  731. 1335.  440.    0.    0.
 452.  451.  452.  517.  576.  754. 1308.  440.    0.    0.
 459.  436.  432.  544.  620.  699. 1334.  426.    0.    0.
 419.  460.  483.  529.  562.  728. 1314.  455.    0.    0.
 410.  480.  462.  520.  607.  703. 1319.  449.    0.    0.
 432.  454.  458.  516.  603.  734. 1301.  452.    0.    0.
473. 777. 982. 702. 603. 502. 379. 306. 164.  62.
534. 917. 767. 717. 623. 419. 385. 336. 249.   3.
 465. 1039.  802.  715.  553.  496.  427.  307.  146.    0.
