468. 534. 735. 983. 697. 511. 401. 248. 234. 139.
532. 918. 729. 687. 591. 535. 276. 276. 226. 180.
 394.  360.  408.  548.  513.  597.  490. 1340.  261.   39.
 382.  424.  393.  401.  401.  519.  603. 1209.  462.  156.
391. 438. 454. 565. 630. 749. 712. 398. 474. 139.
397. 442. 475. 509. 553. 904. 584. 400. 552. 134.
433. 423. 500. 536. 521. 825. 585. 562. 493.  72.
378. 409. 471. 589. 703. 879. 649. 372. 367. 133.
 497.  608.  777.  777. 1321.  521.  285.  120.   44.    0.
 470.  711.  780. 1250.  995.  582.  159.    3.    0.    0.
533. 829. 904. 786. 649. 468. 361. 275. 135.  10.
390. 417. 415. 408. 397. 812. 556. 519. 805. 231.
 363.  407.  380.  430.  383.  540.  579. 1274.  453.  141.
