590. 685. 901. 711. 490. 614. 572. 308.  79.   0.
550. 682. 710. 813. 541. 572. 455. 429. 181.  17.
657. 994. 823. 685. 575. 469. 345. 227. 130.  45.
 496.  578.  698. 1065.  684.  547.  433.  299.  132.   18.
907. 864. 732. 662. 549. 446. 354. 250. 142.  44.
 453.  563.  732. 1170.  679.  540.  398.  270.  137.    8.
 483.  416.  470.  494.  607.  782. 1318.  380.    0.    0.
 446.  464.  479.  474.  578.  784. 1348.  377.    0.    0.
 449.  459.  472.  485.  569.  703. 1305.  508.    0.    0.
387. 565. 650. 617. 719. 899. 699. 414.   0.   0.
634. 689. 636. 619. 589. 549. 541. 637.  56.   0.
934. 963. 757. 711. 563. 461. 308. 158.  83.  12.
633. 881. 905. 722. 582. 456. 328. 178. 170.  95.
739. 855. 731. 612. 556. 467. 369. 361. 222.  38.
626. 916. 807. 699. 568. 471. 345. 288. 186.  44.
830. 891. 741. 669. 521. 532. 376. 284.  91.  15.
580. 829. 895. 750. 619. 462. 330. 252. 159.  74.
746. 842. 700. 623. 518. 474. 388. 315. 256.  88.
782. 915. 770. 685. 544. 476. 315. 251. 164.  48.
761. 863. 678. 522. 515. 440. 441. 411. 225.  94.
816. 951. 795. 703. 609. 427. 274. 145. 149.  81.
774. 914. 702. 593. 497. 498. 420. 330. 179.  43.
872. 911. 806. 680. 553. 438. 319. 221. 130.  20.
