 437.  461.  494.  519.  691. 1044.  659.  452.  193.    0.
 461.  498.  535.  583.  673. 1094.  649.  365.   92.    0.
 473.  458.  456.  511.  638. 1323.  550.  410.  131.    0.
 444.  448.  575.  721. 1107.  611.  453.  334.  219.   38.
 447.  438.  491.  522.  589.  719. 1227.  517.    0.    0.
 482.  488.  468.  528.  617.  707. 1133.  527.    0.    0.
472. 516. 530. 675. 845. 590. 454. 414. 445.   9.
439. 504. 563. 891. 873. 709. 484. 291. 179.  17.
 471.  525.  680.  827.  854. 1001.  451.  141.    0.    0.
 438.  461.  511.  600. 1020.  800.  517.  400.  203.    0.
920. 893. 749. 665. 547. 392. 315. 259. 143.  67.
 442.  479.  464.  477.  595.  719. 1410.  364.    0.    0.
 470.  438.  458.  558.  613.  696. 1369.  348.    0.    0.
 499.  517.  502.  581.  615.  764. 1080.  392.    0.    0.
 432.  456.  493.  500.  602.  718. 1379.  370.    0.    0.
 424.  484.  489.  483.  611.  707. 1383.  369.    0.    0.
 474.  454.  423.  537.  637.  712. 1416.  297.    0.    0.
 429.  470.  468.  495.  615.  772. 1223.  478.    0.    0.
 444.  460.  459.  495.  622.  717. 1151.  602.    0.    0.
 471.  481.  502.  589. 1236.  941.  431.  226.   73.    0.
431. 480. 514. 661. 928. 837. 550. 403. 146.   0.
 474.  433.  481.  632. 1109.  868.  556.  291.  106.    0.
 488.  423.  467.  671. 1113.  854.  517.  334.   83.    0.
 451.  488.  507.  604. 1050.  862.  567.  283.  138.    0.
 454.  455.  510.  611. 1010.  797.  557.  322.  234.    0.
