463. 469. 647. 975. 985. 750. 396. 265.   0.   0.
 430.  458.  742.  840. 1036.  884.  414.  146.    0.    0.
371. 451. 759. 911. 826. 877. 499. 256.   0.   0.
434. 470. 786. 942. 858. 895. 399. 166.   0.   0.
 431.  443.  850. 1091.  848.  626.  446.  215.    0.    0.
450. 476. 657. 994. 810. 865. 528. 170.   0.   0.
 426.  445.  726. 1041.  794.  809.  515.  194.    0.    0.
406. 493. 807. 955. 884. 715. 449. 241.   0.   0.
360. 531. 763. 944. 921. 867. 362. 202.   0.   0.
434. 452. 661. 938. 773. 962. 524. 206.   0.   0.
 392.  476.  845. 1029.  902.  766.  384.  156.    0.    0.
440. 442. 750. 910. 866. 712. 643. 187.   0.   0.
 408.  466.  783. 1047.  813.  769.  448.  216.    0.    0.
434. 557. 851. 981. 841. 689. 436. 161.   0.   0.
405. 520. 752. 943. 921. 854. 366. 189.   0.   0.
371. 456. 889. 862. 867. 677. 540. 288.   0.   0.
424. 453. 642. 868. 864. 856. 634. 209.   0.   0.
413. 421. 873. 990. 787. 759. 517. 190.   0.   0.
 380.  449.  842. 1014.  884.  712.  510.  159.    0.    0.
399. 435. 827. 930. 920. 768. 503. 168.   0.   0.
428. 549. 769. 992. 860. 707. 398. 247.   0.   0.
428. 477. 726. 967. 848. 703. 592. 209.   0.   0.
366. 518. 744. 994. 849. 808. 504. 167.   0.   0.
390. 423. 819. 877. 847. 838. 537. 219.   0.   0.
 434.  487.  686.  881.  795. 1002.  507.  158.    0.    0.
 445.  528.  716. 1002.  800.  654.  541.  264.    0.    0.
484. 483. 807. 946. 858. 810. 399. 163.   0.   0.
 438.  454.  706. 1108.  736.  761.  470.  277.    0.    0.
463. 486. 717. 942. 957. 740. 487. 158.   0.   0.
 408.  429.  808. 1068.  855.  623.  491.  268.    0.    0.
 390.  474.  797. 1033.  805.  781.  438.  232.    0.    0.
396. 476. 781. 949. 821. 924. 432. 171.   0.   0.
