539. 669. 969. 965. 640. 490. 342. 215. 111.  10.
878. 853. 634. 562. 514. 479. 482. 374. 155.  19.
543. 898. 657. 695. 655. 625. 467. 268. 142.   0.
422. 571. 899. 913. 725. 580. 444. 321.  75.   0.
349. 663. 835. 861. 813. 836. 371. 153.  69.   0.
449. 749. 966. 728. 564. 512. 415. 302. 242.  23.
449. 570. 760. 917. 673. 577. 470. 372. 140.  22.
 489.  531.  613. 1249.  683.  574.  366.  256.  189.    0.
 558. 1090.  802.  643.  581.  495.  378.  262.  116.   25.
532. 635. 940. 660. 571. 513. 473. 350. 212.  64.
567. 591. 758. 882. 671. 576. 422. 335. 143.   5.
 447.  610. 1002.  930.  608.  449.  435.  166.  241.   62.
 468. 1047.  959.  784.  624.  561.  389.  114.    4.    0.
 489.  594.  809. 1054.  749.  499.  353.  290.  113.    0.
 628. 1001.  774.  668.  482.  499.  397.  271.  208.   22.
544. 691. 864. 945. 602. 506. 468. 268.  62.   0.
530. 645. 659. 696. 706. 657. 515. 298. 190.  54.
 550. 1036. 1015.  810.  599.  499.  303.  113.   25.    0.
644. 830. 858. 646. 497. 521. 370. 332. 233.  19.
501. 619. 601. 854. 848. 571. 481. 306. 148.  21.
890. 853. 724. 694. 553. 403. 374. 285. 151.  23.
