 442.  477.  505.  502.  600.  678. 1302.  444.    0.    0.
 491.  677. 1002.  769.  685.  458.  421.  250.  167.   30.
380. 399. 442. 429. 534. 855. 498. 382. 751. 280.
416. 431. 484. 872. 788. 556. 472. 413. 430.  88.
397. 476. 547. 943. 569. 483. 471. 453. 509. 102.
 446.  450.  494. 1130.  691.  562.  415.  321.  338.  103.
 422.  473.  559. 1020.  583.  544.  417.  433.  366.  133.
434. 433. 516. 865. 719. 555. 476. 454. 445.  53.
 429.  459.  476. 1210.  733.  596.  440.  261.  289.   57.
 461.  460.  476. 1112.  651.  540.  494.  351.  323.   82.
 480.  415.  525. 1023.  594.  490.  509.  324.  509.   81.
273. 592. 621. 708. 787. 737. 766. 370.  96.   0.
230. 578. 568. 713. 748. 792. 851. 343. 127.   0.
250. 619. 581. 710. 869. 781. 718. 340.  82.   0.
199. 619. 578. 621. 785. 804. 777. 412. 145.  10.
257. 535. 638. 751. 896. 713. 657. 355. 148.   0.
233. 630. 588. 718. 807. 765. 710. 407.  92.   0.
242. 600. 628. 686. 840. 786. 742. 310. 116.   0.
222. 613. 604. 718. 775. 807. 688. 414. 104.   5.
243. 640. 580. 679. 806. 832. 777. 323.  70.   0.
 263.  739.  875. 1024.  872.  513.  399.  229.   36.    0.
234. 577. 651. 738. 852. 666. 780. 334. 101.  17.
288. 554. 638. 801. 866. 719. 492. 373. 139.  80.
 474.  453.  459.  576.  710. 1030.  686.  489.   73.    0.
 453.  474.  489.  527.  586.  762. 1068.  591.    0.    0.
 447.  490.  479.  558.  722. 1203.  634.  350.   67.    0.
 417.  458.  472.  531.  601.  752. 1100.  619.    0.    0.
