741. 924. 805. 707. 531. 453. 349. 237. 151.  52.
369. 369. 423. 443. 533. 462. 904. 865. 445. 137.
 374.  428.  425.  499.  541.  668. 1031.  594.  370.   20.
358. 401. 398. 478. 445. 469. 950. 894. 472.  85.
381. 413. 477. 448. 560. 591. 951. 551. 503.  75.
545. 569. 623. 589. 666. 630. 627. 360. 224. 117.
603. 710. 903. 678. 681. 533. 328. 245. 166. 103.
625. 862. 887. 747. 591. 500. 368. 217. 100.  53.
406. 498. 478. 798. 591. 510. 352. 389. 392. 536.
 430. 1012.  772.  654.  536.  477.  374.  310.  225.  160.
843. 779. 659. 611. 556. 438. 383. 300. 221. 160.
357. 441. 426. 624. 933. 586. 442. 391. 307. 443.
369. 408. 451. 626. 980. 585. 531. 356. 328. 316.
 387.  456.  504. 1034.  656.  560.  447.  359.  216.  331.
 487. 1064.  850.  565.  506.  504.  386.  346.  160.   82.
 469. 1018.  717.  679.  585.  441.  401.  274.  214.  152.
747. 951. 762. 716. 578. 438. 308. 237. 162.  51.
 430.  444.  497.  526.  572.  708. 1327.  446.    0.    0.
 427.  463.  475.  508.  577.  690. 1345.  465.    0.    0.
 418.  444.  492.  508.  579.  769. 1284.  456.    0.    0.
 427.  497. 1068.  805.  591.  481.  433.  293.  166.  189.
 467.  433.  463.  530.  547.  777. 1343.  390.    0.    0.
 471.  430.  476.  480.  561.  688. 1256.  588.    0.    0.
 387.  408.  395.  418.  466.  496.  556. 1322.  407.   95.
 354.  365.  383.  528.  470.  466.  554. 1337.  373.  120.
