456. 724. 985. 798. 645. 456. 470. 249. 146.  21.
519. 764. 894. 785. 595. 466. 440. 360. 127.   0.
427. 454. 500. 601. 649. 961. 888. 450.  20.   0.
446. 533. 732. 725. 667. 584. 706. 535.  22.   0.
524. 521. 737. 660. 971. 739. 444. 253. 101.   0.
829. 736. 679. 678. 535. 460. 441. 310. 192.  90.
803. 728. 669. 665. 634. 518. 355. 297. 204.  77.
898. 798. 723. 638. 592. 429. 367. 271. 193.  41.
582. 656. 589. 677. 883. 735. 497. 242.  89.   0.
768. 739. 705. 675. 613. 483. 392. 331. 211.  33.
856. 838. 763. 645. 570. 464. 363. 246. 151.  54.
861. 807. 693. 603. 528. 454. 395. 303. 223.  83.
544. 854. 653. 567. 564. 489. 492. 444. 328.  15.
462. 568. 997. 755. 636. 509. 473. 297. 201.  52.
767. 807. 645. 558. 537. 440. 389. 426. 321.  60.
 989. 1024.  861.  716.  534.  402.  241.  115.   53.   15.
544. 913. 888. 735. 518. 495. 410. 242. 133.  72.
 637. 1028.  954.  666.  615.  402.  320.  192.   85.   51.
825. 884. 743. 709. 625. 434. 269. 214. 168.  79.
899. 817. 636. 599. 531. 493. 379. 272. 214. 110.
877. 760. 686. 529. 452. 462. 454. 332. 254. 144.
942. 843. 641. 586. 514. 497. 416. 304. 161.  46.
892. 868. 802. 706. 553. 451. 304. 191. 134.  49.
805. 880. 680. 579. 535. 434. 380. 337. 239.  81.
869. 830. 735. 744. 572. 458. 276. 207. 191.  68.
606. 895. 672. 662. 576. 456. 473. 396. 213.   1.
678. 628. 758. 545. 514. 412. 545. 658. 212.   0.
840. 810. 724. 621. 558. 456. 410. 277. 186.  68.
899. 790. 624. 612. 539. 436. 392. 370. 255.  33.
813. 821. 725. 608. 553. 461. 410. 334. 148.  77.
892. 824. 736. 625. 570. 467. 375. 250. 162.  49.
744. 961. 757. 650. 543. 457. 368. 268. 174.  28.
 622. 1034.  817.  681.  561.  444.  373.  241.  121.   56.
869. 891. 710. 584. 480. 473. 412. 334. 153.  44.
858. 768. 774. 634. 589. 473. 346. 250. 172.  86.
893. 869. 730. 652. 534. 493. 327. 248. 150.  54.
778. 900. 810. 590. 579. 431. 419. 240. 134.  69.
823. 825. 762. 660. 597. 445. 358. 275. 155.  50.
787. 778. 758. 682. 528. 631. 336. 246. 201.   3.
832. 892. 768. 716. 590. 488. 366. 213.  81.   4.
851. 850. 765. 709. 525. 465. 345. 261. 138.  41.
639. 937. 746. 684. 557. 475. 364. 290. 187.  71.
553. 766. 883. 704. 635. 519. 355. 283. 203.  49.
834. 827. 761. 690. 565. 484. 352. 260. 152.  25.
807. 755. 691. 616. 578. 483. 404. 383. 209.  24.
 467.  580.  685.  871. 1093.  562.  425.  216.   51.    0.
 421.  521.  599.  617.  684. 1057.  801.  237.   13.    0.
905. 843. 718. 628. 535. 471. 406. 281. 128.  35.
859. 792. 675. 570. 537. 519. 479. 348. 146.  25.
 434.  444.  484.  498.  611.  732. 1279.  468.    0.    0.
 457.  459.  491.  559.  568.  724. 1256.  436.    0.    0.
 444.  468.  484.  509.  563.  702. 1328.  452.    0.    0.
 489.  485.  450.  507.  533.  637. 1101.  748.    0.    0.
 455.  470.  448.  529.  611.  689. 1321.  427.    0.    0.
 427.  442.  478.  539.  569.  735. 1318.  442.    0.    0.
 438.  437.  504.  519.  591.  726. 1369.  366.    0.    0.
268. 378. 785. 716. 806. 680. 657. 443. 194.  23.
 455.  461.  471.  542.  726. 1088.  744.  382.   81.    0.
431. 735. 972. 684. 534. 512. 414. 322. 213. 133.
402. 452. 417. 998. 906. 606. 427. 269. 254. 219.
434. 445. 492. 495. 579. 988. 689. 659. 169.   0.
 420.  484.  488.  558.  697. 1045.  706.  426.  126.    0.
 441.  474.  520.  553.  664. 1147.  538.  485.  128.    0.
 461.  504.  605. 1046.  903.  578.  401.  263.  150.   39.
437. 489. 546. 613. 934. 655. 496. 498. 282.   0.
451. 936. 791. 619. 573. 513. 463. 280. 276.  48.
 467.  571.  842. 1068.  610.  546.  409.  286.  151.    0.
474. 490. 753. 910. 720. 499. 443. 349. 312.   0.
 445.  477.  464.  597.  646.  807. 1490.   24.    0.    0.
 519.  572.  579.  657. 1126.  971.  449.   77.    0.    0.
437. 472. 653. 941. 801. 526. 543. 269. 241.  67.
391. 696. 956. 918. 730. 620. 300. 198. 141.   0.
412. 475. 546. 687. 910. 674. 548. 446. 248.   4.
 335.  636.  801. 1019.  769.  671.  512.  195.   12.    0.
388. 429. 419. 445. 450. 863. 746. 524. 581. 105.
409. 396. 478. 795. 807. 531. 484. 392. 205. 453.
436. 621. 977. 619. 558. 463. 358. 370. 311. 237.
501. 977. 598. 581. 539. 476. 326. 315. 350. 287.
417. 486. 447. 884. 716. 493. 453. 397. 378. 279.
 463.  589.  678.  642.  880. 1290.  387.   21.    0.    0.
 531.  533.  587. 1366.  791.  489.  423.  230.    0.    0.
514. 572. 935. 774. 566. 516. 616. 428.  29.   0.
 412.  436. 1006.  762.  610.  490.  406.  350.  190.  288.
717. 902. 736. 696. 580. 454. 331. 246. 192.  96.
 436.  747.  956. 1202.  647.  398.  433.  131.    0.    0.
480. 771. 930. 684. 553. 508. 642. 312.  70.   0.
 451.  407.  499.  537.  593.  705. 1315.  443.    0.    0.
 322.  572.  743. 1088.  852.  671.  507.  162.   33.    0.
487. 920. 829. 561. 424. 437. 467. 280. 361. 184.
399. 691. 729. 714. 617. 467. 634. 535. 146.  18.
325. 607. 660. 818. 771. 965. 573. 183.  46.   2.
489. 806. 823. 802. 530. 474. 570. 350. 106.   0.
361. 612. 562. 702. 808. 922. 846. 137.   0.   0.
446. 849. 855. 873. 591. 567. 510. 230.  29.   0.
