452. 864. 850. 568. 506. 456. 366. 396. 252. 240.
305. 757. 923. 933. 657. 496. 460. 299. 116.   4.
 342.  739.  801. 1051.  803.  460.  322.  311.  121.    0.
 266.  740.  803. 1065.  914.  585.  333.  187.   57.    0.
323. 670. 597. 798. 903. 628. 403. 324. 304.   0.
 241.  705.  804. 1007.  790.  579.  312.  264.  223.   25.
 438. 1052.  824.  582.  546.  474.  418.  311.  225.   80.
325. 773. 816. 988. 871. 588. 333. 155. 100.   1.
300. 833. 850. 984. 845. 570. 373. 146.  49.   0.
308. 834. 872. 884. 738. 550. 377. 286. 100.   1.
322. 754. 873. 950. 647. 498. 381. 274. 156.  95.
401. 870. 741. 807. 701. 636. 419. 292.  83.   0.
315. 836. 995. 981. 863. 431. 253. 177.  99.   0.
299. 719. 708. 783. 652. 572. 510. 502. 205.   0.
257. 725. 885. 945. 816. 592. 393. 219. 118.   0.
407. 834. 777. 694. 497. 510. 407. 329. 328. 167.
287. 677. 820. 870. 651. 524. 413. 323. 210. 175.
352. 817. 700. 628. 620. 609. 579. 411. 234.   0.
290. 685. 806. 893. 908. 611. 373. 219. 115.  50.
 273.  663.  859. 1000.  777.  607.  405.  273.   93.    0.
 317.  776. 1002.  953.  783.  530.  319.  170.  100.    0.
275. 664. 784. 984. 759. 696. 457. 226. 105.   0.
338. 742. 841. 718. 676. 451. 458. 410. 203. 113.
