537. 979. 703. 619. 508. 462. 443. 365. 266.  68.
395. 533. 568. 568. 597. 759. 909. 621.   0.   0.
 476.  476.  585.  560.  696. 1054.  882.  200.   21.    0.
445. 521. 591. 824. 881. 681. 478. 517.  12.   0.
 462.  591.  591.  616.  884. 1169.  513.  118.    6.    0.
 425.  502.  536.  472.  609.  682. 1092.  632.    0.    0.
458. 599. 990. 770. 549. 513. 427. 348. 197.  99.
458. 482. 581. 919. 849. 589. 406. 364. 250.  52.
 469.  429.  437.  533.  613.  673. 1396.  400.    0.    0.
 451.  438.  461.  533.  563.  732. 1334.  438.    0.    0.
 454.  479.  485.  516.  629.  674. 1289.  424.    0.    0.
 465.  478.  477.  490.  553.  726. 1287.  474.    0.    0.
 425.  455.  457.  514.  606.  732. 1310.  451.    0.    0.
 442.  424.  506.  487.  604.  712. 1322.  453.    0.    0.
