 464.  462.  485.  489.  566.  697. 1483.  304.    0.    0.
 419.  433.  519.  557.  568.  876. 1142.  436.    0.    0.
 448.  491.  445.  532.  589.  723. 1324.  398.    0.    0.
 520.  556. 1346.  770.  597.  478.  366.  250.   67.    0.
 691. 1013.  732.  674.  524.  417.  392.  305.  156.   46.
 501.  566.  624.  768. 1007. 1204.  276.    4.    0.    0.
 541.  580.  588.  635. 1143.  885.  574.    4.    0.    0.
5.090e+02 5.650e+02 6.940e+02 7.690e+02 9.050e+02 1.317e+03 1.900e+02
 1.000e+00 0.000e+00 0.000e+00
 530.  570.  595.  646. 1196. 1084.  323.    6.    0.    0.
 421.  472.  533.  554.  609.  864. 1200.  297.    0.    0.
 507.  619. 1174.  695.  561.  474.  358.  304.  258.    0.
 686. 1064.  820.  726.  576.  411.  318.  208.  116.   25.
 556.  633.  700.  730. 1057. 1100.  174.    0.    0.    0.
 498.  553.  629.  735. 1216.  723.  576.   20.    0.    0.
 517.  568.  712.  674.  963. 1282.  234.    0.    0.    0.
 534.  567.  653.  705. 1078. 1155.  250.    8.    0.    0.
