 495.  594. 1113.  824.  692.  457.  343.  221.  167.   44.
502. 942. 789. 708. 611. 455. 369. 237. 228. 109.
552. 956. 801. 687. 563. 461. 364. 311. 191.  64.
 494.  571.  631.  672. 1414.  714.  355.   99.    0.    0.
489. 558. 689. 834. 769. 759. 812.  40.   0.   0.
500. 626. 700. 712. 966. 650. 435. 299.  62.   0.
562. 630. 644. 589. 896. 677. 483. 381.  88.   0.
 605. 1087.  799.  695.  515.  482.  306.  249.  167.   45.
961. 778. 692. 518. 461. 525. 448. 296. 198.  73.
 501.  605.  688.  871. 1415.  571.  165.   88.   46.    0.
 472.  695.  787.  962. 1124.  502.  234.  128.   46.    0.
521. 550. 832. 960. 599. 622. 524. 334.   8.   0.
 460.  468.  442.  482.  567.  738. 1350.  443.    0.    0.
 447.  452.  477.  494.  596.  706. 1304.  474.    0.    0.
430. 472. 478. 543. 584. 963. 705. 627. 148.   0.
 528.  815. 1043.  812.  614.  453.  394.  222.   69.    0.
905. 826. 625. 533. 494. 479. 414. 369. 207.  98.
 353.  427.  402.  395.  430.  528. 1008.  812.  459.  136.
 383.  337.  477.  417.  518.  493. 1013.  838.  420.   54.
863. 823. 756. 640. 518. 451. 382. 260. 169.  88.
879. 881. 673. 598. 494. 412. 370. 319. 218. 106.
768. 867. 714. 583. 563. 453. 365. 309. 203. 125.
834. 822. 686. 595. 528. 441. 391. 344. 204. 105.
852. 849. 742. 664. 483. 489. 383. 283. 133.  72.
930. 932. 725. 648. 539. 434. 343. 215. 135.  49.
813. 831. 640. 531. 449. 465. 437. 384. 255. 145.
857. 911. 745. 693. 541. 449. 288. 225. 180.  61.
 507. 1062.  642.  502.  412.  430.  420.  424.  344.  207.
827. 845. 746. 647. 551. 443. 369. 266. 168.  88.
859. 863. 728. 707. 632. 408. 292. 222. 149.  90.
828. 857. 718. 648. 580. 448. 304. 269. 201.  97.
871. 875. 738. 669. 504. 447. 390. 239. 149.  68.
725. 832. 695. 671. 571. 454. 361. 267. 161. 213.
 438.  457.  497.  492.  573.  708. 1330.  455.    0.    0.
 433.  472.  465.  525.  594.  707. 1310.  444.    0.    0.
 474.  420.  467.  575.  526.  741. 1311.  436.    0.    0.
 447.  454.  482.  487.  562.  774. 1325.  419.    0.    0.
940. 884. 794. 668. 550. 451. 320. 216. 105.  22.
 412.  426.  486.  522.  656.  601. 1042.  753.   52.    0.
 448.  475.  499.  514.  562.  594. 1101.  679.   78.    0.
 419.  413. 1060.  792.  618.  476.  419.  338.  148.  267.
