 459.  533.  539.  901. 1020.  760.  494.  233.   11.    0.
445. 532. 572. 985. 871. 633. 558. 348.   6.   0.
393. 422. 443. 480. 447. 473. 761. 764. 693.  74.
473. 874. 745. 595. 547. 453. 375. 341. 329. 218.
 507. 1019.  845.  645.  545.  435.  414.  278.  170.   92.
 393.  429.  468.  515.  461. 1128.  527.  433.  448.  148.
448. 947. 809. 605. 592. 505. 302. 375. 170. 197.
 378.  400.  452.  447.  489. 1048.  608.  472.  514.  142.
 487. 1036.  850.  718.  578.  454.  370.  193.  133.  131.
 354.  401.  455.  470.  531. 1180.  604.  394.  451.  110.
487. 994. 666. 531. 474. 490. 423. 366. 300. 219.
 369.  458.  425.  476.  451. 1033.  563.  491.  569.  115.
466. 945. 748. 627. 521. 457. 380. 346. 193. 267.
380. 412. 435. 431. 453. 901. 616. 510. 613. 199.
