454. 958. 722. 624. 549. 426. 409. 336. 271. 201.
 392.  413.  440.  442.  504.  528. 1039.  640.  459.   93.
 477.  495.  521.  524.  560.  687. 1228.  458.    0.    0.
494. 541. 536. 663. 888. 746. 611. 387.  84.   0.
 451.  436.  458.  521.  575.  729. 1339.  441.    0.    0.
 440.  458.  477.  536.  560.  740. 1298.  441.    0.    0.
 445.  473.  484.  478.  585.  742. 1305.  438.    0.    0.
 441.  478.  481.  510.  573.  716. 1303.  448.    0.    0.
 484.  468.  565.  603. 1118.  901.  509.  255.   47.    0.
 451.  482.  476.  519.  602.  733. 1238.  449.    0.    0.
 420.  497.  468.  522.  567.  717. 1311.  448.    0.    0.
 418.  458.  463.  531.  575.  745. 1312.  448.    0.    0.
 432.  448.  472.  535.  551.  729. 1320.  463.    0.    0.
443. 493. 573. 573. 980. 803. 714. 328.  43.   0.
 413.  462.  473.  528.  584.  716. 1345.  429.    0.    0.
 445.  427.  474.  502.  628.  675. 1370.  429.    0.    0.
 453.  484.  472.  494.  567.  736. 1271.  473.    0.    0.
 430.  437.  496.  540.  562.  763. 1280.  442.    0.    0.
540. 544. 534. 668. 871. 723. 628. 360.  82.   0.
 455.  451.  462.  497.  593.  732. 1283.  477.    0.    0.
 478.  478.  479.  522.  568.  692. 1276.  457.    0.    0.
 465.  497.  488.  509.  578.  711. 1293.  409.    0.    0.
 439.  471.  478.  517.  588.  699. 1293.  465.    0.    0.
455. 530. 538. 633. 939. 790. 745. 281.  39.   0.
 434.  465.  460.  530.  600.  685. 1348.  428.    0.    0.
 455.  454.  476.  470.  555.  765. 1364.  411.    0.    0.
 427.  447.  489.  515.  586.  723. 1310.  453.    0.    0.
 432.  438.  475.  533.  592.  705. 1336.  439.    0.    0.
 502.  513.  536.  639. 1063.  860.  520.  247.   70.    0.
 461.  450.  451.  526.  629.  719. 1253.  461.    0.    0.
 446.  456.  468.  527.  579.  707. 1277.  490.    0.    0.
 444.  455.  453.  511.  608.  748. 1266.  465.    0.    0.
 428.  463.  475.  504.  609.  726. 1294.  451.    0.    0.
 451.  484.  504.  652. 1016.  869.  633.  285.   56.    0.
 445.  464.  465.  521.  621.  718. 1277.  439.    0.    0.
 436.  471.  448.  538.  587.  717. 1289.  464.    0.    0.
 455.  462.  472.  480.  613.  736. 1298.  434.    0.    0.
