 517.  452.  448.  586.  599.  699. 1247.  402.    0.    0.
 459.  470.  530.  548.  637.  873. 1415.   18.    0.    0.
 462.  467.  538.  536.  631.  835. 1378.  103.    0.    0.
 449.  458.  483.  554.  671.  765. 1128.  442.    0.    0.
 444.  455.  470.  568.  659.  747. 1318.  289.    0.    0.
 446.  455.  475.  525.  575.  884. 1262.  328.    0.    0.
873. 901. 808. 726. 578. 423. 293. 208. 121.  19.
872. 881. 813. 645. 581. 426. 335. 210. 135.  52.
933. 822. 716. 752. 555. 363. 350. 298. 132.  29.
267. 563. 841. 931. 833. 737. 570. 197.  11.   0.
331. 509. 723. 877. 721. 762. 775. 208.  44.   0.
350. 597. 836. 873. 940. 728. 409. 136.  71.  10.
295. 512. 815. 929. 861. 727. 516. 292.   3.   0.
338. 563. 646. 688. 617. 835. 619. 376. 240.  28.
343. 724. 842. 907. 964. 691. 285. 151.  43.   0.
306. 567. 713. 995. 866. 680. 601. 220.   2.   0.
410. 751. 839. 731. 819. 707. 515. 127.  48.   3.
294. 532. 714. 863. 800. 664. 677. 331.  75.   0.
371. 830. 957. 905. 861. 742. 244.  40.   0.   0.
294. 538. 657. 737. 771. 619. 756. 454. 119.   5.
405. 504. 892. 710. 691. 532. 349. 422. 445.   0.
824. 826. 704. 599. 539. 464. 408. 285. 177. 124.
772. 940. 716. 649. 544. 426. 366. 304. 179.  54.
 380.  379.  393.  468.  467.  453.  715. 1141.  391.  163.
 384.  423.  403.  436.  499.  512.  597. 1153.  404.  139.
