 373.  388.  407.  421.  445.  470.  601. 1235.  486.  124.
 385.  405.  418.  468.  463.  502.  517. 1305.  368.  119.
 391.  382.  465.  427.  493.  476.  544. 1249.  388.  135.
 360.  389.  403.  452.  462.  559.  465. 1349.  424.   87.
 346.  398.  438.  394.  476.  532.  539. 1274.  451.  102.
 445.  652. 1006.  755.  582.  457.  430.  229.  225.  169.
 372.  415.  433.  451.  502.  478.  522. 1386.  308.   83.
 363.  379.  415.  437.  467.  500.  598. 1298.  422.   71.
 402.  364.  396.  395.  472.  506.  564. 1246.  493.  112.
 357.  342.  428.  449.  488.  464.  537. 1340.  385.  160.
 373.  381.  463.  456.  511.  466.  565. 1303.  329.  103.
429. 586. 987. 711. 559. 499. 416. 279. 265. 219.
 420.  556.  577.  662.  711. 1274.  464.  246.   40.    0.
 363.  429.  441.  463. 1075.  757.  561.  342.  340.  179.
650. 838. 721. 582. 561. 496. 347. 304. 190. 261.
 488. 1041.  697.  561.  478.  471.  439.  336.  247.  192.
423. 434. 416. 531. 779. 576. 439. 436. 563. 353.
404. 462. 937. 769. 594. 489. 404. 320. 247. 324.
370. 438. 410. 523. 936. 643. 518. 455. 416. 241.
352. 467. 435. 531. 974. 692. 476. 375. 408. 240.
 370.  430.  489. 1059.  642.  507.  488.  324.  250.  391.
 364.  395.  388.  426.  375.  526.  589. 1272.  459.  156.
507. 841. 675. 610. 605. 460. 353. 305. 260. 334.
 393.  377.  468.  439.  514.  561.  484. 1271.  355.   88.
457. 829. 802. 630. 522. 446. 380. 352. 248. 284.
 368.  394.  457.  443.  476.  468.  551. 1326.  376.   91.
 483. 1064.  699.  587.  537.  418.  415.  328.  262.  157.
392. 476. 430. 493. 799. 650. 500. 401. 502. 307.
 370.  404.  415.  433.  428.  503.  514. 1333.  425.  125.
 332.  424.  434.  477.  481.  539.  507. 1328.  363.   65.
 458. 1036.  782. 1202. 1063.  359.   50.    0.    0.    0.
539. 872. 738. 581. 512. 474. 481. 397. 308.  48.
531. 929. 745. 722. 636. 449. 436. 275. 227.   0.
780. 718. 541. 493. 462. 430. 360. 492. 512. 162.
387. 553. 722. 684. 781. 907. 478. 341.  97.   0.
 660. 1021.  750.  580.  535.  512.  441.  327.   86.   38.
 529.  733. 1025.  777.  628.  460.  360.  237.  158.   43.
 543. 1045.  794.  643.  628.  460.  300.  229.  169.  139.
 379.  409.  382.  435.  406.  443.  626. 1264.  456.  150.
