379. 367. 453. 444. 421. 780. 652. 525. 760. 169.
322. 567. 858. 865. 762. 685. 483. 301. 105.   2.
241. 426. 583. 758. 739. 765. 635. 455. 243. 105.
269. 508. 951. 870. 865. 686. 455. 251.  76.  19.
425. 490. 608. 963. 646. 516. 422. 310. 266. 304.
298. 562. 823. 819. 764. 916. 474. 294.   0.   0.
294. 407. 908. 779. 902. 729. 549. 382.   0.   0.
350. 472. 884. 900. 672. 580. 520. 358. 170.  44.
269. 444. 935. 808. 871. 790. 485. 348.   0.   0.
283. 382. 960. 851. 934. 693. 547. 260.  40.   0.
424. 435. 622. 858. 678. 509. 403. 340. 284. 397.
236. 543. 842. 818. 878. 766. 451. 279. 101.  36.
310. 453. 907. 762. 899. 758. 512. 349.   0.   0.
284. 393. 685. 833. 709. 768. 599. 478. 157.  44.
360. 514. 822. 750. 725. 705. 659. 372.  43.   0.
219. 468. 622. 820. 770. 677. 710. 389. 214.  61.
 343.  736. 1005. 1002.  782.  508.  365.  152.   57.    0.
