 458.  453.  486.  533.  599.  887. 1138.  396.    0.    0.
 442.  470.  501.  548.  645.  891. 1049.  404.    0.    0.
474. 488. 522. 565. 637. 832. 960. 472.   0.   0.
439. 458. 485. 564. 688. 872. 988. 456.   0.   0.
 435.  478.  532.  580.  659. 1156.  605.  446.   59.    0.
 465.  476.  497.  545.  686.  802. 1471.    8.    0.    0.
429. 478. 496. 596. 661. 995. 705. 540.  50.   0.
454. 480. 564. 684. 980. 788. 531. 326. 143.   0.
 474.  445.  504.  604.  752. 1110.  693.  368.    0.    0.
 444.  453.  468.  486.  597.  749. 1472.  281.    0.    0.
901. 895. 799. 697. 587. 424. 307. 218.  95.  27.
 418.  499.  499.  570.  696. 1048.  733.  419.   68.    0.
 445.  485.  529.  555.  693.  906. 1331.    6.    0.    0.
478. 457. 481. 595. 742. 964. 775. 429.  29.   0.
478. 454. 497. 702. 994. 816. 570. 271. 168.   0.
 453.  477.  517.  594.  704. 1065.  645.  495.    0.    0.
 447.  464.  472.  498.  580.  698. 1401.  390.    0.    0.
892. 787. 643. 558. 516. 474. 483. 349. 150.  98.
 433.  456.  497.  551.  586.  703. 1350.  374.    0.    0.
831. 777. 670. 688. 590. 475. 358. 289. 214.  58.
926. 826. 790. 656. 500. 473. 376. 214. 148.  41.
 500.  446.  456.  585.  763.  781. 1399.   20.    0.    0.
 481.  473.  486.  542.  687.  832. 1371.   78.    0.    0.
 445.  450.  475.  506.  591.  722. 1402.  359.    0.    0.
 461.  509.  607. 1122.  733.  531.  461.  299.  173.   54.
437. 469. 577. 608. 679. 948. 622. 364. 172.  74.
694. 678. 704. 685. 472. 645. 416. 274. 294.  88.
 455.  425.  626.  639.  626. 1108.  592.  262.  173.   44.
 459.  425.  538.  679.  654. 1028.  643.  360.  164.    0.
 422.  485.  544.  553.  740. 1068.  574.  418.  146.    0.
 468.  469.  459.  529.  726. 1100.  846.  353.    0.    0.
476. 631. 886. 808. 602. 503. 442. 326. 221.  55.
497. 632. 859. 767. 586. 486. 487. 371. 223.  42.
435. 611. 959. 874. 639. 521. 436. 296. 145.  34.
 495.  538. 1006. 1000.  624.  517.  407.  207.  130.   26.
468. 580. 961. 893. 593. 540. 401. 272. 187.  55.
445. 583. 960. 848. 635. 530. 379. 286. 220.  64.
 498.  856. 1007.  745.  559.  489.  354.  206.  173.   63.
480. 913. 990. 718. 586. 464. 378. 252. 138.  31.
 494.  876. 1005.  776.  589.  472.  327.  193.  158.   60.
517. 875. 935. 801. 643. 431. 303. 251. 136.  58.
481. 558. 946. 795. 648. 543. 358. 323. 225.  73.
