400. 528. 900. 843. 717. 481. 520. 293. 259.   9.
 428.  559.  539.  537.  651.  967. 1122.  147.    0.    0.
260. 497. 663. 761. 781. 823. 658. 293. 162.  52.
 311.  622.  673.  753.  801. 1069.  528.  193.    0.    0.
389. 860. 963. 982. 820. 527. 316.  93.   0.   0.
409. 627. 832. 762. 641. 605. 377. 312. 307.  78.
324. 597. 599. 678. 819. 948. 713. 272.   0.   0.
 307.  581.  597.  700.  719. 1129.  659.  258.    0.    0.
303. 460. 628. 915. 938. 670. 529. 361. 124.  22.
 352.  583.  565.  618.  757. 1063.  814.  198.    0.    0.
412. 634. 912. 631. 545. 524. 485. 480. 273.  54.
775. 952. 800. 670. 551. 466. 315. 225. 181.  15.
 337.  367.  445.  438.  497.  477.  538. 1307.  377.  167.
247. 498. 901. 812. 868. 713. 518. 278. 115.   0.
269. 535. 779. 829. 755. 651. 582. 408. 104.  38.
422. 756. 791. 654. 472. 491. 444. 517. 330.  73.
297. 694. 803. 832. 705. 571. 462. 378. 193.  15.
224. 576. 816. 845. 856. 733. 631. 214.  39.  16.
404. 627. 844. 774. 685. 505. 420. 233. 325. 133.
312. 596. 733. 726. 770. 609. 703. 403.  88.  10.
374. 743. 796. 841. 734. 613. 371. 360.  92.  26.
