 507.  468.  460.  486.  574.  736. 1251.  468.    0.    0.
 482.  719.  504.  493.  711. 1016.  739.  279.    7.    0.
 425.  447.  474.  571.  779. 1115.  546.  432.  161.    0.
541. 816. 935. 676. 524. 496. 397. 284. 188.  93.
 509.  618. 1147.  792.  575.  478.  412.  220.  146.   53.
479. 640. 996. 755. 493. 516. 406. 321. 232. 112.
 507. 1066.  832.  660.  555.  480.  349.  287.  137.   77.
486. 544. 673. 706. 820. 733. 858. 130.   0.   0.
 458.  552.  561.  590.  736. 1019. 1013.   21.    0.    0.
 494.  497.  700.  813. 1185.  589.  567.  105.    0.    0.
436. 482. 521. 575. 737. 954. 687. 544.  14.   0.
567. 835. 946. 717. 552. 533. 337. 246. 198.  19.
 476.  482.  461.  518.  647.  804. 1283.  270.    9.    0.
 435.  477.  463.  503.  577.  764. 1301.  430.    0.    0.
 417.  454.  478.  509.  587.  738. 1319.  448.    0.    0.
 434.  453.  440.  527.  616.  714. 1307.  459.    0.    0.
 457.  429.  482.  484.  563.  775. 1320.  440.    0.    0.
656. 783. 666. 659. 593. 563. 522. 403. 105.   0.
 471.  468.  486.  523.  628. 1050.  691.  572.   61.    0.
 454.  437.  499.  497.  624. 1149.  827.  444.   19.    0.
