 359.  384.  441.  432.  481.  474.  566. 1276.  419.  118.
 530.  499.  703. 1017.  703.  501.  410.  284.  250.   53.
464. 638. 634. 804. 991. 545. 458. 275. 118.  23.
922. 835. 745. 649. 485. 470. 364. 249. 168.  63.
 514.  999. 1073. 1024.  667.  521.  134.   18.    0.    0.
461. 509. 660. 738. 906. 727. 575. 374.   0.   0.
 517.  474.  502. 1058.  754.  584.  630.  416.   15.    0.
 725. 1221. 1410.  886.  519.  138.   40.   11.    0.    0.
 783. 1296. 1221.  994.  469.  147.   36.    4.    0.    0.
780. 638. 689. 632. 955. 614. 396. 133. 102.  11.
648. 707. 706. 658. 693. 661. 456. 345.  76.   0.
955. 814. 788. 670. 595. 414. 310. 240. 117.  47.
510. 564. 926. 824. 714. 462. 720. 230.   0.   0.
 498.  478.  746.  807.  839. 1023.  370.  175.   14.    0.
831. 854. 730. 665. 494. 472. 364. 274. 182.  84.
 485. 1049.  847.  730.  628.  477.  286.  221.  178.   49.
493. 589. 741. 898. 770. 676. 471. 238.  74.   0.
498. 491. 729. 909. 666. 558. 571. 517.  11.   0.
492. 658. 894. 904. 649. 486. 437. 279. 131.  20.
962. 867. 824. 715. 554. 468. 287. 187.  82.   4.
469. 572. 705. 851. 736. 550. 475. 343. 245.   4.
795. 809. 780. 666. 492. 483. 399. 244. 183.  99.
512. 651. 899. 840. 644. 470. 323. 278. 245.  88.
 481.  443.  549.  688. 1018.  709.  537.  242.  223.   60.
438. 511. 613. 622. 835. 642. 668. 408. 194.  19.
942. 848. 779. 656. 510. 454. 306. 256. 164.  35.
882. 907. 791. 713. 545. 431. 305. 219. 132.  25.
934. 871. 857. 681. 528. 451. 318. 175.  95.  40.
959. 937. 811. 646. 572. 447. 315. 172.  80.  11.
926. 952. 827. 722. 562. 407. 274. 164.  89.  27.
1048.  926.  777.  689.  500.  406.  298.  152.   92.   62.
974. 927. 802. 654. 564. 459. 312. 163.  69.  26.
960. 928. 813. 681. 577. 438. 277. 159.  80.  37.
971. 894. 725. 670. 578. 445. 341. 217.  87.  22.
943. 974. 874. 716. 558. 368. 281. 162.  56.  18.
1048. 1071.  858.  658.  504.  345.  239.  155.   56.   16.
946. 943. 866. 687. 547. 418. 277. 169.  83.  14.
917. 800. 759. 672. 578. 414. 377. 243. 144.  46.
924. 869. 736. 649. 546. 480. 395. 193. 104.  54.
949. 941. 855. 667. 545. 432. 290. 169.  81.  21.
1188. 1016.  730.  634.  588.  426.  196.   99.   61.   12.
910. 863. 798. 622. 577. 418. 394. 203. 132.  33.
909. 963. 835. 672. 583. 413. 290. 177.  79.  29.
948. 847. 767. 665. 527. 467. 340. 250. 119.  20.
921. 772. 712. 695. 594. 438. 288. 258. 214.  58.
803. 689. 826. 526. 547. 362. 494. 322. 250. 131.
941. 754. 672. 580. 533. 447. 387. 355. 231.  50.
