461. 608. 772. 942. 627. 528. 381. 331. 198. 102.
597. 902. 776. 648. 575. 478. 360. 293. 220. 101.
 455.  487.  487.  481.  541.  668. 1357.  474.    0.    0.
 429.  440.  483.  533.  591.  720. 1292.  462.    0.    0.
647. 753. 699. 636. 609. 583. 480. 475.  68.   0.
 433.  449.  427.  524.  592.  813. 1072.  640.    0.    0.
414. 435. 475. 520. 603. 945. 891. 667.   0.   0.
 413.  466.  458.  544.  570.  715. 1307.  477.    0.    0.
674. 721. 570. 578. 609. 585. 523. 550. 140.   0.
 421.  452.  473.  536.  563.  716. 1325.  464.    0.    0.
 494.  498.  398.  558.  593.  678. 1215.  516.    0.    0.
 430.  456.  483.  517.  568.  746. 1279.  471.    0.    0.
 408.  468.  456.  543.  590.  711. 1297.  477.    0.    0.
 470.  533.  516.  548.  630.  760. 1087.  406.    0.    0.
505. 773. 812. 589. 540. 514. 517. 428. 271.   1.
531. 714. 871. 669. 533. 477. 495. 442. 218.   0.
525. 834. 815. 695. 591. 530. 463. 281. 199.  17.
510. 560. 855. 857. 537. 660. 449. 371. 151.   0.
 469.  565.  783. 1039.  730.  523.  349.  352.  140.    0.
576. 829. 693. 563. 535. 514. 420. 449. 371.   0.
558. 971. 820. 674. 566. 488. 384. 305. 160.  24.
 452.  432.  548.  499.  730. 1075.  817.  373.   24.    0.
896. 797. 683. 585. 573. 435. 390. 306. 189.  96.
969. 811. 747. 670. 575. 437. 306. 271. 148.  16.
892. 798. 771. 656. 540. 462. 378. 234. 184.  35.
880. 919. 736. 680. 499. 494. 321. 255. 118.  48.
891. 803. 683. 636. 513. 478. 363. 309. 207.  67.
945. 860. 756. 631. 550. 479. 382. 212. 118.  17.
