 399.  397.  433.  461.  512. 1158.  645.  432.  406.  107.
 470.  471.  485.  533.  609.  689. 1248.  445.    0.    0.
 439.  473.  458.  536.  582.  707. 1295.  460.    0.    0.
 435.  467.  470.  481.  589.  761. 1313.  434.    0.    0.
 439.  462.  464.  510.  565.  765. 1299.  446.    0.    0.
 449.  474.  487.  499.  532.  684. 1345.  480.    0.    0.
 445.  458.  471.  510.  582.  719. 1328.  437.    0.    0.
 450.  457.  447.  509.  574.  756. 1309.  448.    0.    0.
 447.  484.  492.  502.  576.  679. 1311.  459.    0.    0.
 453.  404.  486.  558.  540.  768. 1262.  479.    0.    0.
 464.  441.  470.  501.  557.  747. 1309.  461.    0.    0.
 472.  419.  454.  530.  570.  690. 1350.  465.    0.    0.
 416.  460.  477.  526.  573.  723. 1335.  440.    0.    0.
 452.  458.  480.  519.  560.  740. 1301.  440.    0.    0.
 430.  490.  489.  511.  570.  729. 1290.  441.    0.    0.
 469.  707.  735. 1123. 1011.  636.  265.    4.    0.    0.
 477.  697.  790. 1082. 1083.  594.  217.   10.    0.    0.
 501.  600.  685. 1090. 1057.  718.  290.    9.    0.    0.
 489.  619.  653. 1127. 1000.  749.  299.   14.    0.    0.
 480.  719.  823. 1195. 1036.  548.  147.    2.    0.    0.
 473.  783.  825. 1221.  969.  532.  147.    0.    0.    0.
4.480e+02 6.800e+02 7.630e+02 1.044e+03 1.097e+03 6.650e+02 2.520e+02
 1.000e+00 0.000e+00 0.000e+00
 457.  673.  749. 1070. 1107.  622.  261.   11.    0.    0.
 544.  507.  606. 1090. 1020.  836.  342.    5.    0.    0.
 490.  728.  805. 1185. 1001.  573.  166.    2.    0.    0.
 479.  652.  685.  926. 1128.  675.  373.   32.    0.    0.
 428.  654.  741. 1104. 1076.  618.  309.   20.    0.    0.
 432.  698.  770. 1114. 1057.  635.  244.    0.    0.    0.
 551.  580.  628. 1032. 1082.  737.  334.    6.    0.    0.
 494.  632.  672. 1121. 1030.  718.  281.    2.    0.    0.
 421.  670.  719. 1046. 1100.  660.  324.   10.    0.    0.
 477.  700.  774. 1168. 1023.  595.  210.    3.    0.    0.
 459.  693.  666. 1142. 1021.  719.  245.    5.    0.    0.
 468.  675.  731. 1105. 1089.  676.  203.    3.    0.    0.
 452.  666.  670. 1092. 1075.  669.  306.   20.    0.    0.
 458.  769.  732. 1132. 1051.  624.  180.    4.    0.    0.
 475.  686.  725.  992. 1130.  658.  282.    2.    0.    0.
 455.  667.  751. 1115. 1056.  608.  289.    9.    0.    0.
 513.  727.  695. 1190. 1062.  577.  178.    8.    0.    0.
 451.  687.  725. 1202. 1042.  606.  224.   13.    0.    0.
4.670e+02 7.110e+02 7.760e+02 1.172e+03 1.026e+03 6.040e+02 1.930e+02
 1.000e+00 0.000e+00 0.000e+00
 464.  621.  757. 1040. 1101.  660.  294.   13.    0.    0.
 466.  642.  702. 1188. 1030.  680.  239.    3.    0.    0.
 449.  730.  812. 1163. 1008.  618.  168.    2.    0.    0.
 457.  696.  706. 1069. 1107.  629.  286.    0.    0.    0.
 491.  623.  640. 1120. 1003.  764.  309.    0.    0.    0.
 447.  666.  729. 1117. 1082.  617.  284.    8.    0.    0.
 462.  614.  742. 1122. 1042.  686.  278.    4.    0.    0.
 447.  638.  731. 1070. 1066.  671.  319.    8.    0.    0.
 500.  691.  787. 1279.  977.  565.  151.    0.    0.    0.
 411.  756.  831. 1188. 1028.  552.  176.    8.    0.    0.
 455.  657.  746. 1137. 1064.  637.  247.    7.    0.    0.
 459.  681.  770. 1062. 1120.  610.  227.   21.    0.    0.
 449.  708.  766. 1194. 1029.  588.  216.    0.    0.    0.
 539.  748.  845. 1093.  936.  586.  199.    4.    0.    0.
4.470e+02 7.230e+02 7.540e+02 1.158e+03 1.031e+03 6.360e+02 2.000e+02
 1.000e+00 0.000e+00 0.000e+00
 566.  532.  680. 1088. 1060.  644.  380.    0.    0.    0.
 457.  667.  754. 1178. 1032.  623.  239.    0.    0.    0.
 486.  700.  785. 1198. 1034.  590.  153.    4.    0.    0.
 516.  638.  705. 1217.  966.  731.  175.    2.    0.    0.
 428.  686.  728. 1085. 1133.  645.  245.    0.    0.    0.
 508.  691.  648. 1205.  996.  664.  225.   13.    0.    0.
 474.  656.  707. 1109. 1021.  701.  277.    5.    0.    0.
 428.  617.  802. 1013. 1101.  638.  334.   17.    0.    0.
 470.  665.  761. 1066. 1118.  583.  277.   10.    0.    0.
 420.  723.  773. 1093. 1114.  612.  206.    9.    0.    0.
 446.  673.  704. 1073. 1085.  699.  263.    7.    0.    0.
 476.  684.  768. 1053. 1052.  642.  269.    6.    0.    0.
 445.  760.  745. 1166. 1048.  543.  234.    9.    0.    0.
4.690e+02 6.640e+02 7.230e+02 1.122e+03 1.092e+03 6.470e+02 2.320e+02
 1.000e+00 0.000e+00 0.000e+00
 495.  552.  667. 1070. 1073.  739.  347.    7.    0.    0.
5.130e+02 6.540e+02 7.260e+02 1.097e+03 1.009e+03 6.810e+02 2.690e+02
 1.000e+00 0.000e+00 0.000e+00
 513.  592.  708. 1146. 1078.  669.  241.    3.    0.    0.
 461.  747.  766. 1239. 1003.  587.  147.    0.    0.    0.
4.760e+02 7.290e+02 7.890e+02 1.247e+03 9.600e+02 5.700e+02 1.780e+02
 1.000e+00 0.000e+00 0.000e+00
 492.  550.  609. 1065. 1041.  733.  452.    8.    0.    0.
 447.  672.  717. 1114. 1092.  652.  253.    3.    0.    0.
 549.  539.  618. 1087. 1033.  775.  332.   17.    0.    0.
 454.  619.  763. 1047. 1058.  708.  294.    7.    0.    0.
 456.  768.  712. 1258. 1046.  574.  133.    3.    0.    0.
 481.  629.  662. 1088. 1048.  708.  319.   15.    0.    0.
 460.  647.  671. 1142. 1044.  689.  286.   11.    0.    0.
 586.  625.  641. 1120. 1021.  656.  301.    0.    0.    0.
 456.  692.  698. 1107. 1054.  680.  256.    7.    0.    0.
 479.  703.  675. 1188. 1014.  674.  212.    5.    0.    0.
 452.  630.  730.  968. 1131.  658.  351.   30.    0.    0.
 514.  626.  677. 1014. 1037.  678.  399.    5.    0.    0.
 450.  657.  756. 1091. 1055.  686.  252.    3.    0.    0.
 498.  695.  669. 1216. 1017.  685.  170.    0.    0.    0.
 502.  580.  629. 1061. 1087.  766.  320.    5.    0.    0.
 433.  699.  736. 1182. 1059.  614.  211.   16.    0.    0.
 476.  635.  741.  958. 1142.  604.  370.   24.    0.    0.
 462.  692.  635. 1029. 1149.  691.  273.   19.    0.    0.
