493. 440. 770. 937. 648. 583. 478. 324. 188.  89.
404. 466. 888. 793. 638. 511. 393. 345. 202. 310.
 454.  466.  442.  514.  585.  709. 1296.  484.    0.    0.
 430.  480.  488.  485.  594.  702. 1339.  432.    0.    0.
383. 390. 424. 469. 476. 940. 652. 516. 597. 103.
354. 395. 460. 435. 444. 874. 569. 539. 712. 168.
368. 389. 411. 469. 513. 962. 633. 489. 562. 154.
328. 424. 420. 410. 557. 838. 685. 459. 683. 146.
356. 394. 474. 445. 531. 864. 660. 437. 673. 116.
374. 370. 408. 460. 452. 954. 646. 498. 622. 166.
 361.  437.  443.  510. 1092.  695.  490.  341.  270.  311.
 650. 1000.  698.  565.  482.  490.  429.  309.  229.   98.
599. 957. 724. 638. 569. 445. 373. 310. 201. 134.
643. 886. 733. 673. 563. 486. 334. 298. 185. 149.
