771. 725. 700. 559. 578. 382. 537. 291. 293. 114.
768. 764. 664. 536. 511. 460. 424. 389. 336.  98.
760. 702. 659. 601. 663. 494. 566. 306. 180.  19.
762. 736. 610. 632. 514. 465. 503. 370. 303.  55.
520. 868. 679. 673. 655. 647. 537. 362.   9.   0.
398. 809. 637. 633. 653. 567. 606. 552.  95.   0.
494. 636. 992. 924. 662. 483. 342. 234. 173.  10.
521. 612. 883. 815. 616. 524. 440. 257. 226.  56.
487. 633. 845. 945. 642. 507. 368. 267. 175.  81.
563. 685. 852. 846. 642. 502. 423. 258. 155.  24.
763. 642. 579. 594. 651. 509. 363. 321. 367. 161.
 444.  436.  496.  523.  584.  833. 1334.  300.    0.    0.
 577. 1053.  824.  631.  531.  513.  398.  274.  108.   41.
558. 951. 803. 679. 550. 482. 370. 297. 189.  71.
909. 771. 670. 613. 575. 415. 386. 314. 238.  59.
921. 868. 843. 644. 556. 444. 319. 196. 119.  40.
1008.  843.  835.  657.  551.  456.  303.  182.   94.   21.
 571. 1117.  802.  684.  558.  422.  339.  234.  164.   59.
727. 649. 584. 545. 461. 453. 431. 393. 435. 272.
 439.  470.  508.  524.  582.  821. 1209.  397.    0.    0.
 553. 1100.  758.  691.  587.  419.  342.  283.  170.   47.
571. 921. 826. 658. 579. 446. 419. 234. 221.  75.
944. 899. 754. 690. 527. 453. 340. 213. 113.  17.
928. 758. 638. 634. 552. 425. 360. 358. 228.  69.
908. 795. 790. 621. 536. 445. 384. 242. 158.  71.
656. 981. 694. 650. 622. 500. 335. 254. 165.  93.
805. 708. 603. 606. 540. 513. 475. 350. 297.  53.
818. 769. 619. 545. 533. 506. 496. 430. 213.  21.
455. 482. 442. 553. 823. 964. 568. 414. 249.   0.
 461.  469.  471.  518.  617. 1183.  733.  457.   41.    0.
439. 479. 488. 546. 811. 730. 660. 577. 220.   0.
 442.  423.  480.  546.  629. 1113.  689.  562.   66.    0.
285. 641. 822. 784. 708. 776. 575. 344.  15.   0.
288. 535. 796. 895. 782. 747. 580. 312.  15.   0.
