509. 554. 666. 633. 830. 534. 562. 460. 202.   0.
 495.  512.  533.  622.  776. 1109.  556.  309.   38.    0.
425. 472. 551. 527. 650. 992. 675. 459. 199.   0.
 503.  494.  554.  631.  797. 1143.  447.  360.   21.    0.
 961. 1055.  774.  544.  541.  383.  321.  252.  101.   18.
 439.  462.  455.  508.  589.  722. 1321.  454.    0.    0.
 519.  602.  545.  597. 1076.  727.  529.  315.   40.    0.
467. 590. 877. 981. 728. 522. 306. 230. 188.  61.
 454.  541.  574.  646. 1015.  794.  546.  305.   75.    0.
482. 473. 461. 541. 891. 886. 717. 353. 146.   0.
 472.  608.  809. 1004.  660.  477.  350.  271.  233.   66.
418. 465. 533. 690. 732. 874. 849. 389.   0.   0.
435. 469. 490. 720. 852. 609. 822. 553.   0.   0.
 427.  434.  494.  498.  598.  729. 1318.  452.    0.    0.
 358.  384.  467.  442.  479.  553.  611. 1290.  329.   37.
 574.  884. 1056. 1076.  789.  479.   81.   11.    0.    0.
 457.  725.  822. 1033.  803.  708.  304.   98.    0.    0.
 542. 1085. 1035. 1035.  719.  448.   79.    7.    0.    0.
 600.  960. 1143. 1211.  660.  300.   64.   12.    0.    0.
 393.  740. 1177. 1081.  826.  553.  148.   32.    0.    0.
 563.  992. 1169. 1075.  744.  354.   47.    6.    0.    0.
452. 970. 743. 627. 650. 566. 476. 247. 201.  18.
759. 839. 760. 726. 588. 445. 390. 227. 198.  18.
583. 859. 915. 772. 567. 500. 365. 230. 157.   2.
438. 971. 797. 685. 648. 538. 429. 277. 143.  24.
729. 944. 810. 596. 554. 536. 401. 245. 131.   4.
536. 840. 929. 713. 510. 558. 420. 253. 178.  13.
 572. 1005.  887.  905.  606.  494.  311.  147.   23.    0.
591. 952. 897. 915. 602. 433. 305. 150. 102.   3.
 446.  480.  476.  529.  614.  709. 1259.  437.    0.    0.
 515.  454.  448.  489.  646.  663. 1294.  441.    0.    0.
 434.  478.  531.  640. 1173.  745.  510.  299.  140.    0.
 470.  459.  543.  652. 1000.  723.  487.  406.  210.    0.
469. 484. 557. 699. 819. 593. 589. 423. 315.   2.
 432.  486.  538.  676. 1048.  725.  508.  338.  199.    0.
437. 474. 530. 708. 955. 721. 541. 411. 173.   0.
 447.  481.  512.  669. 1240.  747.  473.  262.  119.    0.
