 448.  471.  458.  573.  567.  729. 1250.  454.    0.    0.
792. 715. 705. 785. 572. 489. 350. 267. 216.  59.
 402.  448.  486.  524.  583.  777. 1115.  615.    0.    0.
441. 493. 514. 639. 898. 774. 555. 428. 208.   0.
 440.  452.  456.  476.  569.  727. 1056.  774.    0.    0.
436. 513. 601. 973. 801. 573. 440. 334. 241.  38.
512. 756. 993. 694. 587. 498. 397. 269. 169.  75.
857. 828. 742. 672. 573. 465. 336. 242. 172.  63.
956. 902. 788. 713. 579. 426. 268. 184. 107.  27.
890. 861. 782. 701. 570. 440. 289. 236. 142.  39.
398. 400. 452. 433. 474. 643. 926. 921. 296.   7.
 413.  385.  445.  510.  506.  557. 1064.  779.  256.   35.
511. 880. 919. 741. 590. 470. 369. 253. 170.  47.
 387.  382.  449.  554.  487.  552. 1073.  829.  230.    7.
509. 593. 974. 631. 610. 407. 477. 460. 289.   0.
 588. 1049.  784.  664.  579.  448.  354.  260.  168.   56.
 448.  475.  529.  626. 1289.  706.  417.  279.  181.    0.
 482.  499.  553.  644. 1179.  625.  439.  309.  211.    9.
457. 455. 596. 662. 983. 605. 469. 461. 254.   8.
 367.  349.  434.  482.  533.  516.  771. 1073.  332.   93.
391. 390. 431. 416. 377. 804. 655. 534. 749. 203.
339. 421. 402. 439. 453. 946. 759. 447. 572. 172.
 524.  554. 1169.  908.  603.  541.  358.  293.    0.    0.
544. 712. 955. 864. 685. 385. 311. 318. 176.   0.
 536.  751. 1198.  772.  600.  436.  400.  211.   46.    0.
393. 392. 432. 474. 854. 640. 469. 313. 575. 408.
 395.  427.  439.  469. 1021.  721.  452.  340.  413.  273.
417. 370. 402. 504. 996. 776. 526. 277. 385. 297.
362. 445. 450. 468. 903. 620. 525. 420. 459. 298.
