1019.  848.  557.  470.  471.  522.  631.  335.   89.    8.
 598. 1052. 1311. 1079.  399.  221.  208.   66.   16.    0.
 723. 1405. 1115.  727.  501.  272.  125.   63.   16.    3.
 490.  433.  470.  535.  575.  675. 1218.  554.    0.    0.
 465.  473.  456.  507.  574.  654. 1292.  529.    0.    0.
 368.  409.  451.  494. 1079.  783.  497.  356.  351.  162.
 388.  379.  496.  426. 1164.  710.  490.  396.  313.  188.
 503.  555.  627. 1070.  780.  590.  403.  422.    0.    0.
 494.  516.  556. 1081.  864.  538.  447.  454.    0.    0.
 430.  444.  508.  559.  649.  713. 1191.  456.    0.    0.
550. 564. 934. 722. 581. 457. 449. 610.  83.   0.
 502.  535. 1076.  887.  649.  475.  397.  378.   51.    0.
