 508.  748. 1075.  755.  573.  527.  452.  270.   42.    0.
499. 639. 705. 877. 882. 771. 512.  65.   0.   0.
 430.  533.  556.  566.  744.  880. 1060.  181.    0.    0.
 521.  529.  624.  934. 1049.  608.  368.  305.   12.    0.
901. 910. 798. 633. 547. 449. 338. 205. 141.  28.
 483.  595. 1146.  850.  665.  422.  374.  231.  184.    0.
421. 420. 502. 544. 747. 847. 717. 688.  64.   0.
423. 443. 476. 639. 590. 971. 921. 480.   7.   0.
 497.  517.  557.  556.  585.  795. 1204.  239.    0.    0.
 464.  429.  438.  519.  661.  648. 1343.  448.    0.    0.
 353.  614.  673. 1112.  849.  594.  473.  250.   32.    0.
846. 869. 714. 544. 521. 544. 417. 307. 139.  49.
524. 697. 742. 789. 839. 648. 347. 250. 114.   0.
509. 972. 826. 694. 630. 444. 370. 293. 197.  15.
477. 630. 623. 864. 981. 794. 449. 132.   0.   0.
476. 458. 489. 542. 859. 959. 658. 372. 137.   0.
493. 993. 744. 722. 489. 516. 360. 292. 257.  84.
481. 953. 883. 704. 569. 465. 354. 280. 169.  92.
 498.  549. 1164.  742.  620.  433.  417.  280.  193.   54.
543. 949. 739. 630. 579. 492. 450. 327. 214.  27.
672. 913. 743. 624. 543. 432. 444. 380. 162.  37.
630. 891. 627. 522. 478. 478. 458. 448. 347.  71.
 440.  450.  475.  521.  583.  691. 1287.  503.    0.    0.
 431.  497.  463.  572.  658. 1226.  678.  425.    0.    0.
 435.  463.  499.  539.  550.  763. 1387.  314.    0.    0.
 447.  516.  548.  577. 1077.  644.  525.  419.  197.    0.
 452.  407.  484.  517.  593.  740. 1288.  469.    0.    0.
692. 902. 813. 584. 514. 488. 396. 321. 177.  63.
554. 952. 873. 625. 626. 424. 392. 189. 177. 138.
 460.  468.  434.  489.  635.  721. 1454.  289.    0.    0.
455. 459. 488. 532. 589. 863. 900. 521. 143.   0.
 459.  449.  455.  492.  612.  714. 1335.  434.    0.    0.
 445.  520.  526.  668. 1062.  710.  508.  373.  138.    0.
 436.  474.  510.  496.  617.  694. 1424.  299.    0.    0.
650. 966. 852. 663. 546. 503. 379. 240. 131.  20.
568. 975. 808. 664. 556. 463. 393. 264. 187.  72.
414. 455. 529. 637. 756. 905. 565. 458. 231.   0.
 472.  512.  610.  637.  673. 1002.  466.  456.  122.    0.
403. 497. 550. 614. 959. 642. 527. 585. 173.   0.
 434.  448.  475.  521.  594.  776. 1332.  370.    0.    0.
 484. 1014.  763.  638.  553.  490.  362.  309.  205.  132.
 494.  482.  504.  519.  625.  748. 1193.  385.    0.    0.
 468. 1067.  817.  646.  635.  466.  320.  252.  148.  131.
 518. 1069.  725.  634.  622.  430.  357.  284.  244.   67.
435. 440. 500. 747. 956. 609. 528. 428. 305.   2.
910. 909. 777. 676. 575. 412. 318. 232. 103.  38.
937. 845. 682. 591. 529. 479. 391. 315. 149.  32.
914. 833. 703. 666. 473. 498. 360. 309. 138.  56.
956. 820. 743. 670. 569. 424. 347. 218. 160.  43.
861. 814. 673. 616. 517. 466. 352. 315. 212. 124.
1056.  943.  849.  723.  577.  347.  207.  146.   81.   21.
 425.  415.  477.  510.  549.  619. 1212.  743.    0.    0.
 425.  425.  428.  541.  561.  634. 1145.  791.    0.    0.
 401.  440.  465.  511.  563.  650. 1128.  792.    0.    0.
 400.  451.  467.  507.  533.  664. 1123.  805.    0.    0.
 432.  452.  492.  416.  529.  648. 1178.  803.    0.    0.
 447.  427.  463.  454.  540.  672. 1203.  744.    0.    0.
 456. 1056.  812.  604.  568.  475.  412.  289.  218.   60.
439. 477. 526. 945. 845. 620. 373. 490. 235.   0.
451. 590. 572. 793. 889. 575. 659. 294. 120.   7.
465. 539. 586. 930. 846. 516. 483. 555.  30.   0.
 471.  605.  631. 1033.  917.  460.  403.  332.   98.    0.
434. 658. 587. 867. 736. 601. 575. 435.  57.   0.
474. 666. 615. 751. 807. 649. 609. 313.  66.   0.
448. 662. 721. 782. 701. 572. 495. 415. 144.  10.
