408. 745. 704. 613. 609. 623. 589. 450. 209.   0.
 272.  679.  627.  710.  889. 1103.  509.  161.    0.    0.
230. 600. 745. 844. 790. 735. 514. 305. 171.  16.
442. 812. 906. 803. 841. 540. 334. 263.   9.   0.
329. 703. 811. 798. 903. 701. 532. 153.  20.   0.
 270.  679.  686.  707.  867. 1067.  552.  122.    0.    0.
339. 831. 748. 779. 798. 562. 558. 236.  99.   0.
234. 475. 678. 863. 682. 735. 467. 381. 343.  92.
231. 622. 589. 614. 690. 886. 803. 433.  82.   0.
 256.  667.  588.  672.  876. 1060.  623.  208.    0.    0.
257. 595. 801. 830. 757. 724. 568. 257. 116.  45.
350. 412. 638. 625. 745. 795. 526. 387. 422.  50.
379. 762. 797. 727. 673. 625. 500. 318. 169.   0.
321. 759. 901. 945. 821. 590. 491. 122.   0.   0.
240. 551. 619. 891. 728. 813. 635. 300. 117.  56.
226. 588. 614. 657. 772. 825. 735. 445.  88.   0.
269. 661. 771. 884. 804. 595. 614. 222. 130.   0.
338. 824. 949. 986. 837. 577. 372.  67.   0.   0.
260. 649. 697. 841. 827. 782. 536. 229.  90.  39.
248. 541. 752. 989. 805. 669. 384. 319. 195.  48.
270. 598. 546. 735. 692. 734. 638. 470. 205.  62.
250. 503. 720. 824. 697. 710. 442. 402. 303.  99.
235. 581. 709. 956. 643. 684. 347. 452. 285.  58.
304. 684. 849. 970. 884. 623. 380. 192.  64.   0.
396. 367. 448. 443. 458. 858. 620. 434. 710. 216.
 430.  997. 1054.  949.  621.  418.  297.  137.   47.    0.
352. 662. 981. 965. 796. 449. 412. 229.  87.  17.
 520. 1041.  765.  704.  557.  442.  391.  330.  144.   56.
 436.  484.  474.  503.  568.  702. 1324.  459.    0.    0.
 437.  486.  468.  511.  577.  725. 1312.  434.    0.    0.
 443.  467.  465.  511.  561.  699. 1362.  442.    0.    0.
 489.  464.  479.  451.  543.  700. 1386.  438.    0.    0.
 420.  475.  481.  507.  607.  700. 1335.  425.    0.    0.
 460.  481.  494.  517.  549.  693. 1241.  515.    0.    0.
 436.  470.  470.  503.  574.  718. 1315.  464.    0.    0.
 478.  463.  488.  477.  600.  728. 1268.  448.    0.    0.
 424.  474.  468.  489.  592.  733. 1320.  450.    0.    0.
 465.  452.  488.  457.  580.  722. 1311.  475.    0.    0.
 445.  449.  461.  527.  587.  735. 1305.  441.    0.    0.
 445.  473.  466.  482.  573.  730. 1333.  448.    0.    0.
 451.  449.  474.  501.  581.  701. 1323.  470.    0.    0.
 481.  470.  509.  557.  596.  719. 1221.  397.    0.    0.
 449.  446.  508.  514.  589.  722. 1299.  423.    0.    0.
 423.  461.  469.  512.  616.  717. 1328.  424.    0.    0.
 438.  445.  507.  506.  582.  705. 1329.  438.    0.    0.
725. 749. 791. 525. 405. 406. 487. 359. 503.   0.
751. 903. 849. 642. 501. 456. 395. 276. 177.   0.
