 451.  472.  467.  517.  605.  792. 1075.  571.    0.    0.
 462.  457.  494.  762. 1040.  618.  359.  352.  406.    0.
925. 762. 720. 650. 642. 412. 308. 244. 219.  68.
407. 475. 475. 556. 598. 681. 982. 776.   0.   0.
 431.  498.  655. 1103.  843.  562.  419.  258.  150.   31.
 437.  458.  497.  510.  600.  852. 1260.  336.    0.    0.
478. 458. 591. 791. 603. 541. 658. 392. 438.   0.
448. 496. 813. 995. 749. 496. 424. 284. 201.  44.
 539.  749. 1076.  791.  557.  477.  235.  363.  163.    0.
 381.  376.  413.  457.  465. 1099.  606.  444.  519.  190.
933. 863. 736. 633. 544. 432. 360. 256. 153.  40.
894. 855. 736. 673. 525. 485. 322. 260. 154.  46.
929. 838. 761. 643. 491. 491. 364. 240. 141.  52.
651. 627. 616. 555. 556. 519. 529. 669. 228.   0.
446. 500. 636. 622. 740. 784. 945. 277.   0.   0.
397. 375. 421. 436. 455. 489. 930. 908. 449.  90.
 426.  425.  486.  549.  542.  773. 1317.  432.    0.    0.
 444.  449.  471.  540.  582.  697. 1488.  279.    0.    0.
982. 854. 707. 641. 560. 454. 361. 259. 117.  15.
881. 784. 674. 693. 500. 472. 351. 297. 196. 102.
964. 852. 819. 632. 546. 439. 324. 236.  97.  41.
942. 808. 679. 653. 541. 428. 344. 316. 202.  37.
950. 878. 792. 655. 501. 463. 317. 222. 140.  32.
922. 869. 764. 683. 563. 429. 327. 235. 123.  35.
