 406.  529.  638. 1005.  769.  508.  521.  506.   68.    0.
831. 867. 790. 677. 559. 501. 332. 239. 130.  24.
 507. 1060.  807.  742.  588.  488.  328.  237.  161.   32.
433. 529. 994. 934. 996. 585. 267. 170.  42.   0.
404. 534. 629. 837. 851. 712. 693. 290.   0.   0.
 424.  451.  498.  513.  592.  779. 1234.  459.    0.    0.
4.330e+02 9.560e+02 1.053e+03 9.480e+02 6.660e+02 4.240e+02 2.950e+02
 1.390e+02 3.500e+01 1.000e+00
415. 506. 805. 769. 611. 678. 691. 339. 127.   9.
440. 921. 970. 853. 644. 510. 364. 187.  61.   0.
861. 799. 713. 618. 515. 484. 359. 327. 228.  46.
 449.  469.  457.  519.  576.  797. 1225.  458.    0.    0.
469. 932. 783. 695. 655. 554. 488. 284.  90.   0.
636. 939. 664. 597. 596. 533. 472. 366. 147.   0.
 604. 1065.  945.  820.  656.  370.  220.  160.   92.   18.
 500. 1104.  910.  717.  525.  472.  363.  185.  132.   42.
547. 588. 808. 878. 725. 408. 348. 374. 232.  42.
681. 970. 789. 649. 517. 491. 376. 261. 180.  36.
885. 870. 760. 608. 555. 442. 380. 250. 140.  60.
613. 965. 811. 687. 560. 458. 357. 251. 199.  49.
 752. 1076.  837.  677.  552.  493.  325.  148.   73.   17.
459. 529. 714. 888. 706. 539. 445. 397. 273.   0.
 477.  591.  773. 1140.  732.  515.  291.  254.  177.    0.
998. 933. 508. 443. 439. 445. 482. 411. 242.  49.
 471.  454.  463.  533.  553.  680. 1365.  431.    0.    0.
 415.  468.  495.  521.  638.  872. 1108.  433.    0.    0.
 458.  435.  546.  685. 1104.  699.  458.  295.  270.    0.
 510. 1013.  966.  689.  629.  429.  344.  217.  115.   38.
 459.  467.  478.  513.  558.  757. 1377.  341.    0.    0.
 556. 1037. 1473. 1041.  552.  237.   42.   12.    0.    0.
955. 961. 820. 693. 543. 424. 258. 196.  70.  30.
465. 476. 655. 956. 720. 622. 425. 362. 240.  29.
592. 458. 558. 840. 708. 536. 466. 387. 357.  48.
408. 443. 494. 563. 838. 950. 426. 616. 212.   0.
 460.  489.  554.  618.  712. 1129.  868.  120.    0.    0.
 497.  492.  557.  630.  643.  895. 1231.    5.    0.    0.
 430.  454.  487.  528.  572.  719. 1316.  444.    0.    0.
 440.  457.  442.  495.  615.  760. 1259.  482.    0.    0.
 472.  467.  484.  517.  561.  753. 1293.  403.    0.    0.
 419.  479.  479.  514.  561.  726. 1324.  448.    0.    0.
640. 743. 640. 666. 592. 518. 521. 455. 175.   0.
 487.  758. 1085.  822.  581.  425.  387.  281.  110.   14.
 522.  813. 1104.  770.  666.  386.  322.  200.  137.   30.
 487.  494.  673. 1113.  688.  504.  387.  302.  218.   84.
477. 767. 888. 772. 528. 507. 414. 264. 240.  93.
 485. 1025.  705.  579.  513.  456.  442.  403.  229.  113.
 487. 1042.  795.  669.  596.  442.  365.  289.  177.   88.
