 457.  521.  678. 1056.  701.  598.  461.  340.  116.   22.
489. 958. 722. 631. 535. 452. 412. 318. 261. 172.
 457.  518. 1015.  801.  661.  560.  484.  265.  156.   33.
 418.  471.  532.  595.  654.  778. 1090.  385.   27.    0.
723. 890. 804. 652. 577. 455. 320. 287. 150.  92.
463. 827. 667. 690. 628. 467. 423. 343. 302. 140.
 544. 1025.  719.  697.  509.  468.  420.  265.  214.   89.
 435.  493.  500.  597.  679.  745. 1005.  496.    0.    0.
 450.  508.  660. 1178.  732.  598.  442.  258.  113.   11.
 434. 1084.  802.  672.  558.  466.  366.  309.  181.   78.
450. 536. 870. 886. 709. 529. 408. 244. 255.  63.
 430.  520.  503.  502.  695.  876. 1104.  306.   14.    0.
690. 842. 703. 660. 463. 451. 442. 306. 228. 165.
468. 821. 777. 570. 617. 481. 458. 295. 328. 135.
632. 970. 692. 618. 536. 409. 410. 364. 219. 100.
 444.  459.  516.  490.  617.  797. 1088.  539.    0.    0.
460. 518. 668. 840. 665. 526. 487. 375. 316.  95.
 484. 1057.  814.  635.  632.  484.  335.  187.  161.  161.
449. 541. 877. 806. 643. 565. 390. 265. 297. 117.
4.680e+02 4.650e+02 5.560e+02 6.650e+02 6.990e+02 6.950e+02 1.092e+03
 3.090e+02 1.000e+00 0.000e+00
 741. 1011.  734.  638.  584.  492.  372.  239.  110.   29.
497. 811. 776. 668. 561. 568. 313. 258. 329. 169.
 545. 1016.  807.  630.  558.  452.  421.  265.  186.   70.
438. 470. 531. 547. 534. 849. 917. 664.   0.   0.
 486.  506.  576. 1015.  711.  555.  427.  323.  297.   54.
482. 918. 718. 563. 484. 455. 447. 312. 313. 258.
423. 591. 829. 823. 617. 526. 362. 339. 299. 141.
444. 434. 543. 570. 710. 811. 982. 443.  13.   0.
719. 943. 779. 686. 581. 446. 336. 262. 139.  59.
437. 884. 774. 691. 535. 519. 451. 325. 274.  60.
 546. 1029.  830.  695.  568.  479.  330.  265.  142.   66.
 422.  467.  477.  593.  629.  750. 1157.  455.    0.    0.
454. 511. 630. 982. 633. 573. 480. 362. 251.  74.
 497. 1104.  757.  624.  492.  533.  375.  335.  209.   24.
 493.  579. 1039.  848.  662.  513.  421.  241.  154.    0.
 471.  495.  602.  661.  604. 1150.  817.  150.    0.    0.
746. 927. 809. 686. 571. 449. 331. 243. 152.  36.
 504. 1091.  655.  541.  462.  512.  565.  388.  232.    0.
 602. 1041.  761.  594.  534.  442.  434.  305.  206.   31.
471. 478. 534. 568. 725. 873. 943. 358.   0.   0.
