 695. 1121. 1124. 1040.  579.  228.   82.   64.   17.    0.
 306.  775. 1005. 1118.  786.  571.  218.  126.   45.    0.
 379.  902. 1093. 1079.  917.  365.  146.   56.   11.    2.
 333.  868. 1057. 1054.  808.  595.  193.   42.    0.    0.
 483.  973. 1232. 1095.  718.  327.   73.   39.   10.    0.
 361.  831. 1234.  990.  801.  439.  224.   63.    7.    0.
 573. 1070.  851.  703.  566.  467.  308.  234.  110.   68.
574. 635. 856. 698. 661. 439. 336. 285. 363. 103.
685. 930. 724. 669. 515. 496. 357. 335. 201.  38.
649. 815. 861. 618. 493. 505. 379. 356. 203.  71.
446. 872. 941. 705. 611. 550. 422. 317.  86.   0.
550. 990. 866. 747. 584. 537. 403. 206.  67.   0.
520. 854. 813. 756. 669. 544. 395. 291. 108.   0.
403. 584. 697. 993. 888. 632. 334. 364.  55.   0.
510. 814. 872. 826. 711. 574. 484. 159.   0.   0.
 269.  736.  982. 1117.  784.  672.  271.  119.    0.    0.
567. 804. 885. 724. 650. 481. 369. 268. 181.  21.
703. 949. 717. 676. 529. 491. 407. 280. 164.  34.
470. 595. 705. 962. 661. 483. 479. 394. 195.   6.
652. 877. 912. 643. 592. 501. 389. 229. 125.  30.
509. 774. 867. 716. 685. 544. 437. 272. 117.  29.
 411.  690. 1062.  986.  745.  516.  294.  229.   17.    0.
494. 973. 958. 858. 496. 451. 324. 227. 163.   6.
