 447.  499.  533.  593.  622.  971. 1050.  235.    0.    0.
 465.  610. 1149.  632.  542.  510.  428.  356.  165.   93.
 428.  475.  460.  518.  576.  736. 1312.  445.    0.    0.
722. 748. 748. 678. 623. 653. 464. 280.  34.   0.
 428.  461.  481.  523.  590.  706. 1307.  454.    0.    0.
 411.  460.  482.  516.  582.  727. 1307.  465.    0.    0.
 410.  456.  463.  548.  571.  706. 1336.  460.    0.    0.
 438.  462.  473.  523.  577.  685. 1352.  440.    0.    0.
 469.  444.  488.  510.  604.  724. 1284.  427.    0.    0.
374. 682. 783. 883. 944. 704. 345. 133.  92.  10.
 440.  454.  481.  471.  616.  713. 1313.  462.    0.    0.
 416.  460.  501.  499.  593.  708. 1305.  468.    0.    0.
 453.  435.  501.  506.  559.  730. 1317.  449.    0.    0.
 421. 1068.  783.  694.  579.  475.  339.  291.  188.  112.
 468.  466.  488.  523.  564.  699. 1314.  428.    0.    0.
