407. 556. 627. 883. 910. 581. 414. 373. 168.  31.
384. 583. 677. 885. 761. 672. 405. 262. 243.  78.
 490.  756. 1111.  832.  610.  461.  353.  179.  118.   40.
507. 549. 576. 876. 718. 537. 648. 391. 148.   0.
 420.  485.  504.  520.  602.  721. 1332.  366.    0.    0.
483. 612. 999. 809. 586. 495. 395. 339. 189.  43.
463. 613. 989. 652. 594. 544. 486. 379. 192.  38.
 489.  604. 1040.  885.  617.  450.  416.  271.  168.   10.
 486.  527. 1132.  841.  651.  534.  341.  290.  142.    6.
498. 736. 826. 714. 562. 495. 443. 446. 219.  11.
 504.  513. 1053.  816.  626.  560.  408.  285.  141.   44.
 523.  514. 1105.  789.  566.  543.  384.  307.  207.   12.
 455.  552. 1116.  814.  622.  543.  391.  234.  208.   15.
 479.  537. 1093.  804.  663.  547.  368.  288.  158.   13.
440. 536. 897. 989. 703. 582. 407. 249. 142.   5.
602. 862. 747. 539. 455. 480. 443. 384. 316. 122.
 461.  450.  495.  497.  537.  693. 1299.  518.    0.    0.
609. 723. 662. 707. 857. 858. 466.  68.   0.   0.
651. 607. 697. 588. 791. 946. 588.  82.   0.   0.
471. 683. 886. 680. 563. 473. 406. 370. 281. 137.
 456.  570. 1094.  829.  662.  532.  385.  286.  117.   19.
 462.  594. 1015.  820.  671.  513.  373.  293.  178.   31.
801. 758. 631. 538. 505. 503. 533. 429. 228.  24.
885. 846. 748. 706. 597. 405. 313. 234. 165.  51.
459. 663. 839. 719. 640. 470. 302. 417. 258. 183.
545. 646. 745. 691. 723. 640. 695. 251.  14.   0.
 421.  457.  482.  523.  604. 1061.  738.  636.   28.    0.
448. 435. 436. 555. 612. 856. 948. 597.  63.   0.
 433.  444.  498.  509.  593.  746. 1312.  415.    0.    0.
839. 783. 682. 578. 502. 479. 441. 348. 222.  76.
 458.  474.  531.  516.  586.  714. 1367.  304.    0.    0.
877. 850. 714. 616. 554. 514. 378. 281. 123.  43.
 492.  552.  679.  840. 1184.  712.  447.   44.    0.    0.
