911. 869. 795. 704. 496. 494. 312. 219. 128.  22.
697. 715. 702. 721. 736. 657. 597. 121.   4.   0.
870. 738. 566. 685. 752. 754. 464. 118.   3.   0.
639. 598. 701. 590. 890. 665. 688. 179.   0.   0.
729. 702. 718. 895. 746. 679. 406.  75.   0.   0.
911. 807. 787. 616. 517. 468. 389. 265. 146.  44.
840. 875. 690. 658. 555. 446. 365. 299. 167.  55.
883. 927. 795. 692. 575. 424. 305. 200. 115.  34.
900. 928. 792. 658. 564. 417. 353. 200. 107.  31.
 461.  495.  446.  495.  560.  680. 1335.  478.    0.    0.
790. 860. 793. 622. 627. 435. 312. 254. 170.  87.
960. 952. 769. 617. 511. 459. 351. 195. 109.  27.
868. 847. 766. 659. 563. 454. 324. 270. 157.  42.
805. 848. 730. 690. 472. 522. 335. 265. 186.  97.
853. 920. 780. 651. 553. 480. 339. 217. 104.  53.
 474.  437.  493.  519.  543.  695. 1350.  439.    0.    0.
793. 928. 729. 570. 512. 471. 398. 317. 184.  48.
869. 896. 789. 724. 522. 453. 296. 235. 143.  23.
856. 897. 715. 628. 534. 467. 371. 281. 143.  58.
832. 857. 811. 664. 486. 435. 387. 216. 162. 100.
909. 896. 772. 631. 553. 459. 373. 225. 103.  29.
 447.  445.  479.  535.  601.  708. 1314.  421.    0.    0.
688. 925. 790. 585. 594. 470. 325. 273. 199. 101.
857. 927. 774. 693. 555. 441. 314. 225. 133.  31.
967. 753. 858. 533. 532. 508. 404. 224. 140.  31.
869. 881. 815. 683. 542. 459. 305. 212. 152.  32.
917. 900. 807. 631. 561. 402. 307. 235. 131.  59.
 414.  456.  464.  540.  562.  738. 1344.  432.    0.    0.
750. 956. 729. 668. 555. 404. 318. 309. 211.  50.
936. 764. 718. 575. 483. 500. 434. 284. 209.  47.
709. 794. 718. 750. 755. 676. 442. 103.   3.   0.
741. 732. 583. 672. 644. 702. 683. 187.   6.   0.
753. 838. 680. 857. 797. 463. 443. 119.   0.   0.
678. 719. 788. 537. 880. 636. 610. 102.   0.   0.
 480.  446.  413.  498.  693. 1308.  586.  493.   33.    0.
450. 472. 528. 489. 621. 841. 806. 707.  36.   0.
431. 469. 476. 549. 612. 891. 858. 638.  26.   0.
 443.  473.  489.  514.  645. 1181.  874.  293.   38.    0.
361. 415. 384. 448. 464. 953. 661. 436. 644. 184.
 527. 1007.  768.  602.  606.  453.  404.  291.  227.   65.
 559. 1005.  752.  656.  540.  473.  354.  330.  213.   68.
 552. 1002.  741.  624.  559.  463.  370.  344.  178.  117.
543. 991. 641. 584. 542. 481. 366. 357. 289. 156.
 508. 1060.  751.  635.  531.  474.  425.  283.  202.   81.
550. 985. 735. 641. 453. 509. 396. 315. 252. 114.
 560. 1087.  822.  683.  530.  482.  332.  258.  172.   24.
 574. 1042.  722.  620.  501.  427.  409.  341.  220.   94.
 513. 1083.  783.  692.  639.  421.  329.  276.  134.   80.
 589. 1119.  651.  499.  525.  515.  453.  349.  176.   74.
 521. 1071.  744.  567.  530.  492.  424.  329.  193.   79.
 489. 1041.  888.  683.  564.  508.  386.  237.  131.   23.
 467. 1137.  966.  727.  594.  455.  281.  200.   82.   41.
 481. 1247.  842.  675.  574.  451.  344.  212.   89.   35.
 552. 1017.  748.  596.  514.  470.  440.  275.  237.  101.
 547. 1102.  817.  620.  533.  547.  364.  224.  154.   42.
 568. 1115.  787.  611.  563.  486.  379.  241.  161.   39.
547. 990. 741. 627. 561. 494. 379. 248. 267.  96.
 518. 1087.  840.  726.  561.  454.  337.  219.  154.   54.
 488. 1099.  754.  595.  547.  477.  402.  314.  206.   68.
 532. 1125.  859.  680.  556.  469.  326.  234.  106.   63.
 541. 1114.  757.  574.  558.  487.  453.  286.  149.   31.
 517. 1122.  810.  653.  545.  467.  362.  285.  140.   49.
518. 981. 797. 624. 499. 520. 415. 336. 184.  76.
 499. 1040.  768.  620.  590.  467.  385.  320.  190.   71.
 547. 1027.  819.  660.  570.  467.  354.  256.  213.   37.
 482. 1131.  770.  679.  530.  495.  346.  292.  135.   90.
571. 984. 708. 551. 487. 477. 428. 352. 295.  97.
 508. 1280.  846.  702.  622.  407.  305.  176.   84.   20.
 510. 1069.  744.  699.  574.  465.  332.  306.  167.   84.
 563. 1108.  794.  544.  572.  478.  465.  268.  146.   12.
 486. 1197.  838.  685.  550.  469.  333.  224.  126.   42.
 488. 1034.  843.  701.  517.  493.  368.  216.  195.   95.
 543. 1076.  735.  593.  504.  472.  448.  324.  197.   58.
 532. 1085.  712.  594.  537.  451.  437.  350.  192.   60.
 519. 1070.  924.  725.  574.  427.  312.  239.  126.   34.
470. 964. 925. 693. 625. 455. 352. 265. 163.  38.
 503. 1002.  754.  624.  463.  518.  405.  329.  260.   92.
 521. 1018.  766.  616.  505.  457.  429.  290.  216.  132.
 512. 1005.  790.  690.  599.  439.  357.  304.  192.   62.
 478. 1118.  741.  667.  520.  489.  399.  336.  164.   38.
 465. 1107.  866.  639.  587.  464.  398.  252.  144.   28.
 493. 1049.  777.  656.  535.  455.  400.  318.  206.   61.
 502. 1132.  838.  680.  546.  487.  382.  245.  118.   20.
 511. 1078.  900.  695.  572.  447.  359.  214.  141.   33.
 493. 1003.  820.  677.  558.  487.  377.  237.  197.  101.
 495. 1043.  780.  564.  532.  448.  472.  316.  225.   75.
471. 937. 869. 651. 568. 518. 391. 315. 175.  55.
