 492.  534. 1027.  762.  547.  600.  439.  365.  181.    3.
 470.  512.  703. 1156.  710.  574.  373.  296.  145.   11.
424. 502. 739. 870. 739. 651. 412. 320. 293.   0.
481. 519. 711. 811. 666. 578. 399. 421. 349.  15.
535. 816. 836. 706. 684. 529. 425. 326.  82.  11.
 424.  476.  468.  547.  578.  706. 1306.  445.    0.    0.
 449.  425.  468.  556.  568.  693. 1336.  455.    0.    0.
 446.  445.  489.  490.  588.  696. 1323.  473.    0.    0.
430. 547. 586. 612. 989. 752. 589. 398.  47.   0.
 464.  506.  561.  626. 1013.  680.  603.  428.   69.    0.
 492.  550.  607.  557. 1283.  606.  537.  291.   27.    0.
 436.  454.  493.  502.  558.  711. 1314.  482.    0.    0.
 433.  452.  476.  497.  579.  742. 1347.  424.    0.    0.
 441.  461.  468.  524.  553.  700. 1324.  479.    0.    0.
 412.  482.  438.  560.  570.  711. 1332.  445.    0.    0.
 414.  452.  476.  526.  588.  728. 1327.  439.    0.    0.
 453.  477.  471.  553.  581.  708. 1195.  512.    0.    0.
 431.  461.  463.  518.  604.  746. 1322.  405.    0.    0.
 427.  463.  483.  517.  569.  709. 1333.  449.    0.    0.
 453.  500.  538.  936. 1028.  575.  455.  338.  127.    0.
459. 506. 669. 912. 923. 663. 440. 266. 112.   0.
488. 485. 695. 721. 958. 646. 445. 321. 191.   0.
432. 491. 563. 645. 843. 723. 627. 549.  77.   0.
 442.  464.  506.  740. 1041.  736.  500.  459.   62.    0.
 434.  477.  567.  600. 1113.  833.  473.  405.   48.    0.
 448.  465.  513.  542.  583.  713. 1262.  424.    0.    0.
 450.  494.  496.  493.  560.  686. 1299.  472.    0.    0.
 449.  469.  455.  530.  576.  756. 1265.  450.    0.    0.
 425.  453.  481.  511.  585.  710. 1322.  463.    0.    0.
 432.  447.  485.  531.  554.  714. 1325.  462.    0.    0.
 441.  465.  500.  543.  571.  721. 1286.  423.    0.    0.
452. 480. 514. 607. 713. 966. 684. 534.   0.   0.
 489.  477.  490.  578.  821. 1061.  752.  282.    0.    0.
462. 458. 515. 583. 736. 981. 721. 494.   0.   0.
539. 581. 830. 772. 695. 523. 397. 337. 247.  29.
 512.  668. 1202.  962.  698.  438.  268.  149.   47.    6.
519. 624. 981. 708. 685. 455. 388. 292. 211.  87.
 463.  471.  488.  501.  559.  643. 1354.  471.    0.    0.
 505.  428.  457.  517.  537.  737. 1300.  469.    0.    0.
 448.  505.  497.  501.  633.  703. 1252.  411.    0.    0.
 441.  467.  458.  507.  618.  748. 1259.  452.    0.    0.
 437.  450.  499.  491.  563.  727. 1314.  469.    0.    0.
 422.  468.  499.  525.  567.  719. 1320.  430.    0.    0.
 479.  503.  481.  491.  561.  765. 1388.  282.    0.    0.
 425.  454.  503.  528.  594.  732. 1374.  340.    0.    0.
 452.  430.  486.  527.  562.  738. 1306.  449.    0.    0.
 435.  450.  505.  518.  590.  785. 1363.  304.    0.    0.
 454.  451.  506.  527.  612.  754. 1360.  286.    0.    0.
 455.  489.  509.  517.  560.  722. 1279.  419.    0.    0.
 430.  441.  487.  527.  561.  726. 1319.  459.    0.    0.
 447.  457.  487.  509.  597.  711. 1309.  433.    0.    0.
 446.  443.  460.  531.  607.  676. 1335.  452.    0.    0.
579. 644. 889. 690. 580. 510. 490. 395. 157.  16.
537. 682. 990. 842. 656. 462. 356. 250. 143.  32.
 510.  721. 1039.  746.  638.  457.  366.  283.  153.   37.
 441.  495.  516.  686.  775. 1076.  559.  402.    0.    0.
460. 532. 539. 533. 655. 802. 659. 770.   0.   0.
517. 461. 519. 567. 906. 792. 700. 488.   0.   0.
 427.  453.  490.  514.  580.  717. 1327.  442.    0.    0.
 450.  438.  449.  517.  610.  732. 1269.  485.    0.    0.
 462.  431.  476.  534.  569.  713. 1262.  503.    0.    0.
 435.  445.  486.  513.  591.  723. 1303.  454.    0.    0.
 449.  445.  472.  536.  551.  745. 1320.  432.    0.    0.
 417.  479.  470.  545.  579.  681. 1341.  438.    0.    0.
478. 480. 606. 741. 916. 641. 545. 417. 126.   0.
436. 526. 576. 710. 886. 680. 520. 459. 157.   0.
 492.  518.  624.  833. 1194.  632.  340.  274.   43.    0.
 481.  526.  760. 1129.  758.  602.  394.  229.   66.    5.
494. 571. 764. 733. 635. 597. 527. 439. 190.   0.
 454.  572.  640. 1169.  713.  530.  429.  313.  126.    4.
 445.  439.  456.  543.  575.  724. 1320.  448.    0.    0.
 451.  425.  509.  503.  558.  701. 1350.  453.    0.    0.
 430.  460.  502.  505.  566.  719. 1298.  470.    0.    0.
 427.  461.  456.  512.  596.  733. 1299.  466.    0.    0.
 431.  473.  457.  528.  577.  706. 1315.  463.    0.    0.
 483.  456.  453.  489.  571.  721. 1291.  486.    0.    0.
 417.  470.  467.  536.  564.  718. 1330.  448.    0.    0.
 442.  487.  468.  512.  577.  719. 1309.  436.    0.    0.
 425.  490.  493.  554.  573.  710. 1281.  424.    0.    0.
 458.  475.  476.  513.  555.  696. 1329.  448.    0.    0.
 423.  462.  476.  488.  639.  706. 1239.  517.    0.    0.
 465.  449.  477.  526.  592.  655. 1090.  696.    0.    0.
 448.  432.  472.  544.  559.  692. 1214.  589.    0.    0.
427. 564. 687. 910. 685. 552. 520. 384. 204.  17.
507. 508. 591. 949. 691. 713. 420. 311. 253.   7.
 470.  499.  803. 1065.  719.  587.  405.  260.  140.    2.
479. 504. 472. 526. 949. 748. 606. 447. 219.   0.
 433.  454.  540.  645. 1043.  713.  534.  375.  213.    0.
467. 465. 524. 650. 950. 704. 525. 377. 288.   0.
 451.  465.  468.  538.  584.  721. 1270.  453.    0.    0.
 444.  479.  508.  513.  597.  707. 1282.  420.    0.    0.
 438.  426.  489.  508.  591.  737. 1311.  450.    0.    0.
 421.  467.  450.  530.  567.  736. 1314.  465.    0.    0.
 455.  490.  465.  507.  563.  699. 1333.  438.    0.    0.
 465.  432.  462.  491.  597.  735. 1302.  466.    0.    0.
 444.  458.  481.  499.  560.  678. 1317.  513.    0.    0.
 450.  469.  501.  531.  545.  737. 1301.  416.    0.    0.
 467.  479.  526.  544.  590.  687. 1227.  430.    0.    0.
 458.  454.  493.  502.  602.  689. 1288.  464.    0.    0.
 453.  453.  482.  516.  595.  710. 1290.  451.    0.    0.
 424.  432.  511.  470.  626.  698. 1342.  447.    0.    0.
 439.  404.  509.  507.  585.  730. 1242.  534.    0.    0.
 442.  448.  463.  513.  577.  708. 1349.  450.    0.    0.
 432.  439.  498.  502.  612.  711. 1277.  479.    0.    0.
 451.  477.  491.  526.  607.  735. 1237.  426.    0.    0.
 457.  437.  511.  529.  577.  708. 1272.  459.    0.    0.
 456.  457.  456.  524.  555.  701. 1298.  503.    0.    0.
 408.  467.  465.  513.  585.  733. 1322.  457.    0.    0.
 438.  455.  448.  538.  565.  733. 1326.  447.    0.    0.
 430.  484.  470.  501.  640.  722. 1242.  461.    0.    0.
460. 603. 609. 807. 800. 892. 556. 160.  63.   0.
 680. 1022.  814.  633.  594.  465.  372.  211.  125.   34.
679. 871. 800. 733. 508. 468. 362. 251. 171. 107.
708. 925. 711. 632. 547. 472. 367. 306. 202.  80.
696. 983. 849. 686. 584. 457. 331. 210. 121.  33.
726. 912. 764. 635. 544. 491. 376. 310. 164.  28.
712. 952. 737. 664. 592. 424. 389. 292. 170.  18.
