681. 983. 730. 709. 574. 423. 358. 293. 160.  39.
406. 448. 448. 819. 822. 532. 498. 431. 288. 258.
896. 846. 722. 583. 546. 464. 397. 290. 142.  64.
 423.  462.  471. 1247.  788.  587.  432.  271.  194.   75.
530. 739. 832. 713. 682. 624. 452. 278.  96.   4.
465. 987. 763. 684. 652. 486. 271. 299. 211. 132.
 467.  680. 1027.  646.  594.  484.  370.  356.  185.  141.
 451.  720. 1041.  582.  453.  492.  425.  418.  228.  140.
439. 857. 902. 833. 606. 444. 302. 255. 226.  86.
364. 838. 872. 711. 542. 421. 400. 426. 208. 168.
 287.  797. 1026. 1000.  699.  510.  350.  168.   95.   18.
282. 692. 909. 928. 859. 562. 340. 209. 136.  33.
278. 660. 849. 880. 721. 608. 403. 330. 124.  97.
234. 566. 760. 822. 896. 723. 507. 254. 134.  54.
282. 544. 778. 919. 795. 847. 554. 186.  45.   0.
240. 563. 716. 876. 906. 688. 626. 239.  84.  12.
267. 576. 825. 789. 931. 738. 493. 281.  50.   0.
383. 520. 989. 664. 698. 493. 442. 389. 293.  79.
336. 806. 824. 887. 716. 476. 402. 306. 177.  20.
277. 605. 768. 904. 873. 695. 458. 230. 140.   0.
 427.  723.  963. 1060.  575.  476.  340.  240.   94.   52.
446. 976. 774. 511. 453. 459. 409. 363. 326. 233.
328. 563. 796. 831. 879. 512. 653. 224. 164.   0.
319. 849. 936. 949. 796. 572. 326. 132.  60.  11.
