475. 461. 490. 564. 637. 886. 642. 570. 225.   0.
496. 393. 487. 548. 830. 794. 845. 421. 136.   0.
 442.  471.  455.  471.  608.  754. 1293.  456.    0.    0.
 460.  476.  497.  582.  748. 1009.  557.  451.  170.    0.
 436.  459.  557.  638. 1125.  700.  436.  412.  187.    0.
 458.  513.  510.  652. 1356.  734.  404.  210.  113.    0.
432. 462. 492. 592. 768. 930. 634. 462. 178.   0.
 457.  410.  512.  563.  750. 1072.  653.  338.  195.    0.
421. 481. 499. 624. 917. 855. 650. 314. 189.   0.
472. 432. 486. 616. 817. 823. 610. 463. 231.   0.
746. 688. 652. 550. 519. 496. 416. 425. 358. 100.
 447.  417.  489.  503.  628.  700. 1333.  433.    0.    0.
 422.  469.  465.  500.  598.  737. 1293.  466.    0.    0.
330. 786. 888. 937. 973. 662. 366.   8.   0.   0.
 320.  667.  867. 1057.  890.  660.  464.   25.    0.    0.
 457.  539.  491.  627.  838. 1039.  641.  315.    3.    0.
 449.  556.  441.  580.  735. 1036.  792.  355.    6.    0.
 376.  425.  418.  405.  416.  510.  633. 1136.  476.  155.
 444.  451.  481.  501.  581.  719. 1286.  487.    0.    0.
 448.  460.  473.  518.  559.  775. 1441.  276.    0.    0.
 424.  467.  479.  518.  561.  741. 1427.  333.    0.    0.
 413.  470.  466.  515.  580.  740. 1306.  460.    0.    0.
 445.  475.  500.  506.  612.  707. 1318.  387.    0.    0.
 448.  465.  489.  525.  574.  708. 1321.  420.    0.    0.
 440.  444.  499.  515.  584.  752. 1327.  389.    0.    0.
 455.  459.  478.  503.  559.  714. 1361.  421.    0.    0.
 496.  451.  513.  428.  560.  745. 1458.  299.    0.    0.
 459.  448.  429.  522.  598.  763. 1339.  392.    0.    0.
