514. 787. 874. 710. 594. 476. 434. 344. 150.  67.
508. 628. 720. 862. 623. 425. 447. 394. 270.  73.
373. 773. 754. 845. 814. 738. 500. 153.   0.   0.
428. 483. 991. 688. 580. 503. 368. 310. 326. 273.
251. 528. 736. 810. 784. 803. 594. 259. 138.  47.
383. 747. 915. 914. 865. 588. 384. 154.   0.   0.
244. 492. 771. 756. 816. 657. 647. 360. 163.  44.
473. 527. 642. 745. 912. 749. 482. 291. 104.  25.
 391.  488.  666.  908. 1010.  723.  360.  237.  160.    7.
 357.  389.  433.  428.  470.  503.  513. 1315.  420.  122.
268. 434. 775. 744. 876. 743. 500. 423. 187.   0.
281. 591. 735. 793. 805. 740. 450. 363. 145.  47.
419. 655. 775. 702. 664. 379. 385. 419. 459.  93.
308. 584. 798. 751. 636. 633. 501. 420. 307.  12.
231. 627. 799. 902. 859. 738. 523. 201.  60.  10.
390. 723. 946. 833. 631. 482. 458. 210. 199.  78.
270. 612. 812. 833. 795. 657. 524. 307. 112.  28.
287. 537. 798. 834. 842. 684. 413. 351. 153.  51.
