 477.  636.  785.  917. 1114.  496.  242.  240.   43.    0.
640. 755. 748. 904. 717. 470. 327. 225. 149.  15.
691. 720. 805. 620. 486. 538. 523. 327. 207.  33.
444. 473. 623. 795. 972. 486. 489. 379. 277.  12.
 459.  442.  467.  527.  599.  711. 1302.  443.    0.    0.
375. 547. 564. 557. 728. 971. 985. 223.   0.   0.
424. 697. 603. 657. 815. 609. 504. 467. 174.   0.
379. 536. 386. 374. 690. 832. 831. 769. 153.   0.
899. 774. 727. 589. 588. 414. 403. 258. 226.  72.
363. 609. 344. 418. 740. 883. 730. 670. 193.   0.
953. 864. 773. 696. 558. 433. 295. 229. 124.  25.
766. 776. 700. 561. 575. 437. 374. 310. 254. 197.
476. 631. 919. 705. 719. 448. 607. 216. 224.   5.
487. 622. 816. 735. 770. 569. 566. 242. 126.  17.
 390.  785. 1080. 1049.  918.  464.  227.   37.    0.    0.
 372.  805. 1142. 1056.  935.  363.  226.   51.    0.    0.
558. 689. 751. 767. 819. 673. 445. 223.  25.   0.
379. 514. 769. 769. 806. 840. 635. 194.  44.   0.
626. 941. 761. 706. 575. 598. 345. 210. 169.  19.
