819. 771. 681. 619. 568. 545. 512. 352.  83.   0.
 361.  728. 1195.  900.  921.  484.  247.  114.    0.    0.
 424.  718. 1042.  909.  695.  500.  368.  291.    3.    0.
 335.  743. 1131.  932.  920.  524.  305.   52.    8.    0.
 353.  573. 1110.  884.  800.  536.  372.  139.  181.    2.
 310.  511. 1034.  807.  798.  686.  422.  226.  151.    5.
 386.  581. 1126. 1053.  711.  531.  288.  202.   72.    0.
 364.  545. 1310.  899.  880.  526.  257.  165.    4.    0.
 458.  763. 1127.  933.  735.  417.  279.  236.    2.    0.
523. 784. 774. 985. 612. 502. 424. 346.   0.   0.
 489.  869. 1141.  776.  779.  564.  325.    7.    0.    0.
 446.  871. 1089. 1066.  739.  447.  203.   89.    0.    0.
 462.  707. 1158.  758.  906.  539.  328.   92.    0.    0.
 443.  483. 1162.  838.  616.  510.  376.  279.  239.    4.
379. 536. 974. 880. 802. 734. 289. 143. 212.   1.
 323.  535. 1041.  885.  932.  599.  308.  221.  106.    0.
395. 545. 848. 800. 810. 473. 487. 342. 250.   0.
 418.  702. 1018.  960.  713.  488.  371.  229.   51.    0.
 399.  721. 1283.  838.  852.  435.  282.  140.    0.    0.
 340.  692. 1014.  842.  909.  581.  315.  257.    0.    0.
561. 952. 939. 549. 531. 507. 519. 278. 114.   0.
259. 725. 841. 907. 961. 859. 316.  82.   0.   0.
447. 634. 685. 744. 872. 956. 588.  24.   0.   0.
429. 457. 580. 825. 934. 676. 424. 534.  91.   0.
 414.  489. 1077.  721.  631.  510.  531.  346.  216.   15.
513. 620. 723. 931. 737. 598. 449. 246. 131.   2.
512. 536. 537. 747. 963. 614. 841. 200.   0.   0.
478. 616. 743. 913. 706. 688. 530. 211.  65.   0.
 347.  543. 1142.  819. 1025.  541.  414.  116.    3.    0.
 575.  818. 1040.  809.  512.  527.  479.   76.   86.   28.
 412.  575.  703. 1083. 1024.  626.  379.  138.   10.    0.
431. 739. 944. 916. 825. 537. 351. 191.  16.   0.
868. 868. 833. 666. 550. 414. 349. 200. 151.  51.
370. 807. 743. 740. 836. 673. 486. 240.  55.   0.
486. 633. 965. 636. 574. 584. 453. 325. 294.   0.
467. 544. 798. 948. 727. 508. 387. 320. 182.  69.
347. 664. 670. 826. 763. 759. 499. 336.  86.   0.
474. 744. 767. 696. 625. 512. 312. 356. 337. 127.
 424.  448.  440.  523.  541. 1185.  720.  470.  199.    0.
 382.  450.  424.  538.  593. 1090.  599.  588.  286.    0.
484. 755. 930. 795. 755. 601. 534.  96.   0.   0.
589. 790. 789. 694. 650. 503. 437. 333. 155.  10.
538. 721. 719. 713. 728. 727. 739.  65.   0.   0.
606. 805. 793. 699. 584. 520. 412. 354. 171.   6.
506. 675. 886. 740. 748. 779. 574.  42.   0.   0.
551. 855. 744. 665. 583. 499. 414. 363. 263.  13.
557. 675. 699. 678. 643. 730. 852. 116.   0.   0.
534. 876. 844. 692. 624. 478. 446. 251. 181.  24.
 433.  459.  455.  518.  577.  731. 1324.  453.    0.    0.
266. 723. 792. 839. 966. 925. 336. 103.   0.   0.
