 494. 1110.  841.  690.  612.  424.  399.  231.  149.    0.
 473.  713. 1003.  888.  590.  649.  431.  175.   28.    0.
 569. 1027.  788.  645.  557.  439.  347.  301.  201.   76.
699. 972. 678. 530. 486. 510. 475. 353. 192.  55.
781. 924. 831. 715. 558. 435. 306. 231. 154.  15.
882. 869. 720. 712. 583. 400. 349. 320. 113.   2.
711. 898. 970. 680. 559. 531. 301. 272.  28.   0.
896. 812. 680. 582. 484. 494. 419. 302. 180. 101.
938. 795. 756. 635. 549. 492. 364. 208. 154.  59.
955. 873. 753. 608. 590. 449. 358. 220. 117.  27.
942. 832. 764. 722. 598. 446. 242. 161. 179.  64.
928. 829. 752. 646. 590. 438. 326. 291. 146.   4.
791. 906. 758. 619. 515. 506. 404. 272. 152.  27.
527. 883. 954. 670. 596. 473. 434. 252. 139.  22.
761. 702. 724. 531. 572. 448. 477. 400. 335.   0.
461. 479. 535. 792. 828. 628. 625. 390. 206.   6.
 748. 1007.  750.  604.  524.  471.  398.  279.  135.   34.
 507.  612. 1021.  830.  628.  458.  402.  357.  135.    0.
567. 951. 759. 690. 561. 474. 350. 309. 203.  86.
766. 921. 698. 681. 536. 443. 412. 312. 147.  34.
 517.  553. 1103.  798.  611.  517.  403.  272.  176.    0.
518. 972. 798. 655. 574. 421. 425. 307. 221.  59.
522. 591. 683. 794. 555. 550. 506. 418. 240.  91.
