406. 401. 451. 481. 496. 967. 529. 526. 610.  83.
361. 405. 483. 498. 504. 974. 548. 391. 698.  88.
519. 561. 575. 640. 837. 587. 591. 507. 133.   0.
554. 599. 575. 794. 913. 629. 537. 325.  24.   0.
 501.  431.  487.  514.  565.  884. 1020.  548.    0.    0.
496. 517. 975. 933. 695. 517. 298. 248. 271.   0.
 361.  752. 1022. 1020.  852.  488.  305.  109.   41.    0.
 306.  638.  879. 1056.  825.  699.  284.  151.  112.    0.
432. 694. 902. 808. 716. 539. 386. 249. 187.  37.
 443.  468.  496.  512.  604.  866. 1064.  497.    0.    0.
 458.  576. 1096.  926.  596.  539.  380.  253.  126.    0.
 332.  724. 1008. 1069.  755.  611.  320.  118.   11.    2.
 309.  677.  881. 1084.  828.  560.  350.  187.   74.    0.
430. 736. 827. 744. 695. 544. 427. 291. 180.  76.
