364. 403. 448. 478. 962. 660. 534. 408. 445. 248.
 379.  397.  391.  487.  587.  588.  458. 1382.  256.   25.
 371.  391.  439.  411.  479.  533.  534. 1309.  386.   97.
 432.  625.  642.  773.  784. 1111.  331.  220.   32.    0.
 406.  411.  435.  490. 1009.  770.  472.  318.  394.  245.
639. 928. 714. 677. 636. 428. 293. 286. 228. 121.
 484. 1137.  827.  723.  552.  471.  296.  210.  134.  116.
 376.  396.  459.  489. 1009.  693.  533.  375.  360.  260.
 416.  461. 1063.  749.  617.  477.  432.  357.  211.  167.
389. 383. 448. 505. 944. 677. 561. 336. 471. 236.
394. 412. 411. 460. 986. 607. 474. 489. 509. 208.
 412.  443.  477. 1269.  725.  546.  435.  318.  171.  154.
 355.  404.  416.  423.  463.  542.  540. 1314.  404.   89.
494. 850. 797. 625. 640. 499. 318. 286. 200. 241.
 387.  377.  406.  474.  493.  491.  479. 1394.  369.   80.
476. 869. 790. 722. 465. 437. 477. 275. 225. 214.
 372.  414.  445.  467.  426.  431.  502. 1375.  409.  109.
 477. 1045.  785.  641.  593.  449.  399.  256.  182.  123.
402. 435. 434. 449. 930. 650. 447. 430. 513. 260.
 363.  377.  469.  487.  517.  497.  522. 1271.  341.  106.
 345.  371.  441.  483.  495.  548.  510. 1398.  292.   67.
4.030e+02 9.280e+02 8.370e+02 1.113e+03 1.132e+03 4.610e+02 7.500e+01
 1.000e+00 0.000e+00 0.000e+00
572. 763. 660. 561. 563. 479. 410. 426. 446.  70.
514. 889. 753. 595. 509. 520. 474. 460. 236.   0.
724. 662. 614. 583. 476. 459. 441. 430. 352. 209.
374. 651. 764. 723. 696. 821. 460. 392.  69.   0.
727. 894. 770. 532. 538. 439. 507. 288. 195.  60.
481. 767. 972. 677. 615. 513. 420. 238. 189.  78.
620. 933. 709. 574. 460. 503. 472. 340. 242.  97.
 374.  323.  390.  549.  486.  513.  506. 1399.  290.  120.
