 531. 1064.  746.  603.  521.  491.  429.  318.  183.   64.
 360.  407.  443.  451.  456.  537.  602. 1333.  338.   23.
 389.  378.  445.  471.  527.  464.  529. 1350.  310.   87.
428. 490. 616. 718. 654. 506. 564. 430. 440. 104.
 325.  393.  431.  449.  511.  487.  541. 1342.  362.  109.
 422.  606.  567.  726. 1187.  853.  533.   56.    0.    0.
 453.  574.  587.  802. 1177.  815.  482.   60.    0.    0.
 505.  645.  641.  962. 1134.  781.  272.   10.    0.    0.
4.790e+02 6.830e+02 7.670e+02 9.560e+02 1.145e+03 6.940e+02 2.250e+02
 1.000e+00 0.000e+00 0.000e+00
 591. 1035.  781.  654.  532.  469.  364.  259.  195.   70.
 376.  376.  421.  441.  526. 1125.  627.  442.  479.  137.
358. 410. 398. 412. 483. 580. 911. 916. 387.  95.
531. 946. 877. 658. 546. 475. 411. 289. 162.  55.
349. 381. 445. 459. 542. 534. 936. 903. 328.  73.
 434.  447.  472.  511.  569.  737. 1333.  447.    0.    0.
 432.  455.  459.  545.  566.  716. 1319.  458.    0.    0.
 439.  459.  514.  529.  565.  717. 1283.  444.    0.    0.
 472.  449.  478.  433.  563.  746. 1384.  425.    0.    0.
 446.  466.  521.  501.  586.  686. 1300.  444.    0.    0.
 427.  426.  485.  523.  601.  730. 1300.  458.    0.    0.
