 421.  482.  470.  478.  575.  753. 1327.  444.    0.    0.
 445.  440.  456.  526.  598.  696. 1340.  449.    0.    0.
 439.  483.  524.  553.  698. 1012.  820.  373.   48.    0.
866. 934. 779. 693. 581. 423. 317. 220. 120.  17.
 451.  487.  429.  516.  585.  721. 1286.  475.    0.    0.
 414.  471.  476.  526.  602.  702. 1311.  448.    0.    0.
 440.  458.  516.  518.  612.  726. 1255.  425.    0.    0.
 426.  488.  468.  525.  558.  736. 1314.  435.    0.    0.
 442.  442.  451.  519.  621.  685. 1360.  430.    0.    0.
 485.  455.  474.  509.  540.  757. 1297.  433.    0.    0.
 429.  475.  455.  522.  591.  725. 1283.  470.    0.    0.
 444.  457.  441.  560.  563.  706. 1310.  469.    0.    0.
 448.  490.  514.  480.  557.  654. 1340.  467.    0.    0.
 438.  438.  471.  520.  579.  726. 1315.  463.    0.    0.
 630.  794. 1025. 1114.  975.  195.  101.   79.   37.    0.
 642.  927. 1156. 1217.  710.  173.   91.   34.    0.    0.
 671.  879. 1115. 1178.  663.  235.  144.   53.   12.    0.
 685.  977. 1203. 1160.  582.  200.  108.   35.    0.    0.
 458.  468.  499.  552.  591.  752. 1484.  146.    0.    0.
773. 771. 710. 660. 599. 515. 390. 315. 202.  15.
431. 578. 812. 989. 709. 522. 474. 328. 107.   0.
490. 564. 751. 959. 940. 520. 375. 276.  75.   0.
483. 496. 661. 770. 951. 528. 487. 299. 251.  24.
503. 591. 579. 754. 865. 905. 735.  18.   0.   0.
 427.  512.  589. 1002.  726.  610.  377.  344.  267.   96.
857. 963. 835. 706. 548. 410. 307. 179. 119.  26.
767. 888. 759. 658. 507. 480. 379. 260. 190.  62.
686. 948. 778. 659. 591. 434. 359. 240. 180.  75.
723. 995. 747. 646. 532. 479. 363. 278. 137.  50.
838. 985. 816. 724. 588. 411. 270. 175. 119.  24.
829. 844. 712. 538. 553. 449. 413. 337. 156. 119.
861. 839. 660. 577. 482. 491. 401. 350. 234.  55.
935. 802. 621. 568. 491. 449. 395. 316. 287.  86.
820. 824. 750. 626. 600. 473. 364. 243. 165.  85.
 424.  719.  745. 1035.  860.  643.  332.  152.   40.    0.
 505.  616.  769. 1179.  928.  623.  243.   83.    4.    0.
465. 658. 655. 688. 881. 666. 577. 307.  53.   0.
 433.  651.  714.  814. 1038.  687.  412.  171.   30.    0.
 437.  450.  459.  530.  586.  739. 1393.  356.    0.    0.
 486.  499.  528.  983. 1010.  701.  431.  193.  119.    0.
 451.  555.  733. 1024.  726.  571.  404.  247.  215.   24.
564. 814. 875. 638. 546. 489. 428. 326. 237.  33.
 253.  686.  861. 1019.  833.  650.  444.  204.    0.    0.
287. 678. 790. 907. 899. 704. 398. 255.  32.   0.
354. 743. 855. 739. 694. 563. 440. 348. 189.  25.
392. 473. 486. 544. 962. 574. 441. 430. 618.  30.
441. 754. 784. 895. 632. 457. 483. 343. 161.   0.
401. 844. 778. 731. 664. 559. 533. 286. 154.   0.
 272.  632.  678.  820.  835. 1035.  535.  143.    0.    0.
4.040e+02 1.050e+03 1.280e+03 1.154e+03 6.970e+02 2.800e+02 8.400e+01
 1.000e+00 0.000e+00 0.000e+00
 357.  955. 1210. 1129.  754.  408.  134.    3.    0.    0.
272. 743. 902. 964. 932. 643. 351. 143.   0.   0.
268. 682. 889. 955. 907. 670. 531.  48.   0.   0.
283. 697. 684. 798. 815. 991. 483. 199.   0.   0.
297. 642. 622. 679. 919. 716. 754. 268.  53.   0.
 288.  789.  932. 1088.  863.  552.  312.  113.   13.    0.
478. 730. 956. 733. 493. 516. 428. 269. 245. 102.
 302.  769. 1016. 1123.  763.  668.  230.   77.    2.    0.
300. 711. 715. 706. 840. 804. 571. 303.   0.   0.
416. 783. 748. 691. 705. 577. 409. 362. 242.  17.
 445.  553. 1190.  770.  571.  497.  397.  233.  200.   94.
327. 593. 658. 980. 844. 715. 373. 248. 162.  50.
356. 728. 721. 906. 767. 666. 431. 251. 121.   3.
263. 634. 666. 731. 818. 989. 577. 272.   0.   0.
 361.  811.  999. 1111.  913.  540.  192.   23.    0.    0.
280. 782. 828. 923. 979. 791. 340.  27.   0.   0.
 411.  944. 1063. 1003.  754.  467.  287.   21.    0.    0.
 332.  800.  958. 1046.  782.  533.  251.  242.    6.    0.
 433. 1043.  872.  923.  772.  529.  337.   41.    0.    0.
277. 714. 685. 708. 920. 902. 517. 227.   0.   0.
 323.  784. 1024. 1175.  844.  559.  215.   26.    0.    0.
568. 953. 969. 734. 588. 401. 374. 188. 175.   0.
442. 971. 858. 900. 712. 421. 360. 258.  28.   0.
466. 896. 778. 856. 815. 642. 434.  63.   0.   0.
 292.  656.  644.  844.  848. 1007.  503.  156.    0.    0.
 369.  851. 1057. 1128.  898.  459.  175.   13.    0.    0.
251. 770. 885. 990. 917. 751. 364.  22.   0.   0.
 332.  815.  881. 1089.  890.  650.  260.   33.    0.    0.
 452. 1098.  942.  809.  730.  557.  321.   41.    0.    0.
 510. 1010.  937.  611.  564.  531.  416.  282.   89.    0.
 368.  834. 1126. 1067.  722.  535.  288.   10.    0.    0.
 308.  890. 1011. 1105.  839.  544.  213.   40.    0.    0.
2.810e+02 8.200e+02 9.180e+02 1.028e+03 8.520e+02 6.970e+02 2.610e+02
 9.200e+01 1.000e+00 0.000e+00
332. 731. 804. 945. 744. 651. 405. 303.  35.   0.
304. 587. 744. 870. 738. 632. 567. 294. 176.  38.
