 436.  465.  471.  537.  550.  725. 1287.  479.    0.    0.
 451.  447.  469.  491.  589.  746. 1277.  480.    0.    0.
 438.  467.  442.  534.  598.  684. 1337.  450.    0.    0.
 421.  632.  976. 1016.  826.  520.  282.  197.   70.   10.
426. 690. 797. 955. 793. 631. 323. 213.  98.  24.
 477.  729. 1103.  881.  812.  511.  275.  122.   38.    2.
 487.  609. 1284.  941.  864.  384.  215.  144.   22.    0.
 479.  824. 1049.  937.  838.  423.  216.  156.   28.    0.
 387.  734. 1010.  942.  839.  536.  301.  150.   49.    2.
407. 617. 717. 745. 852. 824. 394. 242. 132.  20.
 457.  696.  964. 1127.  967.  418.  207.   81.   31.    2.
 426.  721. 1210. 1017.  884.  386.  200.   90.   16.    0.
 462.  890. 1122.  913.  820.  443.  229.   65.    6.    0.
4.05e+02 7.72e+02 1.10e+03 9.08e+02 9.72e+02 4.18e+02 2.34e+02 9.70e+01
 4.30e+01 1.00e+00
 490.  914. 1039.  931.  741.  457.  248.   92.   33.    5.
429. 664. 898. 980. 744. 516. 315. 252. 118.  34.
426. 827. 986. 824. 880. 529. 287. 156.  35.   0.
 474.  810. 1142. 1094.  859.  336.  147.   69.   19.    0.
 444.  836. 1098.  946.  903.  440.  197.   72.   14.    0.
 393.  788. 1029. 1028.  832.  511.  235.  100.   30.    4.
 364.  522. 1034.  915.  842.  707.  297.  172.   81.   16.
4.520e+02 7.280e+02 1.209e+03 9.790e+02 8.670e+02 3.880e+02 1.910e+02
 9.400e+01 4.100e+01 1.000e+00
450. 788. 927. 996. 962. 418. 250. 137.  22.   0.
 400.  785. 1159.  925.  913.  398.  231.  112.   27.    0.
 441.  468.  491.  495.  563.  700. 1306.  486.    0.    0.
 443.  435.  455.  536.  570.  728. 1335.  448.    0.    0.
 451.  469.  485.  556.  550.  717. 1302.  420.    0.    0.
 415.  473.  497.  524.  545.  695. 1324.  477.    0.    0.
 410.  470.  468.  538.  575.  712. 1330.  447.    0.    0.
 451.  448.  450.  539.  568.  695. 1357.  442.    0.    0.
 451.  431.  473.  516.  594.  707. 1329.  449.    0.    0.
 453.  463.  503.  499.  567.  752. 1292.  421.    0.    0.
 419.  456.  488.  509.  597.  705. 1319.  457.    0.    0.
 459.  445.  466.  564.  563.  698. 1291.  464.    0.    0.
 442.  444.  495.  530.  576.  732. 1306.  425.    0.    0.
 427.  464.  486.  518.  591.  700. 1321.  443.    0.    0.
 450.  478.  453.  499.  571.  711. 1296.  492.    0.    0.
 455.  464.  445.  505.  590.  706. 1313.  472.    0.    0.
 466.  445.  436.  527.  570.  729. 1316.  461.    0.    0.
 458.  451.  482.  483.  583.  702. 1321.  470.    0.    0.
 450.  475.  447.  539.  574.  717. 1287.  461.    0.    0.
 459.  473.  453.  492.  602.  773. 1231.  467.    0.    0.
 431.  443.  473.  525.  599.  676. 1355.  448.    0.    0.
 437.  450.  460.  519.  596.  726. 1293.  469.    0.    0.
 427.  432.  511.  487.  616.  701. 1335.  441.    0.    0.
 444.  447.  485.  512.  568.  711. 1309.  474.    0.    0.
 456.  425.  540.  523.  549.  708. 1324.  425.    0.    0.
 449.  464.  476.  511.  544.  703. 1331.  472.    0.    0.
 470.  428.  449.  544.  551.  725. 1334.  449.    0.    0.
 489.  440.  474.  494.  528.  755. 1343.  427.    0.    0.
 464.  430.  448.  543.  605.  699. 1341.  420.    0.    0.
 445.  458.  483.  543.  587.  726. 1260.  448.    0.    0.
 459.  477.  468.  518.  566.  705. 1295.  462.    0.    0.
 434.  432.  468.  529.  604.  696. 1374.  413.    0.    0.
 429.  483.  477.  506.  566.  735. 1305.  449.    0.    0.
 457.  450.  485.  469.  574.  747. 1339.  429.    0.    0.
 446.  436.  467.  523.  559.  757. 1329.  433.    0.    0.
 454.  428.  504.  527.  534.  726. 1307.  470.    0.    0.
 469.  458.  465.  526.  602.  669. 1334.  427.    0.    0.
 449.  431.  472.  510.  588.  720. 1344.  436.    0.    0.
 489.  427.  473.  511.  593.  728. 1269.  460.    0.    0.
 480.  491.  492.  518.  537.  651. 1310.  471.    0.    0.
 440.  447.  477.  515.  561.  763. 1311.  436.    0.    0.
 481.  449.  465.  517.  554.  762. 1291.  431.    0.    0.
 459.  413.  517.  523.  556.  767. 1286.  429.    0.    0.
 446.  474.  492.  500.  617.  679. 1315.  427.    0.    0.
 441.  460.  479.  483.  598.  699. 1323.  467.    0.    0.
 408.  473.  477.  517.  595.  728. 1295.  457.    0.    0.
 447.  443.  500.  499.  600.  684. 1336.  441.    0.    0.
 451.  457.  473.  535.  559.  716. 1301.  458.    0.    0.
 426.  463.  478.  537.  565.  716. 1316.  449.    0.    0.
 438.  446.  507.  515.  577.  716. 1297.  454.    0.    0.
 462.  464.  457.  499.  589.  724. 1289.  466.    0.    0.
 447.  440.  474.  518.  598.  727. 1297.  449.    0.    0.
 445.  467.  492.  518.  586.  692. 1305.  445.    0.    0.
 443.  462.  489.  537.  572.  715. 1305.  427.    0.    0.
 433.  501.  487.  500.  531.  708. 1302.  488.    0.    0.
 424.  484.  457.  521.  578.  699. 1325.  462.    0.    0.
 420.  441.  513.  499.  592.  712. 1331.  442.    0.    0.
 462.  395.  558.  504.  580.  711. 1288.  452.    0.    0.
 447.  455.  481.  483.  608.  724. 1308.  444.    0.    0.
 475.  446.  453.  487.  583.  748. 1295.  463.    0.    0.
 425.  472.  474.  487.  588.  722. 1337.  445.    0.    0.
 447.  454.  474.  502.  575.  728. 1346.  424.    0.    0.
 437.  438.  494.  500.  587.  709. 1330.  455.    0.    0.
 445.  464.  476.  488.  544.  744. 1335.  454.    0.    0.
 445.  459.  468.  510.  597.  701. 1310.  460.    0.    0.
 463.  440.  504.  513.  591.  677. 1305.  457.    0.    0.
 413.  480.  482.  523.  590.  737. 1288.  437.    0.    0.
 437.  419.  516.  509.  568.  723. 1305.  473.    0.    0.
 468.  484.  479.  486.  535.  668. 1346.  484.    0.    0.
 465.  445.  511.  495.  569.  701. 1300.  464.    0.    0.
 432.  450.  461.  554.  556.  711. 1300.  486.    0.    0.
 440.  437.  490.  489.  607.  735. 1283.  469.    0.    0.
 411.  460.  489.  529.  586.  698. 1305.  472.    0.    0.
 455.  452.  496.  487.  610.  714. 1271.  465.    0.    0.
 427.  433.  470.  558.  540.  752. 1335.  435.    0.    0.
 424.  470.  465.  515.  587.  716. 1318.  455.    0.    0.
 440.  457.  473.  514.  569.  750. 1326.  421.    0.    0.
492. 630. 991. 937. 658. 529. 581. 132.   0.   0.
919. 855. 812. 648. 494. 478. 329. 207. 178.  30.
908. 758. 719. 571. 574. 432. 357. 300. 224. 107.
521. 620. 902. 784. 604. 684. 492. 343.   0.   0.
899. 782. 642. 539. 527. 445. 421. 356. 257.  82.
949. 858. 784. 710. 552. 401. 309. 201. 110.  76.
506. 624. 901. 809. 642. 732. 530. 206.   0.   0.
958. 880. 742. 635. 543. 478. 361. 252.  88.  13.
910. 823. 679. 563. 512. 439. 445. 300. 205.  74.
528. 605. 767. 810. 491. 498. 695. 556.   0.   0.
911. 857. 715. 568. 475. 442. 399. 291. 216.  76.
899. 862. 743. 642. 544. 438. 371. 238. 156.  57.
 484.  666. 1076. 1094.  739.  339.  296.  256.    0.    0.
880. 776. 741. 589. 521. 434. 431. 257. 232.  89.
918. 831. 742. 623. 522. 472. 381. 287. 133.  41.
533. 637. 830. 946. 642. 673. 557. 132.   0.   0.
918. 841. 770. 649. 532. 469. 341. 270. 122.  38.
943. 765. 709. 643. 643. 438. 296. 229. 192.  92.
487. 680. 968. 888. 747. 592. 443. 145.   0.   0.
902. 790. 753. 659. 534. 432. 354. 216. 221.  89.
895. 802. 742. 633. 517. 467. 383. 244. 214.  53.
516. 617. 991. 924. 594. 582. 617. 109.   0.   0.
852. 810. 713. 634. 562. 468. 314. 292. 200. 105.
902. 838. 708. 630. 535. 463. 332. 299. 186.  57.
358. 489. 598. 992. 808. 566. 383. 383. 366.   7.
863. 817. 715. 616. 513. 451. 379. 291. 214.  91.
885. 854. 756. 661. 522. 468. 350. 248. 146.  60.
386. 482. 531. 982. 808. 550. 463. 348. 384.  16.
896. 849. 781. 659. 532. 469. 337. 241. 136.  50.
912. 783. 694. 667. 597. 433. 326. 231. 224.  83.
411. 610. 615. 873. 555. 481. 450. 444. 501.  10.
853. 838. 761. 633. 501. 471. 412. 243. 156.  82.
892. 805. 743. 605. 515. 451. 413. 292. 149.  85.
398. 549. 555. 899. 699. 454. 512. 409. 466.   9.
848. 789. 667. 551. 485. 457. 411. 334. 246. 162.
903. 728. 678. 532. 494. 442. 410. 368. 263. 132.
