 472.  522.  479. 1009.  913.  541.  475.  296.  177.   66.
495. 469. 495. 836. 942. 639. 446. 388. 190.  50.
477. 503. 542. 493. 993. 852. 573. 391. 111.  15.
450. 473. 465. 504. 983. 942. 557. 406. 151.  19.
 339.  402.  454.  481.  519.  544.  810. 1085.  300.   16.
 379.  470.  521.  583.  747.  775. 1143.  327.    5.    0.
448. 453. 590. 688. 996. 730. 513. 323. 209.   0.
 541.  529.  472.  486.  511.  567. 1236.  588.   20.    0.
 417.  460.  487.  515.  607.  770. 1166.  528.    0.    0.
 439.  472.  472.  531.  567.  727. 1212.  530.    0.    0.
747. 718. 632. 560. 582. 547. 502. 439. 214.   9.
986. 787. 662. 678. 560. 382. 341. 329. 183.  42.
845. 828. 731. 674. 562. 488. 402. 270. 121.  29.
 448.  472.  530. 1149.  732.  581.  438.  259.  225.  116.
 428.  426.  540. 1041.  679.  525.  418.  365.  370.  158.
 432.  517. 1239.  830.  657.  509.  334.  241.  189.    2.
963. 898. 824. 688. 562. 416. 280. 190. 103.  26.
972. 817. 715. 569. 506. 450. 401. 307. 172.  41.
 420.  440.  675. 1078.  570.  683.  349.  359.  376.    0.
896. 831. 721. 684. 531. 485. 385. 246. 130.  41.
860. 804. 686. 663. 597. 447. 349. 278. 172.  94.
931. 771. 676. 723. 609. 418. 299. 288. 171.  64.
927. 718. 644. 667. 610. 426. 324. 335. 237.  62.
849. 746. 695. 647. 570. 481. 350. 333. 206.  73.
863. 875. 713. 593. 580. 451. 363. 268. 172.  72.
 458.  535. 1042.  780.  656.  521.  323.  306.  240.   89.
 466.  522. 1058.  701.  504.  569.  401.  447.  239.   43.
 509.  568. 1027.  848.  690.  440.  347.  293.  172.   56.
 475.  547. 1059.  822.  662.  480.  392.  292.  177.   44.
 475.  478.  512.  546.  594.  746. 1212.  387.    0.    0.
 450.  476.  482.  484.  589.  759. 1323.  387.    0.    0.
 441.  466.  465.  501.  567.  757. 1453.  300.    0.    0.
 440.  481.  445.  523.  595.  753. 1293.  420.    0.    0.
 412.  475.  482.  535.  571.  774. 1238.  463.    0.    0.
 438.  465.  514.  521.  615.  741. 1177.  479.    0.    0.
393. 443. 375. 409. 495. 899. 523. 487. 710. 216.
 317.  470.  896. 1028.  623.  842.  446.  231.   97.    0.
 395.  405.  454.  459.  531. 1154.  561.  434.  453.  104.
392. 429. 452. 922. 743. 500. 521. 352. 221. 418.
489. 594. 911. 625. 479. 467. 434. 335. 283. 333.
891. 901. 796. 690. 554. 450. 301. 183. 140.  44.
799. 761. 713. 623. 589. 518. 386. 310. 214.  37.
912. 860. 760. 677. 563. 428. 333. 240. 122.  55.
