 474.  457.  466.  542.  663. 1259.  569.  428.   92.    0.
455. 478. 536. 513. 604. 880. 614. 610. 260.   0.
635. 871. 913. 847. 937. 474. 202.  56.  15.   0.
498. 590. 852. 980. 806. 584. 384. 155.  97.   4.
573. 520. 641. 956. 790. 542. 345. 307. 244.  32.
541. 680. 777. 835. 691. 571. 430. 283. 133.   9.
 528.  568.  757. 1088.  792.  543.  348.  229.   94.    3.
 434.  452.  498.  518.  573.  739. 1306.  430.    0.    0.
 440.  486.  518.  502.  588.  708. 1189.  519.    0.    0.
 439.  463.  465.  489.  584.  747. 1177.  586.    0.    0.
751. 709. 631. 617. 598. 515. 385. 435. 309.   0.
 461.  448.  464.  530.  571.  727. 1392.  357.    0.    0.
 431.  461.  483.  542.  580.  748. 1411.  294.    0.    0.
 468.  457.  487.  497.  547.  743. 1498.  253.    0.    0.
790. 772. 726. 665. 532. 529. 388. 303. 209.  36.
 442.  451.  481.  527.  585.  727. 1473.  264.    0.    0.
