353. 389. 455. 462. 470. 928. 582. 505. 685. 121.
399. 467. 511. 677. 895. 735. 807. 459.   0.   0.
414. 461. 527. 720. 914. 723. 768. 423.   0.   0.
601. 926. 713. 692. 599. 515. 382. 274. 210.  38.
665. 875. 725. 640. 642. 472. 419. 319. 178.  15.
581. 834. 646. 550. 451. 415. 437. 334. 305. 397.
434. 632. 683. 826. 838. 872. 456. 162.  43.   4.
 419. 1018.  713.  687.  768.  709.  413.  178.   45.    0.
325. 542. 746. 785. 838. 790. 541. 251.  95.  37.
 448.  738.  991. 1008.  762.  580.  213.  198.   12.    0.
 334.  524.  594.  804. 1036.  763.  463.  293.  111.   28.
632. 805. 645. 572. 378. 480. 412. 279. 415. 332.
494. 680. 855. 970. 749. 580. 374. 221.  27.   0.
 374.  429.  478.  479. 1022.  703.  541.  401.  340.  183.
400. 416. 479. 442. 903. 602. 523. 383. 452. 350.
395. 436. 484. 478. 727. 506. 456. 459. 566. 443.
419. 505. 535. 692. 934. 755. 770. 340.   0.   0.
594. 945. 797. 649. 649. 473. 359. 270. 157.  57.
 588. 1055.  846.  740.  595.  479.  345.  177.  115.   10.
