404. 469. 536. 699. 914. 833. 486. 258. 316.  35.
443. 570. 763. 807. 757. 568. 427. 408. 187.  20.
713. 814. 714. 672. 653. 389. 400. 291. 238.  66.
649. 791. 814. 677. 541. 397. 384. 365. 269.  63.
 450.  441.  479.  483.  642.  680. 1331.  444.    0.    0.
 427.  444.  500.  492.  578.  733. 1383.  393.    0.    0.
824. 900. 717. 664. 573. 472. 331. 225. 179.  65.
599. 925. 822. 673. 551. 470. 398. 346. 157.   9.
741. 833. 729. 681. 542. 450. 375. 280. 152. 167.
805. 920. 797. 583. 570. 442. 391. 247. 163.  32.
787. 854. 715. 542. 547. 442. 434. 316. 234.  79.
775. 904. 767. 667. 549. 444. 346. 267. 153.  78.
387. 396. 398. 345. 399. 581. 874. 825. 558. 187.
363. 364. 418. 450. 453. 578. 856. 895. 438. 135.
817. 838. 742. 694. 571. 441. 331. 247. 184.  85.
558. 884. 839. 751. 582. 440. 373. 252. 244.  27.
 455.  437.  480.  500.  598.  688. 1319.  473.    0.    0.
 476.  457.  475.  517.  598.  723. 1366.  338.    0.    0.
