484. 645. 571. 692. 863. 448. 406. 412. 411.  18.
 343.  380.  457.  481.  461.  553.  501. 1345.  356.   73.
259. 579. 963. 893. 851. 695. 392. 211. 107.   0.
272. 599. 761. 788. 748. 727. 525. 363. 132.  35.
372. 697. 827. 683. 508. 466. 440. 473. 413.  71.
336. 705. 782. 783. 683. 490. 604. 381. 182.   4.
262. 708. 988. 911. 872. 610. 447. 116.  36.   0.
438. 735. 848. 641. 561. 542. 484. 206. 325. 170.
317. 581. 779. 832. 828. 686. 466. 330. 108.  23.
281. 624. 898. 822. 730. 667. 396. 363. 148.  21.
