 531.  552. 1005.  727.  621.  470.  437.  263.  219.  125.
452. 892. 880. 752. 631. 628. 370. 276.  69.   0.
480. 929. 767. 714. 701. 479. 466. 314. 100.   0.
 459.  466.  458.  497.  588.  724. 1275.  483.    0.    0.
517. 588. 838. 894. 688. 567. 506. 306.  46.   0.
 451.  570.  611. 1064.  838.  494.  547.  353.   22.    0.
 468.  624.  639.  852. 1191.  775.  371.   30.    0.    0.
450. 539. 712. 490. 757. 892. 980. 130.   0.   0.
434. 579. 542. 668. 917. 923. 488. 238. 144.  17.
479. 485. 496. 550. 714. 952. 661. 472. 141.   0.
457. 449. 499. 580. 669. 971. 643. 539. 143.   0.
403. 481. 540. 708. 882. 570. 607. 468. 291.   0.
411. 415. 700. 963. 572. 484. 471. 375. 218. 341.
424. 398. 751. 934. 639. 539. 420. 344. 241. 260.
423. 425. 458. 471. 904. 655. 538. 328. 436. 312.
420. 420. 810. 834. 639. 510. 411. 339. 240. 327.
366. 382. 432. 432. 487. 462. 865. 930. 474. 120.
 467.  443.  454.  490.  583.  726. 1318.  469.    0.    0.
 456.  451.  484.  496.  594.  665. 1335.  469.    0.    0.
 451.  433.  490.  522.  588.  767. 1312.  387.    0.    0.
 441.  464.  485.  524.  579.  820. 1270.  367.    0.    0.
