 442.  473.  452.  529.  576.  731. 1286.  461.    0.    0.
430. 480. 540. 636. 716. 816. 734. 598.   0.   0.
 413.  470.  485.  518.  599.  692. 1325.  448.    0.    0.
 438.  454.  487.  507.  598.  701. 1141.  624.    0.    0.
548. 746. 527. 395. 421. 427. 894. 826. 166.   0.
 435.  460.  465.  501.  584.  719. 1405.  381.    0.    0.
 480.  415.  434.  574.  568.  724. 1191.  564.    0.    0.
 451.  479.  455.  487.  562.  740. 1137.  639.    0.    0.
451. 449. 533. 569. 630. 853. 684. 637. 144.   0.
 438.  454.  482.  539.  643.  778. 1194.  422.    0.    0.
454. 471. 473. 546. 676. 882. 761. 526. 161.   0.
 430.  459.  490.  550.  663. 1116.  681.  462.   99.    0.
677. 653. 586. 571. 520. 523. 555. 562. 303.   0.
 405.  692.  885. 1015. 1075.  681.  190.    7.    0.    0.
 527.  416.  529.  534.  719.  738. 1246.  241.    0.    0.
 490.  596.  626. 1161.  753.  535.  346.  278.  157.    8.
 458.  591.  684. 1101.  746.  511.  389.  355.  115.    0.
 477.  528.  747. 1089.  773.  492.  367.  246.  189.   42.
470. 598. 716. 944. 689. 523. 411. 359. 209.  31.
399. 454. 598. 884. 818. 604. 449. 311. 212. 221.
 473.  533.  758. 1087.  827.  473.  339.  285.  169.    6.
468. 548. 660. 969. 700. 530. 424. 343. 223.  85.
379. 492. 623. 776. 778. 567. 414. 397. 270. 254.
 469.  434.  519.  511.  573.  682. 1279.  483.    0.    0.
 444.  518.  607.  769. 1137.  711.  367.  261.  136.    0.
937. 887. 783. 707. 591. 409. 280. 172. 113.  71.
845. 768. 694. 666. 550. 496. 337. 230. 188. 176.
892. 875. 765. 705. 548. 463. 302. 207. 131.  62.
868. 756. 648. 612. 523. 469. 398. 297. 241. 138.
866. 948. 788. 679. 577. 435. 322. 206. 116.  13.
856. 735. 663. 635. 573. 478. 331. 363. 253.  63.
 459.  446.  485.  532.  580.  691. 1321.  436.    0.    0.
 450.  468.  475.  534.  691.  816. 1282.  234.    0.    0.
