421. 710. 903. 681. 593. 492. 349. 311. 278. 212.
319. 700. 864. 848. 783. 565. 388. 294. 189.   0.
209. 624. 842. 926. 857. 661. 449. 272.  68.  42.
392. 715. 815. 922. 726. 425. 337. 299. 301.  18.
252. 471. 664. 826. 682. 728. 548. 372. 296. 111.
299. 604. 824. 791. 613. 613. 417. 478. 147. 164.
 457.  463.  534.  508.  607.  828. 1066.  487.    0.    0.
 301.  710.  824. 1024.  774.  568.  434.  206.  109.    0.
279. 726. 892. 949. 750. 530. 408. 275. 141.   0.
 297.  717.  949. 1042.  853.  571.  328.  162.   31.    0.
 342.  389.  429.  434.  457.  583.  661. 1138.  422.   95.
400. 495. 657. 777. 786. 533. 335. 347. 511. 109.
 424.  432.  619.  501.  583.  805. 1001.  504.   81.    0.
398. 496. 605. 836. 963. 566. 286. 338. 393.  69.
 446.  426.  487.  536.  555.  718. 1321.  461.    0.    0.
 571. 1308. 1310. 1007.  493.  212.   49.    0.    0.    0.
 464.  468.  429.  519.  628.  713. 1355.  374.    0.    0.
