 468.  615.  790. 1020.  760.  534.  383.  228.  111.   41.
533. 585. 719. 985. 667. 507. 426. 262. 206.  60.
 372.  396.  387.  420.  469.  464.  611. 1231.  460.  140.
 500.  627.  704. 1123.  793.  542.  327.  216.   87.   31.
480. 619. 740. 968. 699. 550. 392. 298. 151.  53.
 359.  349.  445.  493.  479.  497.  501. 1383.  329.  115.
 536.  556.  777. 1244.  699.  557.  273.  193.   92.   23.
 498.  553.  736. 1130.  753.  516.  354.  200.  161.   49.
 361.  398.  431.  465.  487.  504.  537. 1301.  390.   76.
 492.  578.  748. 1122.  759.  529.  370.  205.  109.   38.
 532.  564.  615. 1176.  756.  482.  353.  267.  149.   56.
 409.  415.  434.  368.  526.  487.  552. 1282.  363.  114.
 504.  585.  652. 1280.  737.  557.  278.  197.  110.   50.
 530.  514.  676. 1073.  687.  548.  370.  261.  204.   87.
 409.  346.  413.  358.  470.  462.  585. 1305.  431.  171.
 518.  553.  710. 1075.  704.  592.  355.  251.  170.   22.
508. 596. 751. 936. 699. 541. 409. 296. 160.  54.
 365.  375.  460.  395.  449.  499.  574. 1305.  425.  103.
 483.  679.  544. 1079.  809.  524.  335.  288.  169.   40.
 567.  512.  644. 1048.  755.  604.  381.  211.  193.   35.
 386.  411.  340.  420.  473.  482.  568. 1301.  439.  130.
 531.  616.  792. 1215.  796.  419.  294.  175.   86.   26.
513. 604. 632. 968. 747. 521. 386. 288. 217.  74.
 373.  357.  439.  472.  473.  487.  473. 1334.  404.  138.
 485.  627.  737. 1187.  757.  501.  346.  202.   90.   18.
503. 655. 669. 844. 659. 516. 449. 372. 206.  77.
 357.  417.  378.  463.  456.  496.  559. 1273.  417.  134.
542. 626. 726. 834. 619. 529. 452. 342. 217.  63.
476. 710. 691. 848. 652. 546. 437. 340. 188.  62.
 383.  419.  365.  480.  454.  479.  533. 1310.  417.  110.
 535.  517.  683. 1157.  807.  505.  368.  184.  151.   43.
569. 661. 652. 775. 503. 539. 497. 412. 258.  84.
 381.  366.  395.  445.  406.  463.  578. 1277.  441.  198.
516. 632. 674. 854. 664. 530. 424. 360. 216.  80.
537. 604. 845. 846. 644. 498. 453. 281. 181.  61.
 346.  382.  410.  449.  524.  481.  518. 1341.  380.  119.
