423. 453. 569. 610. 983. 712. 524. 502. 174.   0.
588. 560. 534. 555. 863. 640. 542. 438. 230.   0.
 436.  483.  426.  452.  586.  664. 1014.  889.    0.    0.
 435.  456.  466.  535.  576.  712. 1298.  472.    0.    0.
 446.  456.  484.  499.  619.  716. 1259.  471.    0.    0.
 440.  430.  493.  501.  604.  681. 1476.  325.    0.    0.
 991. 1012.  803.  680.  566.  423.  292.  130.   48.    5.
448. 472. 500. 612. 863. 566. 516. 486. 487.   0.
 581.  605.  564.  608. 1337.  715.  323.  155.   50.   12.
353. 406. 401. 432. 465. 568. 901. 756. 529. 139.
 421.  390.  469.  561.  439.  549. 1092.  700.  280.   49.
 372.  392.  393.  453.  531.  519. 1131.  606.  435.  118.
454. 477. 574. 880. 894. 666. 504. 351. 149.   1.
 482.  568.  782. 1037.  631.  535.  459.  316.  128.   12.
807. 892. 695. 654. 569. 450. 388. 310. 147.  38.
4.250e+02 5.030e+02 5.960e+02 7.030e+02 1.003e+03 6.600e+02 4.690e+02
 3.460e+02 2.440e+02 1.000e+00
498. 605. 672. 978. 694. 574. 456. 304. 155.  14.
902. 808. 763. 625. 542. 414. 377. 275. 196.  48.
518. 514. 526. 952. 627. 516. 478. 387. 402.  30.
 493.  457.  628.  670.  851. 1197.  561.   93.    0.    0.
 472.  530.  599.  618.  747. 1165.  793.   26.    0.    0.
498. 543. 551. 587. 907. 818. 620. 347.  79.   0.
 564.  436.  504.  565.  908. 1011.  478.  390.   94.    0.
 452.  469.  478.  468.  496.  631. 1116.  840.    0.    0.
490. 510. 518. 569. 830. 695. 587. 505. 246.   0.
 456.  462.  503.  484.  581.  738. 1420.  306.    0.    0.
 450.  463.  454.  469.  602.  801. 1273.  438.    0.    0.
 451.  487.  522.  511.  631.  754. 1205.  389.    0.    0.
427. 452. 520. 560. 737. 983. 722. 374. 175.   0.
 427.  454.  492.  564.  728. 1219.  636.  314.  116.    0.
484. 466. 503. 564. 684. 841. 718. 499. 191.   0.
 438.  473.  498.  601.  649.  856. 1232.  203.    0.    0.
859. 791. 690. 552. 556. 470. 444. 332. 203.  53.
897. 903. 776. 709. 568. 442. 290. 199. 119.  47.
 482.  679. 1085.  878.  616.  469.  368.  211.  142.   20.
 498. 1213.  885.  741.  548.  448.  283.  198.  110.   26.
549. 695. 842. 741. 591. 469. 489. 471. 103.   0.
449. 520. 820. 960. 692. 492. 427. 377. 194.  19.
