 445.  477.  453.  462.  609.  744. 1296.  464.    0.    0.
 425.  477.  492.  490.  568.  717. 1300.  481.    0.    0.
 426.  446.  488.  506.  577.  714. 1339.  454.    0.    0.
 496.  456.  480.  487.  563.  694. 1271.  503.    0.    0.
 550.  652.  915. 1255.  790.  447.  229.  105.    7.    0.
439. 533. 815. 953. 874. 698. 417. 176.  45.   0.
 437.  581. 1147.  735.  627.  511.  421.  280.  164.   47.
 439.  473.  480.  536.  568.  720. 1294.  440.    0.    0.
 437.  452.  453.  526.  590.  719. 1329.  444.    0.    0.
 452.  443.  479.  519.  585.  745. 1295.  432.    0.    0.
 445.  459.  461.  524.  568.  748. 1293.  452.    0.    0.
 551.  890. 1195.  921.  503.  335.  271.  203.   81.    0.
 530.  929. 1071.  822.  542.  459.  323.  194.   72.    8.
 440.  460.  433.  493.  602.  754. 1274.  494.    0.    0.
 452.  475.  488.  519.  553.  690. 1301.  472.    0.    0.
 424.  452.  471.  526.  579.  742. 1308.  448.    0.    0.
 473.  415.  457.  536.  576.  680. 1341.  472.    0.    0.
 443.  512.  863. 1074.  815.  681.  351.  193.   18.    0.
 465.  578.  825. 1174.  837.  586.  287.  150.   48.    0.
 493.  533. 1101.  738.  613.  493.  421.  292.  212.   54.
 430.  479.  486.  508.  601.  692. 1325.  429.    0.    0.
 442.  470.  482.  498.  585.  726. 1305.  442.    0.    0.
 443.  436.  469.  526.  569.  740. 1297.  470.    0.    0.
 423.  448.  479.  530.  573.  725. 1307.  465.    0.    0.
 511.  808. 1121.  980.  655.  422.  294.  142.   17.    0.
 562.  798. 1106.  864.  602.  504.  349.  115.   50.    0.
 439.  452.  514.  467.  600.  670. 1337.  471.    0.    0.
 431.  455.  469.  521.  587.  699. 1336.  452.    0.    0.
 420.  442.  480.  510.  589.  740. 1296.  473.    0.    0.
 436.  475.  467.  509.  578.  692. 1274.  519.    0.    0.
413. 582. 647. 973. 961. 636. 436. 265.  37.   0.
 413.  530.  757. 1146.  874.  525.  356.  282.   67.    0.
509. 634. 945. 742. 585. 509. 409. 361. 222.  34.
 440.  472.  450.  549.  585.  705. 1308.  441.    0.    0.
 430.  450.  465.  509.  607.  728. 1307.  454.    0.    0.
 452.  482.  451.  537.  570.  686. 1309.  463.    0.    0.
 444.  452.  446.  506.  611.  710. 1355.  426.    0.    0.
 566.  871. 1161.  817.  450.  425.  373.  202.   85.    0.
 525.  797. 1156.  836.  620.  459.  255.  240.   62.    0.
