399. 488. 553. 909. 785. 729. 969. 118.   0.   0.
440. 811. 680. 581. 652. 676. 695. 415.   0.   0.
549. 885. 690. 567. 646. 733. 614. 266.   0.   0.
 464.  498.  439. 1000.  915.  739.  650.  245.    0.    0.
402. 475. 552. 993. 738. 714. 835. 241.   0.   0.
449. 437. 529. 990. 839. 717. 862. 127.   0.   0.
465. 491. 520. 963. 960. 816. 630. 105.   0.   0.
728. 744. 670. 648. 569. 590. 429. 321. 226.  25.
745. 677. 614. 624. 611. 580. 566. 317. 178.  38.
759. 756. 656. 611. 612. 543. 444. 335. 205.  29.
697. 696. 694. 614. 626. 590. 472. 296. 228.  37.
426. 462. 584. 934. 660. 724. 937. 223.   0.   0.
814. 782. 692. 687. 620. 510. 368. 299. 159.  19.
786. 741. 678. 595. 571. 498. 406. 355. 267.  53.
854. 786. 779. 731. 627. 493. 400. 166. 106.   8.
831. 794. 756. 668. 562. 523. 392. 238. 163.  23.
893. 802. 609. 537. 486. 487. 467. 380. 218.  71.
898. 900. 779. 719. 595. 429. 286. 204. 119.  21.
