3.68e+02 5.19e+02 4.73e+02 5.74e+02 6.52e+02 7.28e+02 1.15e+03 3.93e+02
 9.20e+01 1.00e+00
403. 712. 900. 746. 841. 611. 420. 206. 111.   0.
899. 930. 699. 643. 615. 493. 384. 196.  74.  17.
 657. 1025.  775.  641.  568.  456.  379.  273.  150.   26.
713. 963. 767. 666. 548. 477. 401. 237. 147.  31.
433. 468. 534. 637. 703. 973. 873. 274.  55.   0.
 417.  504.  514.  568.  887. 1007.  558.  451.   44.    0.
 453.  463.  533.  558.  695. 1165.  664.  398.   21.    0.
 444.  490.  469.  601.  615. 1018.  740.  409.  164.    0.
 458.  422.  534.  548.  560.  802. 1045.  506.   75.    0.
 392.  458.  451.  554.  574.  815. 1157.  469.   80.    0.
