485. 902. 791. 630. 504. 502. 506. 366. 201.  63.
 368.  376.  426.  459.  515.  477.  545. 1325.  366.   93.
 374.  385.  438.  401.  447.  525.  538. 1304.  422.  116.
 345.  814.  921. 1085.  815.  512.  292.  131.   35.    0.
338. 693. 628. 801. 961. 699. 475. 241.  98.  16.
260. 660. 585. 787. 857. 702. 639. 407.  53.   0.
239. 657. 573. 615. 837. 846. 639. 380. 132.  32.
267. 647. 825. 955. 965. 625. 382. 211.  73.   0.
 463.  613.  699.  748.  771. 1133.  500.   23.    0.    0.
599. 998. 776. 726. 585. 452. 321. 261. 188.  44.
495. 550. 701. 926. 899. 599. 497. 193.  90.   0.
385. 644. 727. 797. 887. 841. 363. 219.  87.   0.
402. 688. 725. 946. 972. 719. 320. 107.  60.  11.
 294.  718.  592.  667.  990. 1046.  532.  111.    0.    0.
285. 631. 510. 466. 665. 882. 753. 481. 245.  32.
218. 643. 838. 982. 868. 687. 525. 189.   0.   0.
262. 661. 621. 868. 759. 732. 648. 365.  34.   0.
454. 735. 843. 849. 670. 478. 314. 465. 142.   0.
332. 641. 704. 851. 932. 724. 446. 260.  60.   0.
275. 612. 514. 582. 687. 889. 754. 463. 159.  15.
250. 570. 680. 956. 875. 583. 599. 372.  65.   0.
496. 717. 721. 731. 548. 505. 401. 462. 319.  50.
334. 728. 580. 552. 595. 829. 862. 470.   0.   0.
324. 773. 741. 723. 633. 706. 629. 317.  99.   5.
219. 698. 892. 967. 870. 670. 488. 146.   0.   0.
235. 595. 720. 824. 810. 684. 672. 333.  76.   1.
432. 877. 883. 665. 550. 623. 528. 312.  80.   0.
236. 630. 752. 916. 960. 720. 534. 202.   0.   0.
 378.  623.  764.  920. 1062.  700.  263.  167.   73.    0.
 280.  729.  947. 1037.  876.  569.  338.  144.   25.    5.
436. 761. 763. 747. 740. 620. 385. 394. 104.   0.
412. 715. 795. 836. 694. 696. 482. 276.  44.   0.
 429.  662.  710.  898. 1076.  657.  252.  160.   87.   19.
477. 827. 842. 786. 728. 626. 295. 251. 118.   0.
267. 654. 496. 485. 679. 987. 816. 412. 143.  11.
 406.  623.  690.  874. 1003.  679.  291.  239.  127.   18.
266. 595. 637. 962. 846. 617. 455. 455. 117.   0.
303. 754. 548. 588. 626. 804. 867. 460.   0.   0.
248. 578. 723. 847. 796. 705. 691. 276.  79.   7.
 364.  646.  687.  778. 1009.  873.  388.  173.   32.    0.
229. 730. 759. 872. 927. 762. 507. 164.   0.   0.
