 394.  684.  803. 1161.  780.  705.  393.   30.    0.    0.
 442.  618. 1075.  913.  892.  562.  355.   76.   17.    0.
504. 873. 802. 699. 511. 508. 320. 392. 277.  64.
 514. 1011.  927.  775.  532.  474.  324.  246.  124.   23.
 504.  636.  583.  616.  696. 1089.  792.   34.    0.    0.
 494.  736.  876. 1036.  945.  505.  238.  110.   10.    0.
422. 521. 714. 806. 760. 546. 546. 462. 169.   4.
627. 993. 701. 356. 268. 517. 549. 420. 418. 101.
 602. 1000.  563.  275.  187.  485. 1050.  779.    9.    0.
738. 968. 708. 494. 494. 736. 614. 198.   0.   0.
579. 881. 612. 254. 251. 523. 990. 858.   2.   0.
 440.  887. 1009.  660.  515.  439.  385.  336.  212.   67.
659. 984. 667. 526. 447. 434. 406. 463. 314.  50.
463. 963. 918. 643. 521. 456. 386. 332. 209.  59.
492. 875. 823. 683. 456. 544. 454. 270. 243. 110.
 421.  467.  472.  531.  580.  778. 1272.  429.    0.    0.
 878.  875.  553.  193.    0.    0.   33.  629. 1312.  477.
