 399.  450.  463.  479.  557.  731. 1107.  723.   41.    0.
949. 738. 693. 567. 557. 471. 350. 316. 233.  76.
 733. 1011.  914.  701.  634.  452.  278.  149.   62.   16.
468. 572. 966. 951. 664. 493. 374. 358. 102.   2.
821. 965. 781. 650. 572. 457. 356. 222. 103.  23.
906. 820. 705. 636. 504. 481. 370. 313. 153.  62.
 610.  702. 1007.  836.  653.  454.  331.  198.  126.   33.
433. 473. 505. 563. 928. 765. 645. 557.  81.   0.
 565.  907. 1008.  716.  587.  461.  362.  216.  108.   20.
526. 633. 928. 785. 650. 407. 415. 351. 247.   8.
5.140e+02 1.258e+03 8.760e+02 7.420e+02 5.730e+02 4.320e+02 3.230e+02
 1.790e+02 5.200e+01 1.000e+00
499. 944. 955. 685. 642. 425. 364. 252. 180.   4.
697. 883. 802. 713. 578. 446. 346. 228. 157. 100.
809. 894. 782. 646. 555. 465. 336. 278. 154.  31.
954. 846. 636. 491. 521. 512. 448. 326. 149.  67.
825. 855. 658. 714. 594. 482. 278. 258. 232.  54.
670. 988. 796. 674. 544. 481. 374. 254. 150.  19.
521. 620. 805. 805. 602. 451. 454. 407. 265.  20.
 469. 1102.  874.  676.  534.  502.  358.  224.  119.   92.
993. 939. 787. 659. 572. 450. 300. 168.  70.  12.
626. 991. 903. 679. 571. 481. 357. 245.  90.   7.
535. 718. 912. 727. 586. 479. 477. 305. 204.   7.
942. 877. 729. 621. 548. 465. 384. 234. 122.  28.
 522.  612.  639.  836. 1098.  694.  346.  178.   25.    0.
 523. 1067.  877.  758.  562.  495.  260.  231.  163.   14.
490. 441. 482. 580. 769. 945. 872. 352.  19.   0.
772. 984. 792. 640. 551. 495. 358. 222. 114.  22.
509. 929. 941. 632. 554. 471. 445. 274. 180.  15.
 439.  438.  466.  517.  552.  654. 1160.  594.  130.    0.
466. 540. 632. 702. 850. 748. 511. 336. 141.  24.
540. 626. 809. 886. 623. 552. 401. 249. 188.  76.
777. 892. 795. 701. 508. 465. 398. 237. 123.  54.
403. 467. 479. 570. 708. 800. 782. 593. 133.  15.
 553.  741. 1031.  840.  687.  489.  351.  161.   73.   24.
482. 479. 550. 592. 836. 890. 645. 452.  24.   0.
 435.  450.  480.  507.  819. 1063.  591.  509.   96.    0.
664. 914. 884. 695. 544. 464. 370. 231. 147.  37.
497. 591. 628. 606. 813. 723. 438. 381. 184.  89.
922. 784. 719. 626. 591. 421. 369. 279. 198.  41.
 515. 1201.  889.  717.  562.  466.  314.  203.   83.    0.
510. 957. 913. 616. 531. 495. 464. 271. 189.   4.
709. 909. 830. 603. 598. 473. 359. 251. 171.  47.
908. 865. 747. 658. 532. 439. 320. 242. 164.  75.
 494. 1126.  703.  590.  482.  471.  464.  349.  188.   83.
489. 558. 637. 959. 970. 603. 371. 201. 133.  29.
967. 853. 766. 717. 587. 398. 295. 218. 124.  25.
699. 886. 729. 665. 541. 471. 365. 277. 200. 117.
 458. 1176.  811.  684.  616.  448.  343.  183.  146.   85.
 716. 1062.  893.  670.  596.  449.  337.  156.   69.    2.
823. 885. 764. 667. 566. 448. 342. 239. 151.  65.
 484.  678. 1128.  908.  651.  423.  332.  217.  122.    7.
818. 942. 727. 601. 544. 493. 405. 257. 133.  30.
 492. 1057.  759.  643.  459.  481.  439.  277.  235.  108.
568. 977. 843. 620. 489. 518. 427. 282. 214.  12.
889. 758. 701. 653. 526. 479. 338. 278. 230.  98.
513. 678. 822. 887. 705. 511. 367. 285. 155.  27.
614. 795. 998. 790. 616. 465. 355. 198. 115.   4.
483. 939. 811. 691. 496. 518. 389. 331. 281.  11.
 471.  647.  672.  871. 1097.  783.  344.   65.    0.    0.
430. 496. 541. 573. 847. 801. 606. 560.  96.   0.
822. 890. 762. 634. 517. 486. 371. 243. 157.  68.
458. 483. 508. 631. 978. 984. 681. 190.  37.   0.
678. 994. 707. 484. 547. 453. 482. 347. 184.  74.
 445.  432.  506.  563.  679.  590. 1271.  416.   48.    0.
460. 513. 564. 609. 802. 961. 527. 300. 170.  44.
409. 393. 501. 493. 571. 742. 897. 709. 195.  40.
767. 918. 769. 697. 571. 455. 309. 243. 174.  47.
585. 965. 666. 635. 554. 464. 368. 310. 347.  56.
 697. 1054.  978.  762.  557.  374.  279.  171.   78.    0.
 497. 1041.  906.  674.  564.  489.  374.  251.  154.    0.
583. 835. 937. 690. 559. 477. 386. 325. 146.  12.
538. 672. 806. 940. 659. 515. 393. 308. 109.  10.
766. 984. 789. 644. 570. 460. 362. 220. 129.  26.
932. 876. 800. 676. 592. 403. 305. 207. 134.  25.
486. 664. 745. 825. 929. 793. 385. 113.  10.   0.
453. 525. 506. 567. 855. 650. 709. 557. 128.   0.
 442.  528.  481.  535.  688. 1037.  745.  468.   26.    0.
999. 872. 677. 613. 503. 442. 357. 285. 164.  38.
875. 977. 820. 668. 520. 413. 303. 227. 111.  36.
511. 979. 824. 550. 530. 456. 415. 329. 221. 135.
713. 988. 725. 600. 561. 415. 414. 322. 169.  43.
 401.  481.  491.  412.  517.  689. 1239.  605.  115.    0.
985. 755. 658. 575. 507. 459. 398. 360. 212.  41.
507. 544. 619. 934. 969. 569. 377. 247. 166.  18.
 716. 1014.  824.  702.  566.  453.  305.  199.  126.   45.
501. 592. 889. 983. 719. 497. 345. 216. 149.  59.
767. 844. 751. 648. 482. 512. 374. 271. 230.  71.
479. 977. 751. 575. 565. 495. 345. 335. 191. 237.
 432.  457.  494.  485.  685. 1020.  748.  545.   84.    0.
 473. 1067.  771.  622.  533.  482.  381.  331.  195.   95.
 529. 1132.  908.  706.  592.  445.  322.  219.   85.   12.
797. 821. 667. 667. 579. 398. 343. 390. 244.  44.
499. 942. 914. 767. 587. 453. 329. 252. 203.   4.
 520.  547. 1109.  874.  603.  532.  369.  237.  159.    0.
 508. 1124.  766.  676.  552.  460.  416.  257.  181.   10.
 525. 1102.  893.  756.  575.  466.  297.  221.  112.    3.
434. 443. 638. 591. 927. 946. 476. 274. 169.  52.
400. 465. 447. 486. 591. 993. 855. 488. 167.  58.
895. 802. 796. 654. 507. 463. 384. 232. 146.  71.
510. 610. 677. 742. 884. 861. 460. 183.  23.   0.
420. 474. 517. 689. 839. 896. 712. 350.  53.   0.
927. 750. 663. 718. 584. 391. 347. 335. 182.  53.
919. 991. 837. 698. 588. 346. 251. 185.  99.  36.
 435.  482.  468.  504.  592.  696. 1195.  496.   82.    0.
 721. 1006.  818.  710.  500.  435.  341.  229.  146.   44.
458. 515. 558. 572. 720. 967. 610. 296. 173.  81.
 455.  585.  628.  685. 1014.  652.  396.  284.  204.   47.
697. 963. 717. 686. 586. 426. 342. 301. 170.  62.
 404.  417.  508.  475.  555.  754. 1081.  591.  154.   11.
 472. 1121.  729.  593.  476.  494.  476.  302.  207.   80.
834. 900. 768. 603. 512. 522. 361. 279. 146.  25.
941. 789. 699. 605. 526. 455. 396. 297. 202.  40.
603. 887. 978. 712. 595. 433. 388. 174. 140.  40.
711. 966. 703. 580. 526. 463. 395. 315. 210.  81.
552. 541. 568. 873. 945. 724. 419. 257.  71.   0.
511. 646. 996. 891. 535. 563. 430. 202. 170.   6.
 524. 1109.  755.  630.  514.  489.  386.  291.  188.   64.
 440.  496.  500.  508.  713. 1123.  799.  330.   41.    0.
565. 615. 904. 866. 643. 506. 431. 224. 169.  27.
634. 984. 680. 608. 534. 458. 404. 312. 223. 113.
 440.  445.  450.  512.  599.  678. 1293.  468.   65.    0.
 579. 1123.  693.  529.  511.  494.  502.  379.  140.    0.
 454. 1022.  754.  676.  576.  441.  365.  275.  203.  184.
560. 908. 765. 659. 536. 425. 429. 327. 325.  16.
427. 481. 561. 585. 914. 718. 576. 595.  93.   0.
631. 983. 837. 731. 544. 471. 346. 200. 147.  60.
546. 602. 603. 663. 605. 788. 585. 317. 167.  74.
708. 947. 757. 635. 570. 441. 380. 253. 184.  75.
409. 409. 506. 500. 635. 839. 897. 540. 168.  47.
 579.  646.  919. 1036.  680.  453.  271.  247.  114.    5.
 513.  601.  635.  700. 1012.  698.  422.  245.  106.   18.
779. 959. 815. 710. 554. 431. 360. 210.  96.  36.
 470. 1097.  734.  645.  543.  453.  380.  318.  213.   97.
 432.  448.  565.  525.  835. 1027.  629.  445.   44.    0.
804. 868. 790. 665. 538. 462. 342. 256. 134.  91.
636. 924. 860. 700. 559. 484. 365. 253. 137.  32.
503. 491. 799. 990. 549. 628. 438. 363. 189.   0.
 579.  506.  573.  884. 1144.  787.  339.  135.    3.    0.
 521. 1166.  907.  721.  563.  418.  324.  153.  141.   36.
827. 859. 691. 588. 496. 465. 411. 357. 199.  57.
 451.  497.  558.  576.  752. 1015.  832.  249.   20.    0.
724. 965. 800. 666. 569. 483. 350. 205. 151.  37.
520. 646. 622. 929. 986. 634. 446. 158.   9.   0.
 512. 1203.  823.  674.  565.  483.  375.  219.   93.    3.
758. 986. 793. 658. 562. 454. 353. 238. 108.  40.
540. 936. 738. 639. 594. 429. 345. 362. 360.   7.
 396.  438.  506.  507.  574.  802. 1166.  476.   85.    0.
477. 525. 496. 566. 705. 998. 676. 429.  78.   0.
927. 843. 797. 668. 563. 416. 347. 228. 109.  52.
507. 965. 860. 727. 601. 419. 381. 311. 175.   4.
 431.  438.  417.  515.  480.  724. 1207.  545.  193.    0.
 531. 1153.  761.  699.  554.  429.  329.  289.  172.   33.
869. 871. 846. 676. 551. 463. 275. 202. 137.  60.
 483.  463.  467.  590.  749. 1268.  567.  203.  119.   41.
653. 911. 708. 615. 547. 459. 405. 273. 241. 138.
 445.  464.  394.  452.  564.  837. 1060.  463.  204.   67.
 579.  617.  624. 1127.  688.  477.  368.  300.  160.   10.
939. 850. 716. 635. 564. 432. 373. 277. 138.  26.
 463. 1157.  755.  691.  535.  468.  315.  261.  169.  136.
431. 471. 562. 644. 919. 689. 644. 506.  84.   0.
 772. 1042.  894.  696.  573.  408.  283.  157.   93.   32.
 491. 1116.  925.  723.  547.  427.  354.  164.  138.   65.
 634. 1034.  926.  725.  599.  422.  290.  218.   91.   11.
507. 725. 929. 857. 609. 449. 404. 312. 139.  19.
478. 581. 644. 679. 963. 618. 488. 322. 159.  18.
797. 916. 699. 578. 505. 492. 405. 337. 184.  37.
553. 698. 914. 756. 588. 514. 426. 257. 201.  43.
678. 927. 747. 624. 567. 477. 348. 274. 173. 135.
 453.  445.  578.  552. 1026.  899.  622.  348.   27.    0.
 492. 1135.  825.  718.  531.  458.  340.  218.  150.   83.
937. 858. 744. 628. 521. 465. 386. 255. 130.  26.
 513. 1122.  826.  711.  562.  460.  335.  240.  166.   15.
 471. 1092.  913.  717.  601.  460.  306.  245.  145.    0.
 500. 1107.  786.  716.  581.  443.  374.  241.  181.   21.
430. 492. 627. 614. 926. 933. 494. 248. 154.  32.
478. 987. 851. 694. 580. 457. 396. 322. 185.   0.
 651. 1030.  788.  681.  555.  446.  322.  275.  163.   39.
 514.  549.  692.  760. 1154.  908.  276.   82.   15.    0.
482. 521. 523. 581. 752. 850. 857. 316.  68.   0.
400. 426. 457. 564. 614. 920. 854. 473. 198.  44.
502. 990. 634. 608. 574. 470. 340. 281. 340. 211.
 441.  452.  482.  483.  541.  698. 1185.  545.  123.    0.
724. 988. 837. 758. 528. 424. 339. 199. 109.  44.
921. 877. 764. 692. 608. 396. 291. 227. 131.  43.
456. 541. 633. 612. 675. 908. 567. 345. 173.  40.
442. 407. 462. 417. 547. 791. 760. 666. 326. 132.
 513.  482.  688.  646. 1106.  681.  420.  228.  137.   49.
 524. 1167.  814.  656.  590.  444.  361.  257.  115.   22.
800. 816. 613. 659. 604. 431. 325. 304. 247. 151.
701. 940. 759. 663. 530. 476. 366. 250. 192.  73.
 499. 1012.  824.  727.  618.  388.  372.  298.  202.   10.
 553.  743. 1226.  769.  595.  475.  313.  193.   78.    5.
 475. 1163.  797.  696.  567.  453.  356.  261.  142.   40.
 549.  649. 1055.  841.  631.  458.  338.  285.  130.   14.
530. 586. 569. 892. 984. 646. 450. 243.  50.   0.
426. 459. 554. 583. 723. 946. 921. 291.  47.   0.
851. 871. 707. 568. 490. 516. 440. 277. 178.  52.
 371.  486.  487.  410.  552.  776. 1196.  556.  116.    0.
 503.  589.  624.  852. 1185.  745.  306.  142.    4.    0.
434. 487. 504. 574. 734. 865. 877. 427.  48.   0.
951. 827. 777. 701. 610. 417. 277. 168. 149.  73.
641. 959. 790. 605. 560. 462. 372. 287. 149. 125.
561. 949. 793. 759. 548. 489. 329. 244. 135. 143.
777. 977. 666. 572. 496. 530. 386. 350. 136.  60.
637. 973. 832. 672. 570. 445. 374. 238. 150.  59.
 396.  446.  473.  512.  519.  648. 1323.  510.  123.    0.
 448.  441.  562.  567.  760. 1162.  606.  279.  113.   12.
 490. 1126.  639.  487.  433.  467.  488.  411.  269.  140.
747. 929. 735. 677. 504. 482. 357. 292. 155.  72.
398. 401. 472. 535. 542. 637. 969. 624. 218. 154.
 560.  641.  665. 1072.  719.  483.  357.  309.  124.   20.
699. 946. 754. 654. 554. 463. 342. 271. 189.  78.
 468. 1165.  748.  677.  542.  448.  395.  280.  152.   75.
545. 694. 904. 924. 647. 532. 356. 218.  95.  35.
464. 435. 532. 498. 953. 946. 537. 489.  96.   0.
 484. 1062.  814.  674.  532.  492.  375.  225.  203.   89.
437. 466. 499. 636. 757. 871. 656. 547.  81.   0.
875. 932. 738. 623. 562. 484. 366. 239. 106.  25.
 598. 1042.  836.  718.  579.  468.  292.  258.  128.   31.
 451.  541.  630.  755. 1027.  695.  441.  259.  117.   34.
 489.  579. 1141.  912.  638.  551.  342.  200.   96.    2.
 535. 1098.  759.  756.  600.  415.  348.  284.  148.    7.
 490. 1008.  902.  680.  620.  457.  364.  291.  138.    0.
762. 987. 820. 677. 567. 446. 317. 209. 117.  48.
 522.  565.  659.  731.  852. 1007.  429.  172.   13.    0.
656. 973. 771. 690. 575. 477. 321. 229. 166.  92.
 515. 1186.  784.  619.  571.  485.  371.  269.  148.    2.
452. 519. 569. 569. 695. 919. 963. 233.  31.   0.
927. 834. 687. 632. 558. 464. 366. 238. 167.  77.
476. 989. 858. 618. 585. 464. 423. 275. 254.   8.
 500. 1154.  721.  580.  526.  487.  436.  296.  174.   76.
 407.  445.  497.  619.  613.  737. 1257.  324.   51.    0.
 515.  596.  632.  674. 1002.  887.  443.  192.    9.    0.
452. 487. 496. 566. 776. 838. 914. 383.  38.   0.
 428.  471.  496.  443.  664.  766. 1103.  497.   82.    0.
 435.  530.  544.  663.  986. 1026.  421.  212.  109.   24.
421. 445. 480. 534. 594. 715. 825. 707. 206.  23.
 483.  626.  749. 1008.  701.  556.  421.  260.  127.   19.
483. 428. 677. 658. 760. 876. 485. 345. 204.  34.
441. 483. 478. 639. 882. 935. 732. 340.  20.   0.
854. 827. 757. 677. 521. 495. 326. 212. 185.  96.
390. 444. 495. 523. 550. 768. 986. 621. 156.  17.
501. 607. 757. 782. 934. 831. 399. 125.  14.   0.
420. 492. 570. 626. 810. 972. 814. 230.  16.   0.
785. 899. 775. 608. 556. 461. 425. 222. 175.  44.
799. 986. 844. 680. 564. 451. 295. 194. 115.  22.
 427.  459.  506.  442.  521.  588. 1293.  618.   96.    0.
941. 857. 796. 693. 547. 444. 293. 208. 106.  65.
487. 572. 598. 629. 854. 677. 494. 350. 222.  67.
671. 896. 868. 764. 576. 429. 444. 248.  52.   2.
 469. 1177.  738.  605.  542.  465.  423.  317.  177.   37.
 478.  612. 1149.  904.  719.  438.  336.  221.   89.    4.
 502. 1124.  812.  690.  566.  460.  367.  258.  169.    2.
 505. 1097.  762.  646.  529.  496.  372.  261.  179.  103.
 503. 1001.  822.  714.  514.  494.  386.  271.  234.   11.
494. 601. 509. 517. 821. 848. 503. 381. 235.  41.
439. 414. 512. 539. 559. 846. 976. 575.  82.   8.
580. 759. 839. 736. 587. 506. 424. 320. 162.  37.
711. 933. 698. 537. 523. 477. 446. 329. 192. 104.
782. 902. 740. 593. 519. 478. 385. 302. 183.  66.
736. 947. 832. 620. 582. 454. 346. 221. 144.  68.
447. 490. 465. 487. 942. 709. 697. 605. 108.   0.
688. 971. 695. 571. 510. 452. 408. 327. 239.  89.
684. 865. 687. 598. 510. 463. 393. 359. 215. 176.
 458. 1068.  710.  644.  526.  485.  372.  284.  240.  163.
 502. 1017.  633.  632.  611.  423.  340.  299.  302.  191.
 759. 1033.  799.  712.  562.  418.  323.  200.  102.   42.
825. 860. 820. 727. 517. 464. 318. 197. 149.  73.
 548. 1129.  857.  712.  568.  501.  298.  211.  119.    7.
 492. 1121.  854.  744.  573.  445.  310.  239.  128.   44.
516. 907. 867. 666. 645. 451. 376. 215. 292.  15.
529. 675. 520. 772. 817. 821. 533. 264.  19.   0.
921. 884. 777. 694. 549. 443. 304. 219. 134.  25.
448. 447. 562. 678. 748. 895. 724. 383.  65.   0.
653. 948. 721. 626. 524. 459. 370. 305. 223. 121.
 528.  546.  737.  880. 1005.  833.  315.   94.   12.    0.
 447.  491.  563.  581.  699. 1199.  809.  144.   17.    0.
 420.  407.  455.  588.  576.  584. 1309.  481.  128.    2.
 483. 1066.  737.  639.  555.  454.  377.  329.  187.  123.
770. 973. 774. 725. 572. 451. 275. 207. 135.  68.
 397.  442.  480.  548.  533.  674. 1278.  476.  122.    0.
958. 861. 777. 687. 524. 458. 357. 188. 107.  33.
 439.  520.  563.  541.  766. 1080.  584.  302.  121.   34.
 365.  468.  472.  566.  538.  721. 1111.  503.  175.   31.
527. 652. 828. 938. 714. 545. 406. 228.  99.  13.
778. 884. 742. 685. 608. 424. 306. 277. 209.  37.
437. 527. 478. 538. 755. 814. 728. 613.  60.   0.
694. 912. 753. 596. 557. 485. 458. 300. 174.  21.
 495. 1113.  733.  599.  485.  540.  402.  332.  188.   63.
525. 592. 875. 967. 626. 514. 388. 320. 141.   2.
 538.  491.  554.  742. 1211.  721.  386.  179.  110.   18.
 517.  578.  671.  772. 1239.  810.  294.   67.    2.    0.
 485.  513.  516.  532.  790.  818. 1005.  234.   57.    0.
 492. 1102.  845.  719.  576.  463.  316.  255.  169.   13.
 493. 1030.  887.  744.  554.  518.  365.  205.  154.    0.
 418.  437.  461.  498.  597.  754. 1184.  498.  103.    0.
643. 963. 700. 661. 523. 492. 338. 295. 236.  99.
 478.  482.  610.  615.  716. 1016.  499.  328.  159.   47.
671. 921. 741. 592. 529. 445. 388. 312. 243. 108.
 491. 1055.  767.  582.  527.  439.  431.  349.  173.  136.
382. 467. 511. 567. 544. 809. 830. 631. 179.  30.
772. 860. 680. 619. 510. 471. 412. 299. 204. 123.
772. 786. 754. 585. 554. 422. 420. 282. 228. 147.
 529.  569.  682.  955. 1116.  676.  277.  144.    2.    0.
430. 462. 539. 576. 823. 944. 883. 267.  26.   0.
 495. 1065.  793.  657.  583.  430.  382.  253.  238.   54.
 414.  452.  477.  539.  515.  743. 1214.  515.   81.    0.
721. 987. 751. 673. 515. 462. 389. 257. 133.  62.
682. 973. 800. 626. 550. 468. 380. 245. 147.  79.
589. 642. 723. 998. 737. 569. 324. 237. 117.  14.
 488. 1092.  712.  681.  596.  469.  317.  303.  185.  107.
422. 516. 485. 589. 938. 925. 635. 394.  46.   0.
 508. 1198.  828.  756.  545.  442.  338.  222.  104.    9.
494. 985. 928. 669. 596. 450. 394. 272. 157.   5.
 539.  567.  562.  722. 1062.  816.  403.  245.   34.    0.
 427.  504.  598.  541.  706. 1087.  820.  227.   40.    0.
 430.  424.  460.  441.  565.  727. 1192.  527.  184.    0.
431. 507. 614. 648. 850. 819. 551. 331. 147.  52.
 396.  435.  500.  458.  603.  943. 1018.  467.  115.   15.
 764. 1006.  803.  657.  557.  452.  361.  217.  104.   29.
 480. 1040.  733.  684.  527.  469.  360.  326.  213.  118.
660. 920. 709. 674. 489. 454. 424. 277. 206. 137.
 520. 1012.  735.  635.  501.  472.  403.  284.  262.  126.
534. 576. 625. 912. 922. 814. 367. 169.  31.   0.
444. 468. 576. 538. 737. 934. 718. 450.  85.   0.
 389.  467.  457.  563.  543.  644. 1324.  509.   54.    0.
 422.  427.  484.  479.  563.  944. 1024.  405.  158.   44.
400. 401. 484. 580. 599. 819. 983. 470. 130.  84.
 373.  446.  501.  556.  573.  863. 1043.  463.  111.   21.
 368.  440.  505.  471.  555.  758. 1133.  450.  206.   64.
 410.  419.  469.  606.  508.  729. 1266.  402.  121.   20.
 402.  453.  466.  469.  512.  780. 1130.  461.  204.   73.
 392.  462.  467.  529.  588.  571. 1307.  428.  181.   25.
 444.  421.  497.  494.  509.  608. 1324.  457.  165.   31.
 411.  415.  549.  490.  484.  658. 1114.  489.  237.  103.
477. 502. 700. 948. 678. 538. 545. 341. 168.  53.
472. 541. 519. 959. 682. 527. 509. 408. 228. 105.
470. 511. 648. 816. 778. 438. 503. 479. 221.  86.
 474.  518.  576. 1106.  847.  622.  400.  235.  116.   56.
455. 483. 567. 871. 860. 578. 550. 327. 169.  90.
503. 411. 612. 758. 856. 509. 664. 358. 183.  96.
 480.  498.  570. 1118.  929.  647.  379.  176.   99.   54.
497. 525. 484. 707. 894. 635. 408. 352. 293. 155.
450. 553. 555. 765. 870. 575. 498. 386. 249.  49.
620. 884. 828. 662. 571. 494. 466. 298. 115.  12.
 516.  799. 1211.  829.  599.  451.  307.  156.   64.   18.
 599.  754. 1022.  750.  606.  471.  367.  239.  124.   18.
5.880e+02 9.090e+02 1.045e+03 7.150e+02 6.560e+02 5.120e+02 3.310e+02
 1.590e+02 3.400e+01 1.000e+00
652. 922. 847. 627. 531. 484. 423. 306. 128.  30.
 588.  789. 1132.  819.  630.  438.  305.  164.   75.   10.
 533.  786. 1049.  726.  605.  508.  378.  228.  114.   23.
646. 717. 891. 661. 547. 533. 421. 298. 213.  23.
 590.  674. 1067.  756.  589.  523.  338.  276.  109.   28.
