563. 553. 735. 959. 595. 479. 421. 382. 211.  52.
 534. 1125.  871.  721.  577.  475.  302.  186.  136.   23.
516. 655. 943. 948. 659. 442. 376. 279. 116.  16.
475. 607. 995. 799. 596. 513. 449. 288. 175.  53.
456. 584. 873. 813. 641. 541. 406. 364. 171. 101.
 464. 1060.  820.  662.  528.  505.  334.  329.  167.   81.
944. 750. 793. 638. 574. 421. 304. 222. 242.  62.
 408.  768. 1170. 1070.  750.  596.  186.    2.    0.    0.
874. 815. 753. 625. 460. 516. 366. 275. 201.  65.
903. 865. 768. 665. 551. 441. 338. 228. 144.  47.
551. 965. 804. 683. 554. 487. 403. 210. 198.  95.
465. 523. 869. 979. 646. 564. 440. 274. 141.  49.
485. 490. 519. 962. 662. 631. 543. 264. 335.  59.
 485.  519.  878. 1063.  667.  523.  394.  220.  137.   64.
871. 833. 735. 599. 544. 456. 411. 256. 188.  57.
 539. 1191. 1291.  825.  517.  294.  164.   86.   40.    3.
897. 866. 804. 664. 530. 433. 334. 209. 144.  69.
 751. 1338.  904.  698.  482.  316.  192.  166.   81.   22.
837. 860. 726. 620. 513. 485. 378. 303. 172.  56.
825. 977. 805. 689. 558. 444. 312. 203. 100.  37.
663. 979. 817. 675. 568. 477. 343. 233. 140.  55.
965. 913. 776. 631. 512. 477. 330. 208. 106.  32.
 625. 1110.  732.  577.  638.  582.  414.  210.   55.    7.
