905. 938. 786. 704. 562. 495. 368. 155.  35.   2.
442. 827. 900. 626. 557. 460. 344. 317. 271. 206.
530. 998. 972. 661. 730. 353. 361. 160. 185.   0.
518. 962. 737. 622. 658. 369. 411. 379. 294.   0.
424. 807. 863. 598. 646. 435. 338. 339. 273. 227.
519. 962. 887. 738. 660. 412. 293. 238. 241.   0.
504. 999. 886. 742. 567. 459. 398. 263. 132.   0.
427. 799. 781. 660. 682. 532. 259. 301. 289. 220.
 548. 1055.  833.  545.  610.  435.  404.  281.  239.    0.
 504. 1039.  852.  626.  556.  518.  438.  255.  162.    0.
466. 859. 755. 720. 678. 471. 296. 245. 298. 162.
499. 982. 927. 736. 610. 472. 338. 213. 173.   0.
526. 982. 889. 704. 587. 482. 359. 257. 164.   0.
 523.  514.  504.  487.  511.  687. 1602.  122.    0.    0.
 376.  405.  443.  520.  496.  498.  537. 1344.  279.   52.
 357.  396.  416.  490.  515.  501.  597. 1269.  350.   59.
