443. 523. 577. 785. 710. 749. 902. 261.   0.   0.
 363.  426.  432.  449.  443. 1008.  546.  549.  601.  133.
424. 397. 490. 853. 748. 570. 468. 339. 329. 332.
388. 452. 468. 854. 710. 576. 388. 405. 321. 388.
473. 527. 949. 782. 733. 610. 631. 245.   0.   0.
547. 993. 777. 690. 620. 502. 396. 307. 116.   2.
524. 889. 794. 683. 652. 540. 480. 376.  12.   0.
648. 797. 637. 572. 522. 523. 486. 579. 186.   0.
866. 957. 778. 654. 579. 473. 351. 177.  85.  30.
 470.  511.  483.  564.  801. 1370.  502.  191.   58.    0.
526. 465. 857. 804. 624. 651. 722. 301.   0.   0.
497. 585. 854. 781. 699. 662. 611. 261.   0.   0.
6.360e+02 1.084e+03 9.250e+02 7.490e+02 5.970e+02 4.130e+02 2.850e+02
 1.990e+02 6.100e+01 1.000e+00
539. 872. 749. 702. 671. 599. 514. 288.  16.   0.
582. 926. 693. 581. 565. 583. 586. 363.  71.   0.
883. 881. 811. 710. 549. 451. 311. 230.  99.  25.
460. 486. 514. 657. 688. 974. 693. 362. 116.   0.
466. 566. 891. 763. 684. 591. 717. 272.   0.   0.
 454.  552. 1082.  825.  717.  629.  519.  172.    0.    0.
582. 828. 739. 684. 588. 507. 435. 398. 187.   2.
605. 848. 704. 581. 567. 720. 536. 377.  12.   0.
582. 915. 724. 660. 586. 573. 506. 364.  40.   0.
813. 844. 709. 626. 559. 453. 403. 297. 196.  50.
 464.  483.  521.  600.  663. 1013.  674.  407.  125.    0.
 432.  550. 1031.  928.  629.  579.  563.  238.    0.    0.
 468.  555. 1032.  879.  665.  594.  539.  218.    0.    0.
612. 884. 810. 770. 567. 531. 401. 214. 157.   4.
561. 819. 649. 666. 673. 625. 686. 261.  10.   0.
715. 912. 751. 590. 504. 487. 484. 400. 107.   0.
834. 842. 690. 598. 517. 487. 444. 316. 169.  53.
491. 515. 508. 449. 641. 800. 717. 613. 216.   0.
505. 517. 813. 829. 623. 721. 727. 215.   0.   0.
474. 590. 838. 734. 779. 668. 679. 188.   0.   0.
585. 977. 807. 685. 567. 501. 417. 307. 104.   0.
533. 781. 699. 651. 650. 634. 640. 335.  27.   0.
594. 819. 723. 654. 535. 537. 491. 457. 140.   0.
876. 866. 747. 630. 581. 429. 394. 281. 122.  24.
419. 493. 505. 562. 755. 981. 689. 400. 146.   0.
476. 581. 837. 694. 761. 767. 584. 250.   0.   0.
