471. 560. 605. 590. 802. 938. 673. 297.  14.   0.
436. 548. 700. 956. 967. 621. 432. 223.  67.   0.
360. 675. 797. 832. 934. 779. 416. 157.   0.   0.
 518. 1033.  725.  620.  603.  433.  388.  366.  172.   92.
511. 586. 591. 645. 891. 868. 470. 325.  63.   0.
502. 896. 979. 924. 632. 511. 286. 157.  61.   2.
951. 884. 774. 691. 595. 405. 294. 217. 104.  35.
882. 811. 704. 586. 519. 468. 366. 334. 169. 111.
903. 781. 666. 662. 580. 466. 319. 241. 202. 130.
952. 877. 781. 669. 519. 461. 334. 211. 114.  32.
926. 866. 797. 671. 523. 472. 326. 221. 136.  12.
926. 826. 699. 544. 529. 474. 428. 300. 158.  66.
971. 861. 736. 608. 494. 425. 371. 262. 159.  63.
906. 864. 695. 567. 519. 460. 449. 282. 153.  55.
 672.  764.  790. 1122.  898.  497.  161.   46.    0.    0.
888. 834. 707. 584. 572. 444. 379. 317. 169.  56.
907. 838. 690. 610. 524. 468. 380. 289. 185.  59.
905. 870. 781. 687. 532. 465. 300. 221. 145.  44.
525. 842. 822. 817. 587. 468. 433. 322. 116.  18.
477. 861. 889. 814. 614. 461. 360. 306. 122.  46.
 497.  572. 1158.  720.  570.  548.  422.  289.  147.   27.
 444.  436.  459.  517.  595.  703. 1228.  568.    0.    0.
 453.  436.  453.  507.  632.  687. 1283.  499.    0.    0.
 465.  465.  460.  471.  593.  726. 1280.  490.    0.    0.
 463.  449.  447.  492.  583.  684. 1338.  494.    0.    0.
 448.  432.  476.  480.  606.  721. 1290.  497.    0.    0.
 503.  465.  444.  506.  586.  677. 1103.  666.    0.    0.
 439.  483.  487.  519.  555.  660. 1187.  620.    0.    0.
454. 558. 658. 690. 697. 534. 597. 478. 284.   0.
 485.  437.  555.  830.  763.  655. 1014.  211.    0.    0.
465. 544. 555. 667. 846. 940. 742. 176.  15.   0.
1005.  923.  849.  699.  553.  389.  237.  170.  101.   24.
928. 902. 778. 716. 543. 426. 304. 193. 120.  40.
710. 677. 741. 645. 671. 610. 561. 289.  46.   0.
885. 801. 676. 582. 487. 470. 419. 334. 226.  70.
671. 816. 819. 793. 997. 517. 263.  74.   0.   0.
884. 768. 665. 564. 529. 444. 411. 346. 212. 127.
917. 916. 758. 619. 564. 460. 327. 242. 112.  35.
954. 856. 676. 668. 558. 472. 377. 251. 116.  22.
988. 787. 720. 575. 508. 429. 359. 279. 251.  54.
1005.  865.  805.  699.  617.  356.  294.  155.  117.   37.
957. 887. 794. 721. 554. 423. 281. 187. 113.  33.
943. 885. 798. 710. 538. 436. 295. 210.  96.  39.
904. 840. 755. 675. 561. 448. 326. 236. 128.  77.
954. 766. 727. 554. 433. 464. 438. 276. 242.  96.
856. 749. 688. 541. 495. 510. 475. 379. 203.  54.
943. 843. 869. 654. 515. 489. 303. 208. 109.  17.
853. 709. 728. 609. 537. 489. 477. 287. 225.  36.
887. 813. 689. 561. 541. 449. 412. 319. 211.  68.
813. 780. 718. 609. 578. 505. 421. 286. 198.  42.
839. 772. 747. 688. 584. 476. 392. 239. 181.  32.
862. 799. 782. 739. 548. 484. 371. 201. 140.  24.
878. 749. 648. 607. 546. 537. 420. 310. 213.  42.
837. 699. 656. 655. 571. 466. 447. 335. 217.  67.
825. 731. 688. 639. 600. 508. 380. 267. 248.  64.
859. 831. 675. 606. 576. 522. 440. 299. 136.   6.
869. 805. 774. 714. 582. 483. 343. 206. 144.  30.
865. 778. 657. 637. 581. 464. 431. 364. 155.  18.
856. 693. 689. 635. 637. 488. 342. 306. 232.  72.
786. 827. 717. 664. 582. 486. 384. 304. 134.  66.
845. 824. 734. 734. 557. 478. 377. 243. 119.  39.
848. 748. 756. 643. 559. 488. 448. 275. 155.  30.
900. 827. 651. 509. 441. 472. 462. 399. 242.  47.
907. 809. 769. 710. 587. 502. 315. 203. 131.  17.
856. 667. 712. 683. 490. 528. 421. 292. 257.  44.
871. 813. 660. 676. 669. 461. 348. 290. 149.  13.
843. 826. 722. 656. 577. 508. 393. 263. 137.  25.
919. 882. 736. 656. 608. 492. 354. 210.  83.  10.
834. 712. 687. 584. 542. 464. 436. 352. 288.  51.
856. 789. 691. 662. 572. 513. 369. 322. 153.  23.
947. 892. 763. 679. 552. 449. 313. 240. 100.  15.
811. 737. 704. 656. 540. 501. 438. 305. 202.  56.
931. 883. 740. 680. 565. 438. 329. 243. 121.  20.
830. 753. 718. 701. 543. 478. 409. 247. 206.  65.
817. 774. 684. 656. 582. 505. 388. 301. 191.  52.
846. 768. 722. 687. 597. 503. 351. 279. 172.  25.
841. 794. 694. 588. 547. 500. 461. 339. 165.  21.
848. 742. 646. 549. 534. 495. 478. 411. 192.  55.
901. 844. 791. 696. 583. 476. 328. 252.  64.  15.
834. 698. 692. 635. 556. 524. 416. 311. 247.  37.
821. 758. 705. 644. 583. 486. 412. 321. 176.  44.
823. 774. 661. 577. 544. 517. 443. 367. 205.  39.
913. 741. 622. 519. 539. 464. 521. 442. 169.  20.
849. 801. 707. 643. 570. 509. 413. 295. 150.  13.
805. 764. 661. 632. 550. 518. 413. 337. 225.  45.
904. 816. 720. 663. 631. 488. 362. 237. 102.  27.
889. 824. 667. 599. 529. 468. 439. 354. 163.  18.
849. 714. 621. 531. 520. 474. 470. 433. 281.  57.
847. 806. 739. 651. 545. 498. 432. 251. 171.  10.
850. 791. 774. 691. 594. 499. 330. 245. 133.  43.
851. 846. 712. 661. 593. 493. 384. 273. 123.  14.
886. 719. 618. 647. 627. 460. 386. 362. 212.  33.
862. 734. 717. 630. 538. 483. 423. 302. 191.  70.
862. 820. 795. 691. 593. 462. 363. 215. 125.  24.
871. 780. 748. 670. 620. 437. 294. 273. 182.  75.
890. 739. 694. 594. 497. 521. 502. 316. 176.  21.
976. 882. 810. 717. 575. 409. 263. 177. 104.  37.
954. 828. 733. 675. 623. 466. 403. 215.  50.   3.
863. 803. 745. 691. 627. 431. 395. 244. 131.  20.
824. 746. 692. 654. 601. 490. 374. 343. 183.  43.
868. 780. 795. 699. 541. 491. 374. 230. 149.  23.
814. 738. 692. 664. 581. 515. 408. 283. 215.  40.
928. 896. 741. 662. 589. 506. 379. 191.  54.   4.
835. 697. 650. 686. 538. 511. 425. 299. 257.  52.
859. 701. 772. 599. 616. 469. 433. 249. 205.  47.
865. 725. 592. 566. 554. 533. 441. 350. 282.  42.
853. 704. 650. 530. 566. 461. 454. 397. 304.  31.
847. 787. 770. 655. 609. 458. 377. 262. 161.  24.
935. 696. 770. 760. 534. 454. 423. 208. 148.  22.
833. 710. 715. 694. 536. 468. 454. 306. 173.  61.
874. 804. 705. 621. 569. 484. 397. 314. 171.  11.
871. 805. 761. 661. 577. 490. 400. 272.  95.  18.
854. 687. 724. 635. 523. 529. 446. 265. 221.  66.
822. 730. 680. 608. 566. 493. 426. 362. 218.  45.
880. 832. 790. 717. 590. 453. 353. 199. 102.  34.
834. 742. 701. 673. 612. 517. 345. 264. 198.  64.
930. 733. 781. 601. 525. 501. 342. 352. 155.  30.
