414. 465. 491. 508. 871. 567. 496. 367. 289. 482.
424. 477. 580. 687. 949. 539. 515. 581. 172.  26.
 443.  459.  446.  499.  610.  743. 1291.  459.    0.    0.
 415.  463.  470.  516.  599.  737. 1287.  463.    0.    0.
 434.  443.  492.  472.  605.  746. 1292.  466.    0.    0.
 441.  459.  477.  517.  576.  706. 1317.  457.    0.    0.
 434.  449.  462.  502.  591.  740. 1277.  495.    0.    0.
 447.  474.  484.  525.  579.  705. 1289.  447.    0.    0.
 490.  456.  477.  558.  615.  670. 1287.  397.    0.    0.
942. 853. 755. 699. 549. 454. 320. 200. 141.  37.
 418.  457.  469.  535.  598.  713. 1320.  440.    0.    0.
502. 654. 776. 993. 746. 543. 450. 201.  82.   3.
493. 616. 922. 952. 844. 579. 347. 143.  54.   0.
528. 595. 828. 886. 661. 618. 444. 263. 125.   2.
475. 765. 832. 951. 751. 612. 364. 161.  39.   0.
939. 902. 750. 609. 578. 467. 332. 257.  82.  34.
 430.  449.  482.  536.  586.  718. 1294.  455.    0.    0.
362. 736. 979. 953. 600. 616. 324. 276.  93.  11.
 423.  487.  465.  516.  554.  708. 1310.  487.    0.    0.
1005.  872.  723.  568.  535.  489.  349.  231.  134.   44.
 489.  440.  439.  525.  572.  709. 1313.  463.    0.    0.
253. 659. 729. 809. 895. 889. 469. 204.  43.   0.
939. 856. 778. 664. 571. 435. 316. 210. 129.  52.
472. 562. 661. 880. 796. 843. 676.  60.   0.   0.
 418.  425.  457. 1048.  726.  536.  428.  325.  367.  220.
375. 425. 384. 394. 464. 496. 869. 687. 690. 166.
410. 365. 430. 462. 448. 794. 586. 449. 821. 185.
 285.  704.  602.  667.  857. 1105.  541.  189.    0.    0.
393. 467. 851. 848. 584. 474. 470. 355. 269. 239.
 394.  712.  766. 1029.  857.  483.  302.  191.  179.   37.
290. 552. 585. 787. 947. 794. 471. 330. 150.  44.
292. 575. 505. 655. 888. 804. 616. 425. 190.   0.
302. 618. 754. 945. 875. 764. 403. 181.  75.  33.
 303.  617.  764. 1031.  855.  661.  376.  246.   89.    8.
 296.  593.  747. 1016.  772.  553.  495.  360.  118.    0.
490. 938. 854. 712. 607. 584. 455. 254.  56.   0.
274. 599. 794. 871. 808. 716. 523. 271.  70.  24.
440. 772. 780. 834. 804. 626. 406. 236.  52.   0.
339. 574. 649. 918. 992. 588. 408. 338. 140.   4.
326. 598. 612. 809. 898. 638. 505. 337. 178.  49.
272. 640. 570. 889. 869. 559. 395. 416. 274.  66.
 322.  623.  667.  798. 1035.  754.  449.  197.   94.   11.
460. 900. 849. 688. 513. 540. 380. 404. 216.   0.
276. 568. 566. 811. 964. 604. 354. 396. 338.  73.
300. 568. 641. 942. 892. 644. 462. 321. 162.  18.
297. 646. 794. 897. 900. 733. 428. 183.  47.  25.
 270.  577.  607.  835. 1002.  604.  370.  374.  237.   74.
322. 584. 802. 920. 874. 635. 461. 214. 106.  32.
 364.  542.  505.  693. 1079.  811.  479.  311.  161.    5.
389. 588. 691. 758. 993. 918. 436. 146.  31.   0.
361. 538. 453. 711. 973. 832. 524. 403. 151.   4.
 576. 1130.  627.  524.  412.  400.  399.  384.  286.  212.
488. 860. 754. 713. 602. 480. 469. 405. 179.   0.
287. 691. 685. 815. 974. 694. 347. 264. 175.  18.
436. 686. 828. 867. 851. 680. 349. 213.  40.   0.
331. 533. 713. 945. 848. 688. 584. 278.  30.   0.
285. 656. 726. 949. 913. 591. 353. 317. 138.  22.
 480. 1103.  722.  646.  590.  496.  384.  236.  166.  127.
293. 611. 678. 832. 954. 754. 428. 246. 112.  42.
