 379.  398.  429.  526.  523.  495.  759. 1047.  316.   78.
 468. 1035.  701.  616.  534.  433.  405.  306.  296.  156.
 451. 1008.  766.  652.  558.  448.  381.  336.  162.  188.
 416.  465.  477. 1033.  651.  530.  398.  373.  301.  306.
 417.  450.  440. 1066.  586.  512.  421.  326.  376.  356.
 403.  429.  426. 1218.  697.  534.  400.  361.  254.  228.
388. 425. 409. 448. 504. 788. 814. 554. 545.  75.
356. 409. 436. 503. 466. 850. 788. 580. 511.  51.
364. 385. 453. 460. 486. 960. 801. 472. 509.  60.
467. 585. 699. 673. 785. 734. 564. 286. 123.  34.
439. 611. 665. 826. 903. 722. 511. 193.  63.  17.
