469. 620. 601. 609. 867. 649. 649. 426.  60.   0.
473. 524. 591. 749. 903. 763. 578. 362.   7.   0.
 487. 1036.  870.  726.  568.  460.  371.  238.  158.   36.
 396.  450.  540.  469.  674.  703. 1049.  669.    0.    0.
755. 895. 774. 657. 528. 502. 383. 255. 150.  51.
386. 469. 539. 497. 623. 699. 977. 760.   0.   0.
500. 581. 952. 776. 495. 537. 480. 306. 242.  81.
455. 487. 664. 990. 622. 625. 494. 386. 210.  17.
763. 881. 707. 596. 539. 494. 364. 337. 175.  94.
480. 481. 856. 915. 627. 571. 470. 305. 217.  28.
 479.  731.  951. 1150.  935.  511.  183.   10.    0.    0.
 455.  589.  932. 1016.  956.  665.  302.   35.    0.    0.
606. 904. 724. 629. 551. 530. 378. 380. 181.  67.
591. 942. 818. 654. 617. 463. 394. 271. 145.  55.
 568. 1088.  909.  745.  627.  429.  322.  188.   64.   10.
535. 877. 821. 662. 614. 478. 394. 307. 168.  94.
 564. 1015.  870.  715.  456.  494.  353.  241.  149.   93.
 508. 1078.  867.  701.  567.  450.  390.  199.  140.   50.
493. 536. 926. 809. 588. 515. 459. 396. 228.   0.
413. 451. 472. 538. 580. 802. 687. 739. 268.   0.
 433.  487.  459.  511.  578.  710. 1328.  444.    0.    0.
 441.  436.  496.  526.  566.  722. 1351.  412.    0.    0.
510. 615. 789. 823. 953. 791. 391.  77.   1.   0.
545. 612. 778. 892. 645. 798. 489. 163.  28.   0.
400. 419. 459. 485. 471. 834. 509. 567. 670. 136.
475. 564. 942. 849. 685. 472. 441. 406. 116.   0.
 476.  630. 1026.  774.  703.  623.  441.  260.   17.    0.
 443.  469.  472.  529.  569.  713. 1288.  467.    0.    0.
 439.  436.  507.  520.  554.  768. 1299.  427.    0.    0.
 442.  433.  493.  534.  587.  714. 1291.  456.    0.    0.
 432.  470.  459.  505.  586.  742. 1310.  446.    0.    0.
 461.  477.  516.  493.  611.  688. 1289.  415.    0.    0.
 422.  470.  476.  499.  597.  718. 1315.  453.    0.    0.
 467.  549. 1062. 1055.  744.  513.  360.  193.    7.    0.
513. 687. 781. 694. 666. 695. 618. 289.   7.   0.
