431. 485. 471. 582. 733. 991. 675. 498.  84.   0.
 448.  436.  498.  545.  766. 1080.  631.  461.   85.    0.
 478.  417.  496.  468.  561.  732. 1344.  454.    0.    0.
 428.  468.  493.  569.  741. 1031.  531.  489.  200.    0.
506. 504. 562. 721. 986. 667. 534. 287. 183.   0.
482. 503. 599. 677. 951. 606. 485. 395. 252.   0.
 428.  478.  487.  532.  801. 1066.  603.  401.  154.    0.
428. 453. 530. 576. 807. 904. 623. 485. 144.   0.
487. 461. 495. 667. 741. 734. 689. 473. 203.   0.
446. 453. 516. 610. 934. 892. 584. 386. 129.   0.
766. 739. 724. 667. 539. 516. 399. 318. 218.  64.
 450.  495.  465.  478.  577.  676. 1319.  490.    0.    0.
 417.  463.  471.  534.  576.  730. 1316.  443.    0.    0.
527. 627. 592. 842. 562. 545. 472. 529. 234.  20.
456. 635. 540. 924. 720. 481. 410. 404. 318.  62.
454. 501. 568. 644. 949. 737. 473. 480. 144.   0.
441. 522. 609. 650. 899. 696. 584. 407. 142.   0.
 347.  402.  429.  457.  514.  524.  674. 1161.  358.   84.
408. 837. 873. 701. 591. 492. 360. 269. 225. 194.
434. 815. 933. 702. 572. 470. 406. 306. 152. 160.
391. 439. 495. 623. 806. 515. 457. 443. 387. 394.
 400.  484.  472.  519.  610.  729. 1342.  394.    0.    0.
 432.  458.  498.  538.  564.  744. 1357.  359.    0.    0.
 441.  460.  483.  526.  535.  705. 1434.  366.    0.    0.
 443.  466.  470.  494.  604.  749. 1347.  377.    0.    0.
 453.  421.  511.  481.  596.  689. 1286.  513.    0.    0.
 447.  457.  458.  492.  597.  750. 1362.  387.    0.    0.
 448.  451.  450.  523.  612.  698. 1336.  432.    0.    0.
 420.  453.  489.  511.  562.  748. 1361.  406.    0.    0.
 457.  434.  529.  479.  606.  685. 1285.  475.    0.    0.
 455.  488.  428.  513.  544.  769. 1435.  318.    0.    0.
