677. 964. 863. 783. 576. 480. 312. 144. 115.  36.
727. 827. 717. 604. 407. 497. 479. 312. 263. 117.
656. 849. 701. 638. 559. 464. 375. 363. 247.  98.
544. 914. 794. 736. 634. 461. 416. 226. 171.  54.
 715. 1104.  900.  850.  544.  385.  268.  132.   44.    8.
 476.  645.  815. 1053.  659.  586.  393.  261.   60.    2.
940. 869. 677. 578. 549. 504. 417. 257. 123.  36.
 493.  506.  502.  553.  567.  643. 1230.  456.    0.    0.
 510.  567.  657.  738.  787. 1469.  222.    0.    0.    0.
5.350e+02 6.070e+02 6.850e+02 6.680e+02 8.410e+02 1.323e+03 2.900e+02
 1.000e+00 0.000e+00 0.000e+00
 521.  612.  683. 1086.  743.  576.  327.  238.  149.   15.
489. 598. 708. 889. 680. 538. 473. 366. 165.  44.
481. 643. 557. 939. 777. 528. 376. 355. 231.  63.
661. 682. 621. 602. 498. 513. 512. 499. 304.  58.
708. 617. 570. 712. 660. 501. 481. 384. 272.  45.
 447.  458.  514.  532.  588.  720. 1387.  304.    0.    0.
 428.  500.  517.  700.  736.  867. 1074.  128.    0.    0.
 427.  460.  554.  640.  570.  873. 1233.  193.    0.    0.
 427.  483.  554.  626.  706.  833. 1170.  151.    0.    0.
 407.  503.  548.  631.  706.  823. 1112.  220.    0.    0.
686. 621. 640. 692. 585. 553. 563. 403. 200.   7.
670. 696. 677. 599. 565. 574. 554. 378. 231.   6.
 406.  482.  551.  579.  756.  812. 1255.  109.    0.    0.
 462.  530.  515.  629.  608.  889. 1077.  240.    0.    0.
 418.  456.  543.  692.  696.  778. 1209.  158.    0.    0.
 476.  491.  551.  613.  595.  765. 1184.  275.    0.    0.
 443.  526.  528.  653.  622.  784. 1144.  250.    0.    0.
 387.  733.  929. 1019. 1034.  631.  188.   29.    0.    0.
