559. 856. 815. 713. 699. 543. 576. 189.   0.   0.
549. 926. 874. 755. 706. 497. 486. 157.   0.   0.
 666. 1171. 1126.  998.  576.  208.  117.   70.   18.    0.
400. 692. 791. 910. 779. 644. 412. 232.  69.  21.
 698. 1047.  881.  707.  607.  397.  308.  192.   88.   25.
 429.  739. 1029.  851.  671.  516.  387.  263.   65.    0.
838. 848. 808. 676. 581. 418. 348. 218. 144.  71.
802. 956. 825. 667. 556. 431. 352. 224. 111.  26.
412. 743. 791. 985. 887. 568. 331. 204.  29.   0.
 437.  835. 1026.  921.  688.  517.  333.  184.    9.    0.
293. 684. 868. 917. 955. 747. 380.  92.  14.   0.
 541.  813. 1126.  990.  749.  544.  175.   12.    0.    0.
 360.  365.  417.  486.  481.  490.  567. 1279.  395.  110.
 340.  402.  434.  448.  511.  491.  555. 1293.  389.   87.
 352.  413.  404.  475.  480.  503.  536. 1300.  369.  118.
