 462.  467.  491.  490.  583.  701. 1312.  444.    0.    0.
 456.  450.  492.  497.  588.  667. 1335.  465.    0.    0.
 461.  441.  496.  535.  587.  745. 1237.  448.    0.    0.
 440.  494.  508.  525.  599.  761. 1488.  135.    0.    0.
488. 574. 783. 712. 603. 599. 477. 441. 273.   0.
565. 917. 852. 775. 647. 426. 297. 248. 186.  37.
850. 915. 766. 648. 537. 482. 342. 236. 125.  49.
 540. 1031.  834.  780.  583.  460.  352.  250.   87.   33.
 533. 1009.  784.  655.  548.  469.  432.  331.  157.   32.
462. 444. 467. 637. 882. 929. 651. 344. 134.   0.
 430.  608.  626.  739.  742. 1035.  598.  172.    0.    0.
418. 481. 991. 827. 618. 491. 412. 391. 230.  91.
 464.  495.  708. 1038.  750.  547.  366.  334.  201.   47.
 460.  466.  573.  734. 1050.  703.  477.  351.  136.    0.
 439.  550.  630.  576.  797. 1111.  611.  236.    0.    0.
 428.  534.  662.  623.  717. 1177.  577.  232.    0.    0.
474. 422. 685. 934. 584. 468. 396. 515. 365. 107.
 459.  496.  562. 1042.  920.  610.  438.  238.  176.    9.
457. 468. 720. 822. 961. 620. 437. 219. 211.  35.
473. 553. 618. 696. 999. 763. 566. 282.   0.   0.
 449.  495.  843. 1137.  615.  536.  375.  269.  162.   69.
 401.  475.  549. 1063.  729.  560.  407.  376.  316.   74.
 407.  461.  536. 1085.  737.  523.  452.  333.  359.   57.
 417.  486.  729. 1056.  656.  554.  432.  310.  251.   59.
 404.  494.  495.  563.  649. 1004.  750.  443.  148.    0.
 423.  468.  474.  589.  640. 1218.  621.  442.   75.    0.
 432.  438.  506.  536.  771. 1105.  694.  386.   82.    0.
 444.  434.  511.  555.  603.  765. 1541.   97.    0.    0.
 476.  420.  519.  561.  542.  776. 1481.  175.    0.    0.
 449.  464.  485.  512.  625.  792. 1429.  194.    0.    0.
443. 486. 526. 582. 716. 869. 723. 511.  94.   0.
464. 474. 557. 602. 669. 987. 631. 472.  94.   0.
 470.  470.  472.  514.  658.  793. 1468.  105.    0.    0.
 453.  488.  500.  536.  636.  788. 1429.  120.    0.    0.
 443.  442.  522.  550.  574.  772. 1522.  125.    0.    0.
 442.  465.  519.  553.  670. 1000.  641.  472.  188.    0.
 435.  464.  503.  562.  636. 1033.  655.  521.  141.    0.
 447.  455.  469.  535.  653. 1220.  642.  403.  126.    0.
373. 532. 618. 679. 812. 937. 717. 282.   0.   0.
 497.  496. 1023.  816.  561.  532.  398.  357.  243.   27.
444. 502. 644. 990. 776. 490. 399. 362. 296.  47.
450. 464. 570. 806. 864. 642. 509. 405. 226.  14.
 368.  537.  653.  624.  743. 1008.  716.  301.    0.    0.
427. 510. 689. 800. 787. 858. 625. 254.   0.   0.
 500.  427.  860. 1035.  717.  474.  304.  367.  264.    2.
 447.  493.  578. 1043.  760.  566.  505.  351.  201.    6.
440. 431. 747. 855. 846. 657. 406. 342. 212.  14.
434. 503. 675. 770. 979. 588. 629. 372.   0.   0.
438. 497. 986. 996. 626. 537. 396. 279. 185.  10.
 454.  468.  593. 1204.  823.  476.  462.  283.  187.    0.
 444.  473.  560. 1314.  757.  543.  416.  304.  139.    0.
 442.  515.  921. 1016.  654.  502.  403.  318.  168.   11.
 433.  494.  475.  576.  733. 1140.  547.  462.   90.    0.
431. 479. 509. 568. 672. 918. 723. 540. 110.   0.
 444.  487.  480.  549.  739. 1292.  495.  375.   89.    0.
 444.  466.  492.  515.  604.  750. 1256.  423.    0.    0.
 442.  457.  468.  500.  605.  778. 1411.  289.    0.    0.
 427.  454.  484.  525.  572.  738. 1415.  335.    0.    0.
 470.  391.  506.  589.  612. 1356.  483.  428.  115.    0.
471. 482. 525. 585. 706. 835. 690. 463. 193.   0.
 438.  471.  477.  502.  606.  729. 1282.  445.    0.    0.
 436.  487.  427.  499.  607.  722. 1394.  378.    0.    0.
 442.  435.  462.  503.  631.  776. 1234.  467.    0.    0.
 441.  467.  511.  546.  699. 1091.  567.  510.  118.    0.
 449.  457.  503.  508.  714. 1236.  585.  388.  110.    0.
 438.  465.  509.  559.  679. 1246.  556.  394.  104.    0.
442. 468. 472. 553. 652. 973. 673. 576. 141.   0.
 476.  438.  474.  565.  679. 1219.  697.  353.   49.    0.
450. 475. 520. 551. 633. 937. 639. 618. 127.   0.
 450.  484.  496.  551.  694. 1001.  720.  482.   72.    0.
 464.  489.  481.  527.  589.  700. 1415.  285.    0.    0.
451. 512. 504. 604. 715. 815. 590. 508. 251.   0.
442. 452. 489. 589. 705. 917. 796. 449. 111.   0.
445. 471. 487. 569. 680. 935. 723. 559.  81.   0.
 446.  484.  462.  543.  690. 1363.  551.  315.   96.    0.
 444.  460.  512.  547.  712. 1024.  750.  442.   59.    0.
 458.  456.  480.  506.  601.  749. 1300.  400.    0.    0.
488. 460. 520. 587. 738. 905. 583. 398. 271.   0.
