373. 493. 715. 583. 697. 764. 699. 531.  92.   3.
352. 506. 608. 669. 999. 848. 606. 309.  52.   1.
336. 587. 723. 866. 837. 646. 401. 333. 208.  13.
415. 458. 834. 703. 866. 684. 514. 324. 143.   9.
 312.  781.  851. 1087.  799.  444.  352.  229.   93.    2.
322. 428. 913. 733. 927. 833. 470. 320.   4.   0.
 320.  564. 1023.  735. 1034.  687.  428.  159.    0.    0.
 339.  661.  775. 1031.  869.  531.  409.  207.  126.    2.
 500.  986. 1221.  898.  456.  333.  290.  124.  113.   29.
305. 718. 878. 892. 713. 480. 397. 281. 255.  31.
 320.  736. 1097. 1023.  871.  539.  243.  105.   16.    0.
372. 696. 876. 947. 688. 592. 383. 266. 105.  25.
377. 601. 966. 822. 594. 549. 497. 314. 192.  38.
345. 595. 806. 784. 832. 726. 533. 220.  94.  15.
754. 891. 684. 695. 513. 463. 316. 305. 203. 126.
432. 394. 857. 846. 566. 510. 449. 383. 353. 160.
 535.  722. 1158.  830.  628.  444.  357.  152.  108.   16.
807. 805. 736. 660. 573. 429. 389. 228. 202. 121.
 531. 1099.  804.  621.  544.  514.  388.  280.  126.   43.
802. 780. 724. 636. 581. 450. 365. 235. 224. 153.
 554.  623. 1077.  716.  590.  511.  361.  362.  156.    0.
418. 497. 988. 634. 594. 495. 395. 375. 291. 263.
893. 858. 701. 583. 524. 479. 405. 295. 155.  57.
684. 987. 740. 660. 541. 482. 357. 256. 181.  62.
 468. 1077.  830.  638.  528.  465.  369.  273.  206.   96.
 436.  748. 1020.  563.  471.  531.  511.  376.  236.   58.
452. 914. 736. 583. 561. 453. 388. 345. 263. 255.
373. 603. 953. 988. 684. 518. 415. 216. 158.  42.
392. 511. 630. 730. 838. 651. 454. 334. 384.  26.
403. 470. 564. 529. 586. 848. 918. 575.  57.   0.
 444.  610. 1124.  749.  539.  501.  407.  313.  204.   59.
 674. 1038.  783.  733.  593.  435.  256.  191.  154.   93.
 402.  519.  898. 1003.  706.  644.  534.  196.   48.    0.
555. 996. 996. 765. 616. 479. 217. 178. 127.  21.
 437.  689. 1118.  871.  599.  494.  359.  193.  154.   36.
413. 783. 941. 869. 627. 583. 342. 221. 137.  34.
414. 686. 931. 928. 586. 578. 383. 264. 152.  28.
 601. 1036.  768.  711.  559.  456.  348.  260.  159.   52.
 430.  491.  490.  548.  671. 1100.  664.  556.    0.    0.
 433.  455.  507.  519.  614.  720. 1074.  628.    0.    0.
 483.  481.  514.  600.  805. 1070.  625.  372.    0.    0.
 458.  499.  496.  580.  617.  870. 1289.  141.    0.    0.
 495.  480.  461.  483.  649.  967. 1108.  307.    0.    0.
4.510e+02 4.630e+02 4.930e+02 5.260e+02 5.540e+02 1.036e+03 1.110e+03
 3.160e+02 1.000e+00 0.000e+00
 505.  479.  564. 1215.  668.  539.  488.  303.  180.    9.
484. 681. 742. 729. 603. 572. 462. 365. 272.  40.
 594.  716. 1005.  809.  627.  455.  314.  247.  138.   45.
472. 521. 754. 837. 991. 580. 365. 245. 171.  14.
 530.  579. 1026.  822.  666.  495.  342.  249.  195.   46.
997. 908. 765. 698. 523. 412. 286. 227. 104.  30.
 451.  462. 1180.  810.  621.  488.  398.  293.  107.  140.
 387.  421.  493.  468. 1069.  656.  486.  391.  475.  104.
968. 896. 809. 674. 541. 441. 316. 189.  94.  22.
853. 856. 768. 623. 582. 438. 361. 241. 157.  71.
940. 853. 727. 597. 552. 474. 367. 268. 125.  47.
890. 828. 659. 560. 533. 459. 412. 325. 210.  74.
815. 857. 734. 602. 548. 448. 350. 324. 152. 120.
404. 506. 465. 555. 604. 959. 721. 544. 172.  20.
332. 588. 931. 928. 842. 523. 346. 272. 182.   6.
884. 899. 762. 688. 554. 449. 295. 227. 109.  83.
907. 819. 769. 625. 547. 460. 359. 265. 122.  77.
954. 873. 766. 628. 558. 420. 310. 221. 157.  63.
909. 776. 721. 590. 508. 466. 415. 277. 232.  56.
1021.  832.  723.  774.  614.  366.  246.  212.  125.   37.
927. 865. 796. 636. 584. 451. 317. 201. 110.  63.
887. 792. 717. 554. 603. 426. 366. 334. 157. 114.
911. 784. 664. 499. 484. 464. 472. 344. 231.  97.
930. 814. 670. 566. 536. 468. 399. 331. 176.  60.
876. 801. 699. 585. 512. 454. 404. 309. 227.  83.
944. 843. 686. 566. 528. 500. 417. 261. 146.  59.
1015.  858.  815.  710.  606.  366.  260.  196.  102.   22.
966. 890. 751. 625. 534. 465. 352. 228. 109.  30.
991. 937. 792. 652. 546. 437. 306. 183.  79.  27.
939. 812. 683. 605. 501. 479. 410. 309. 171.  41.
912. 791. 679. 592. 474. 484. 412. 322. 193.  91.
970. 847. 717. 629. 532. 466. 376. 265. 122.  26.
940. 853. 759. 654. 562. 435. 315. 266. 137.  29.
944. 632. 724. 651. 497. 522. 328. 237. 302. 113.
952. 870. 784. 699. 579. 405. 287. 217. 126.  31.
981. 897. 856. 652. 532. 413. 295. 184.  90.  50.
985. 896. 790. 689. 544. 429. 312. 215.  82.   8.
930. 913. 804. 653. 547. 432. 341. 197.  96.  37.
1007.  765.  601.  651.  606.  443.  340.  310.  182.   45.
942. 862. 776. 645. 560. 456. 361. 179. 133.  36.
908. 826. 753. 659. 562. 437. 336. 257. 169.  43.
951. 909. 777. 706. 562. 418. 300. 199. 102.  26.
925. 890. 759. 621. 551. 430. 346. 239. 134.  55.
959. 787. 680. 593. 522. 451. 394. 343. 187.  34.
907. 768. 702. 670. 558. 434. 361. 262. 224.  64.
933. 804. 589. 543. 493. 443. 414. 400. 239.  92.
938. 829. 790. 656. 515. 482. 329. 220. 156.  35.
934. 731. 808. 646. 520. 439. 385. 188. 178. 121.
963. 955. 813. 706. 581. 391. 257. 187.  76.  21.
961. 873. 675. 575. 542. 505. 418. 257. 105.  39.
872. 842. 725. 639. 530. 459. 362. 284. 161.  76.
961. 772. 780. 658. 508. 482. 343. 237. 158.  51.
867. 850. 731. 596. 579. 451. 327. 320. 175.  54.
982. 897. 726. 613. 558. 479. 366. 212.  92.  25.
923. 799. 610. 560. 416. 509. 441. 372. 227.  93.
948. 877. 696. 575. 540. 476. 400. 284. 136.  18.
935. 871. 696. 596. 534. 486. 384. 277. 137.  34.
919. 903. 672. 611. 527. 445. 400. 274. 154.  45.
951. 852. 737. 598. 512. 451. 371. 275. 160.  43.
906. 888. 725. 671. 548. 453. 322. 270. 124.  43.
935. 815. 750. 688. 559. 439. 314. 249. 167.  34.
951. 815. 704. 592. 511. 472. 428. 275. 171.  31.
946. 760. 643. 657. 593. 422. 342. 295. 233.  59.
925. 743. 765. 681. 530. 479. 342. 201. 206.  78.
898. 778. 711. 627. 583. 433. 341. 291. 209.  79.
982. 888. 799. 719. 583. 355. 294. 195. 101.  34.
937. 727. 682. 681. 631. 421. 289. 260. 240.  82.
976. 873. 716. 585. 570. 473. 393. 220. 106.  38.
917. 801. 741. 653. 590. 414. 326. 279. 166.  63.
884. 802. 731. 670. 552. 447. 336. 265. 174.  89.
978. 828. 755. 732. 636. 359. 276. 198. 149.  39.
967. 904. 719. 601. 555. 473. 350. 249.  83.  49.
917. 784. 729. 637. 595. 434. 330. 264. 181.  79.
 448.  480.  493.  486.  588.  735. 1457.  263.    0.    0.
986. 783. 730. 540. 484. 468. 370. 323. 209.  57.
918. 828. 665. 623. 504. 475. 414. 304. 169.  50.
