847. 800. 771. 669. 590. 503. 342. 253. 129.  46.
422. 471. 473. 512. 686. 818. 491. 678. 361.  38.
467. 672. 883. 816. 645. 496. 442. 290. 217.  22.
 466.  498.  528.  664. 1156.  915.  446.  212.   65.    0.
465. 804. 697. 727. 567. 449. 496. 409. 336.   0.
471. 935. 996. 701. 577. 480. 367. 247. 135.  41.
 429.  460.  510.  630. 1048.  606.  453.  378.  412.   24.
551. 814. 795. 664. 585. 403. 345. 380. 270. 143.
 462. 1030. 1040.  771.  610.  443.  307.  183.   82.   22.
 495.  624. 1290.  808.  613.  436.  323.  215.  106.   40.
860. 854. 778. 690. 568. 493. 342. 243. 122.   0.
410. 432. 481. 489. 719. 945. 681. 522. 254.  17.
521. 582. 987. 840. 638. 507. 376. 299. 196.   4.
454. 478. 560. 651. 950. 930. 434. 357. 136.   0.
435. 820. 869. 831. 550. 507. 384. 246. 308.   0.
469. 972. 988. 621. 619. 455. 403. 233. 149.  41.
 458.  495.  450.  553. 1056.  680.  530.  391.  328.    9.
597. 823. 765. 769. 625. 521. 233. 307. 165. 145.
519. 865. 869. 550. 493. 459. 400. 430. 279.  86.
 485.  644. 1148.  709.  601.  541.  428.  266.  111.   17.
874. 806. 718. 691. 518. 464. 426. 251. 155.  47.
 365.  390.  445.  455.  499.  632. 1014.  475.  578.   97.
 500.  721. 1019.  593.  546.  526.  481.  306.  181.   77.
 492.  626. 1143.  828.  538.  480.  365.  223.  180.   75.
 482.  737. 1002.  701.  535.  499.  408.  312.  203.   71.
 522.  728. 1025.  749.  613.  459.  364.  286.  149.   55.
 503.  663. 1038.  704.  602.  507.  383.  288.  166.   96.
504. 702. 984. 667. 577. 500. 413. 305. 211.  87.
519. 701. 993. 758. 685. 440. 312. 304. 183.  55.
 520.  584. 1094.  800.  631.  487.  324.  243.  236.   31.
