 385.  423.  436.  407.  440.  489.  557. 1333.  383.   97.
 577.  782. 1200. 1336.  687.  309.   56.    3.    0.    0.
404. 629. 769. 725. 721. 629. 777. 296.   0.   0.
648. 849. 761. 639. 493. 497. 394. 298. 286.  85.
637. 909. 743. 688. 606. 435. 299. 324. 274.  35.
 610. 1013.  872.  649.  526.  473.  342.  260.  188.   17.
 655. 1008.  833.  653.  518.  498.  363.  263.  159.    0.
643. 956. 868. 596. 561. 475. 380. 280. 123.  68.
676. 991. 774. 662. 577. 478. 341. 259. 148.  44.
617. 946. 732. 694. 654. 377. 321. 284. 206. 119.
707. 965. 757. 684. 571. 421. 413. 313. 106.  13.
628. 996. 887. 716. 599. 419. 308. 184. 190.  23.
608. 990. 861. 737. 592. 425. 336. 202. 121.  78.
611. 865. 816. 682. 623. 452. 288. 334. 200.  79.
 457.  439.  503.  535.  561.  719. 1381.  355.    0.    0.
 568. 1042.  854.  690.  590.  418.  333.  264.  147.   44.
700. 997. 808. 707. 538. 459. 348. 266. 127.   0.
 682. 1014.  831.  696.  599.  411.  334.  246.  126.   11.
668. 889. 679. 684. 595. 478. 276. 323. 276.  82.
629. 888. 714. 586. 463. 489. 376. 400. 296. 109.
610. 961. 808. 737. 580. 450. 346. 212. 165.  81.
668. 907. 831. 704. 519. 479. 323. 269. 221.  29.
 649. 1061.  931.  711.  545.  476.  265.  206.   85.   21.
 661. 1021.  903.  593.  509.  471.  362.  311.  110.    9.
