 459.  466.  482.  515.  556.  723. 1277.  472.    0.    0.
 428.  476.  499.  518.  603.  707. 1286.  433.    0.    0.
883. 783. 637. 671. 585. 492. 345. 284. 202.  68.
910. 826. 742. 710. 536. 483. 278. 235. 165.  65.
966. 819. 699. 581. 516. 472. 388. 315. 172.  22.
914. 780. 626. 601. 504. 504. 395. 285. 234. 107.
950. 835. 743. 613. 545. 442. 368. 258. 158.  38.
910. 800. 745. 575. 551. 457. 390. 291. 176.  55.
918. 805. 666. 581. 502. 472. 394. 342. 198.  72.
917. 767. 693. 561. 533. 450. 405. 311. 217.  96.
973. 916. 795. 610. 547. 457. 343. 187. 104.  18.
912. 826. 731. 607. 521. 465. 379. 262. 178.  69.
957. 856. 744. 709. 598. 411. 270. 211. 153.  41.
437. 428. 431. 563. 631. 949. 733. 650. 128.   0.
 347.  871. 1044. 1098.  813.  502.  224.   51.    0.    0.
 471.  497.  510.  560.  659.  936. 1102.  215.    0.    0.
480. 468. 518. 727. 949. 848. 482. 361. 117.   0.
 529.  939. 1059.  765.  583.  454.  336.  195.   76.   14.
