704. 755. 805. 662. 493. 392. 324. 422. 393.   0.
 545.  486.  495.  526.  498.  523.  546. 1033.  298.    0.
854. 917. 751. 667. 571. 423. 331. 248. 135.  53.
659. 648. 596. 590. 602. 541. 468. 390. 456.   0.
946. 884. 712. 585. 504. 484. 402. 276. 137.  20.
 568.  551.  480.  474.  463.  434.  455. 1153.  372.    0.
 359.  402.  436.  452.  439.  539.  517. 1294.  413.   99.
241. 491. 781. 796. 902. 696. 542. 340. 161.   0.
298. 657. 737. 788. 813. 626. 611. 335.  77.   8.
420. 690. 840. 681. 577. 397. 414. 419. 404. 108.
308. 628. 784. 857. 799. 582. 468. 349. 159.  16.
234. 635. 855. 823. 826. 764. 550. 188.  62.  13.
456. 772. 932. 563. 538. 412. 640. 283. 293.  61.
312. 550. 792. 921. 854. 617. 508. 297.  84.  15.
299. 567. 760. 802. 717. 613. 441. 522. 196.  33.
