 305.  627.  715. 1050.  966.  511.  313.  317.  144.    2.
428. 871. 948. 912. 844. 543. 258. 117.  29.   0.
 320.  610.  688. 1003.  972.  497.  352.  352.  154.    2.
454. 782. 962. 929. 839. 484. 286. 147.  67.   0.
751. 725. 623. 562. 444. 438. 388. 326. 284. 409.
755. 709. 630. 635. 596. 475. 317. 285. 234. 314.
813. 707. 733. 708. 489. 459. 402. 226. 209. 204.
797. 761. 688. 585. 504. 414. 412. 333. 226. 230.
879. 696. 601. 499. 400. 423. 390. 353. 359. 350.
824. 720. 565. 606. 582. 504. 337. 218. 279. 315.
 423.  558.  566.  724. 1022.  849.  435.  283.   90.    0.
507. 649. 624. 849. 963. 471. 255. 333. 233.  66.
465. 767. 765. 726. 882. 490. 256. 314. 212.  73.
 388.  590.  617.  742. 1009.  818.  532.  212.   42.    0.
 310.  568.  663.  905. 1032.  617.  420.  237.  160.   38.
 460. 1008.  721.  661.  525.  451.  425.  270.  217.  212.
 518. 1001.  544.  685.  630.  496.  261.  261.  354.  200.
401. 575. 598. 774. 929. 767. 562. 302.  42.   0.
402. 620. 728. 937. 988. 572. 254. 230. 212.   7.
558. 844. 821. 810. 597. 461. 338. 244. 259.  18.
 513. 1037.  776.  649.  562.  479.  360.  251.  182.  141.
422. 547. 577. 734. 952. 846. 605. 239.  28.   0.
366. 586. 739. 985. 980. 608. 414. 194.  69.   9.
449. 632. 740. 748. 640. 480. 393. 565. 282.  21.
505. 670. 550. 768. 878. 527. 291. 364. 268. 129.
554. 837. 770. 639. 574. 462. 345. 389. 289.  91.
562. 965. 744. 607. 492. 515. 318. 397. 172. 178.
417. 642. 800. 941. 877. 460. 308. 206. 273.  26.
 366.  543.  730. 1024.  891.  550.  394.  287.  147.   18.
422. 538. 470. 665. 811. 478. 234. 441. 659. 232.
436. 677. 691. 889. 705. 429. 484. 498. 141.   0.
592. 812. 855. 723. 471. 448. 442. 376. 229.   2.
460. 913. 955. 920. 778. 499. 284. 116.  25.   0.
377. 598. 661. 994. 972. 536. 355. 304. 135.  18.
560. 755. 765. 695. 582. 444. 480. 415. 251.   3.
426. 531. 577. 727. 810. 774. 599. 417.  89.   0.
439. 645. 697. 866. 942. 425. 361. 312. 241.  22.
592. 893. 876. 753. 541. 455. 459. 225. 153.   3.
 551. 1011.  721.  672.  480.  473.  420.  288.  210.  124.
394. 551. 591. 736. 983. 902. 452. 249.  92.   0.
315. 591. 771. 803. 889. 637. 419. 298. 168.  59.
642. 864. 940. 695. 572. 501. 318. 234. 124.  60.
 377.  409.  491.  447. 1177.  674.  410.  374.  251.  340.
 393.  410.  440.  436. 1063.  611.  417.  379.  403.  398.
 356.  424.  492.  433. 1209.  652.  461.  394.  301.  228.
 399.  411.  413.  492.  476.  518.  695. 1075.  391.   80.
 460. 1111.  671.  540.  427.  481.  436.  357.  281.  186.
 445.  456.  491.  479.  571.  723. 1306.  479.    0.    0.
 472.  490.  468.  517.  503.  667. 1349.  484.    0.    0.
 457.  439.  496.  531.  585.  695. 1310.  437.    0.    0.
 438.  436.  483.  504.  569.  742. 1350.  428.    0.    0.
 388.  433.  438.  506.  558. 1113.  634.  483.  360.   37.
 404.  445.  454.  494. 1009.  477.  522.  420.  360.  365.
 384.  426.  427.  514. 1077.  550.  492.  418.  338.  324.
 456.  453.  482.  491.  582.  735. 1339.  412.    0.    0.
 392.  750.  846.  977. 1054.  691.  183.   57.    0.    0.
 445.  444.  454.  524.  573.  728. 1337.  445.    0.    0.
394. 505. 599. 759. 823. 644. 604. 315. 253.  54.
390. 438. 418. 421. 563. 857. 646. 380. 710. 127.
323. 504. 581. 696. 852. 784. 566. 466. 145.  33.
333. 417. 517. 716. 978. 822. 428. 398. 279.  62.
274. 575. 674. 772. 822. 748. 707. 292.  82.   4.
 354.  414.  419.  448.  465. 1035.  619.  538.  552.  106.
370. 392. 363. 462. 536. 853. 625. 411. 715. 223.
340. 424. 380. 405. 435. 523. 984. 843. 465. 151.
387. 448. 429. 478. 535. 934. 568. 345. 702. 124.
383. 464. 449. 466. 515. 615. 784. 955. 319.   0.
 409.  424.  458.  455.  560.  760. 1023.  652.  209.    0.
