955. 863. 826. 686. 576. 434. 347. 154.  91.  18.
 672. 1045.  822.  700.  617.  426.  322.  222.  104.   20.
885. 938. 823. 647. 575. 408. 329. 186. 124.  35.
526. 940. 869. 693. 613. 478. 342. 283. 151.  55.
868. 811. 755. 623. 559. 467. 394. 268. 152.  53.
876. 775. 657. 528. 466. 497. 479. 386. 221.  65.
863. 819. 685. 597. 508. 476. 434. 335. 192.  41.
483. 939. 818. 653. 554. 451. 408. 344. 214.  86.
803. 780. 693. 669. 602. 522. 436. 312. 123.  10.
839. 629. 582. 615. 601. 553. 369. 362. 310.  90.
994. 849. 762. 765. 588. 380. 284. 212.  90.  26.
988. 854. 775. 674. 557. 413. 308. 231. 123.  27.
905. 889. 815. 698. 555. 441. 305. 192. 100.  50.
920. 857. 738. 693. 556. 450. 300. 216. 162.  58.
942. 862. 742. 622. 528. 465. 410. 254. 105.  20.
891. 787. 710. 561. 526. 443. 420. 328. 205.  79.
 473.  425.  457.  540.  660. 1289.  470.  506.  130.    0.
 472.  487.  512.  514.  559.  690. 1271.  445.    0.    0.
 452.  454.  525.  577.  650. 1082.  777.  349.   84.    0.
 460.  458.  474.  489.  570.  769. 1411.  319.    0.    0.
453. 452. 498. 570. 646. 973. 630. 500. 228.   0.
 444.  451.  497.  542.  569.  733. 1378.  336.    0.    0.
462. 464. 493. 578. 703. 798. 699. 625. 128.   0.
 446.  454.  470.  505.  556.  721. 1372.  426.    0.    0.
 446.  465.  468.  530.  703. 1008.  849.  404.   77.    0.
 461.  489.  515.  513.  595.  736. 1252.  389.    0.    0.
 457.  448.  521.  551.  678. 1066.  716.  416.   97.    0.
 468.  411.  489.  484.  643.  707. 1348.  400.    0.    0.
 450.  470.  521.  566.  643. 1087.  605.  422.  186.    0.
 450.  443.  491.  495.  593.  718. 1364.  396.    0.    0.
 480.  481.  539.  551.  630. 1129.  654.  401.   85.    0.
534. 447. 522. 517. 560. 908. 709. 670.  83.   0.
 426.  461.  470.  511.  595.  732. 1377.  378.    0.    0.
 450.  494.  485.  550.  535.  702. 1502.  232.    0.    0.
461. 525. 612. 694. 860. 992. 570. 184.  52.   0.
454. 528. 585. 819. 920. 614. 496. 282. 240.  12.
456. 476. 573. 848. 965. 627. 486. 307. 190.  22.
990. 835. 782. 628. 579. 454. 330. 240.  98.  14.
 511.  551.  586.  621.  754. 1184.  705.   38.    0.    0.
545. 625. 667. 678. 873. 974. 529.  59.   0.   0.
464. 506. 598. 995. 650. 630. 542. 341. 204.  20.
406. 577. 830. 758. 624. 559. 504. 490. 202.   0.
433. 709. 732. 589. 504. 645. 520. 629. 189.   0.
 470.  437.  487.  516.  590.  671. 1349.  430.    0.    0.
 435.  468.  492.  531.  589.  714. 1386.  335.    0.    0.
606. 664. 655. 587. 536. 567. 586. 471. 274.   4.
 420.  476.  463.  546.  565.  713. 1380.  387.    0.    0.
 670. 1131.  840.  670.  570.  467.  374.  183.   45.    0.
 622. 1020.  948.  691.  654.  553.  337.  120.    5.    0.
776. 811. 716. 652. 594. 448. 354. 232. 248. 119.
927. 824. 693. 587. 517. 448. 411. 328. 142.  73.
 494.  780. 1020.  672.  503.  563.  402.  304.  187.   25.
828. 948. 903. 648. 604. 419. 317. 155. 100.  28.
782. 857. 754. 652. 605. 461. 337. 264. 173.  65.
393. 450. 482. 539. 987. 631. 455. 487. 463.  63.
 605. 1091.  937.  750.  594.  438.  280.  179.   60.   16.
915. 788. 705. 687. 531. 445. 357. 264. 197.  61.
 529. 1026.  785.  690.  600.  442.  362.  276.  182.   58.
430. 462. 452. 558. 924. 510. 462. 470. 616.  66.
 535. 1023.  946.  713.  590.  415.  355.  219.   99.   55.
938. 845. 738. 744. 593. 412. 279. 236. 125.  40.
 537. 1015.  757.  620.  461.  534.  445.  316.  203.   62.
