468. 575. 788. 872. 622. 535. 421. 347. 263.  59.
503. 723. 950. 666. 536. 555. 436. 330. 210.  41.
 596. 1100.  828.  651.  581.  496.  378.  242.   75.    3.
 564. 1079.  946.  732.  587.  430.  269.  195.  107.   41.
637. 952. 820. 689. 532. 495. 337. 276. 123.  89.
743. 957. 827. 702. 485. 512. 363. 201. 124.  36.
480. 542. 774. 949. 722. 530. 361. 344. 206.  42.
 463.  589. 1223.  896.  622.  495.  305.  195.  135.   27.
 561. 1056.  899.  724.  584.  464.  318.  213.  116.   15.
588. 992. 875. 726. 600. 451. 339. 199. 142.  38.
 657. 1068.  811.  709.  533.  482.  326.  222.   98.   44.
673. 913. 791. 684. 533. 483. 367. 258. 108. 140.
