821. 900. 790. 650. 540. 472. 332. 255. 141.  49.
890. 823. 704. 640. 533. 494. 357. 257. 159.  93.
852. 832. 652. 565. 504. 483. 401. 352. 238.  71.
819. 800. 668. 655. 596. 476. 291. 279. 194. 172.
854. 819. 716. 605. 518. 472. 373. 324. 208.  61.
839. 833. 572. 505. 436. 458. 392. 427. 305. 183.
869. 781. 744. 604. 494. 494. 372. 308. 222.  62.
847. 874. 738. 663. 563. 476. 341. 226. 154.  68.
895. 886. 773. 705. 573. 423. 308. 198. 135.  54.
841. 824. 731. 620. 545. 443. 375. 259. 192. 120.
834. 862. 786. 673. 541. 454. 349. 222. 166.  63.
812. 872. 649. 593. 519. 450. 396. 339. 235.  85.
843. 836. 681. 639. 550. 496. 330. 300. 209.  66.
779. 750. 710. 574. 500. 475. 399. 301. 256. 206.
820. 916. 769. 675. 546. 465. 337. 255. 124.  43.
856. 830. 771. 637. 599. 429. 326. 261. 168.  73.
854. 840. 774. 563. 538. 471. 389. 300. 154.  67.
 476. 1094.  750.  672.  648.  433.  327.  253.  212.   85.
883. 894. 638. 571. 508. 462. 466. 327. 160.  41.
 535. 1101.  833.  660.  556.  437.  377.  245.  133.   73.
805. 947. 815. 718. 547. 415. 324. 204. 103.  72.
823. 874. 681. 583. 532. 423. 368. 344. 233.  89.
879. 838. 739. 612. 452. 449. 438. 271. 175.  97.
842. 820. 702. 705. 562. 441. 322. 296. 194.  66.
827. 812. 725. 644. 531. 470. 363. 283. 200.  95.
836. 851. 733. 650. 536. 454. 341. 253. 211.  85.
469. 997. 913. 663. 556. 510. 333. 280. 150.  79.
858. 856. 727. 625. 634. 447. 352. 209. 167.  75.
886. 743. 689. 628. 554. 470. 318. 315. 219. 128.
855. 803. 697. 614. 514. 461. 388. 301. 210. 107.
867. 834. 629. 614. 501. 480. 384. 291. 227. 123.
937. 905. 819. 704. 545. 418. 289. 172. 120.  41.
903. 803. 760. 620. 555. 444. 366. 288. 160.  51.
805. 902. 774. 699. 565. 437. 331. 230. 135.  72.
937. 824. 730. 653. 557. 446. 322. 300. 135.  46.
905. 820. 775. 676. 541. 474. 307. 237. 169.  46.
885. 870. 786. 656. 511. 485. 375. 217. 133.  32.
952. 760. 567. 536. 526. 474. 405. 346. 275. 109.
897. 843. 722. 676. 583. 424. 331. 259. 170.  45.
