762. 891. 739. 686. 591. 441. 308. 284. 159.  89.
543. 987. 806. 693. 591. 429. 385. 281. 182.  53.
423. 472. 997. 717. 607. 469. 411. 384. 287. 183.
 549. 1121.  705.  613.  494.  462.  391.  300.  217.   98.
 772. 1029.  835.  676.  568.  416.  314.  195.  113.   32.
 397.  432.  416.  727. 1004.  674.  463.  247.  205.  385.
 379.  369.  410.  460.  408.  479.  631. 1279.  395.  140.
 488. 1108.  702.  560.  503.  468.  432.  358.  245.   86.
 451. 1119.  778.  641.  521.  457.  399.  299.  172.  113.
500. 949. 748. 628. 579. 431. 390. 277. 245. 203.
622. 961. 763. 653. 631. 427. 324. 276. 186. 107.
 707. 1004.  763.  659.  579.  448.  365.  236.  143.   46.
382. 451. 463. 763. 741. 620. 383. 345. 379. 423.
 415.  435.  460. 1123.  816.  594.  368.  263.  226.  250.
730. 973. 770. 725. 583. 437. 312. 231. 146.  43.
 541. 1233.  783.  633.  561.  474.  360.  256.   99.   10.
367. 409. 472. 475. 531. 533. 890. 737. 451.  85.
