308. 646. 883. 924. 815. 622. 439. 308.   5.   0.
312. 575. 847. 888. 825. 621. 429. 280. 173.   0.
416. 435. 995. 773. 598. 512. 401. 329. 185. 306.
260. 542. 829. 892. 850. 737. 469. 258.  96.  17.
 393.  478. 1023.  767.  557.  481.  446.  335.  240.  230.
448. 666. 788. 734. 752. 593. 567. 371.  31.   0.
293. 554. 633. 821. 827. 711. 573. 502.  36.   0.
 476.  494.  522.  523.  679.  982. 1063.  211.    0.    0.
443. 701. 732. 897. 908. 937. 282.  50.   0.   0.
 448.  811. 1031.  940.  600.  513.  281.  226.  100.    0.
903. 914. 855. 714. 531. 433. 303. 174.  89.  34.
 587. 1073.  764.  634.  534.  453.  370.  267.  231.   37.
 376.  705. 1085.  917.  756.  602.  385.  124.    0.    0.
450. 426. 942. 709. 603. 482. 366. 382. 258. 332.
242. 647. 722. 836. 702. 830. 573. 270. 102.  26.
325. 473. 664. 867. 939. 527. 419. 391. 285.  60.
 387.  351.  414.  406.  416.  422.  650. 1256.  422.  226.
302. 573. 814. 840. 875. 778. 470. 228.  70.   0.
335. 579. 697. 837. 768. 704. 480. 319. 161.  70.
411. 767. 838. 687. 525. 496. 448. 453. 299.  26.
275. 647. 794. 873. 751. 612. 410. 314. 253.  21.
241. 659. 830. 885. 856. 725. 518. 167.  53.  16.
417. 647. 838. 733. 632. 467. 462. 203. 390. 161.
260. 629. 822. 835. 755. 664. 503. 361. 100.  21.
306. 523. 913. 867. 842. 706. 387. 255. 123.  28.
