 388.  424.  467.  496.  531.  584. 1178.  701.  181.    0.
 388.  413.  433.  501.  519.  581. 1239.  668.  196.   12.
 477.  601.  680.  743.  749. 1064.  534.  100.    2.    0.
 329.  786. 1046. 1037.  858.  561.  326.    7.    0.    0.
445. 492. 939. 905. 605. 563. 443. 352. 206.   0.
806. 904. 820. 708. 574. 435. 331. 201. 132.  39.
774. 875. 673. 661. 563. 427. 376. 341. 205.  55.
 464.  935. 1033.  955.  718.  436.  199.  119.   85.    6.
277. 648. 838. 893. 844. 749. 499. 202.   0.   0.
379. 872. 995. 981. 750. 520. 310. 143.   0.   0.
533. 847. 882. 604. 555. 496. 467. 356. 184.  26.
4.930e+02 8.620e+02 1.006e+03 9.640e+02 6.870e+02 4.710e+02 2.530e+02
 1.520e+02 6.100e+01 1.000e+00
 614.  918. 1174. 1104.  673.  359.   88.   20.    0.    0.
 466.  942. 1027.  932.  660.  399.  265.  185.   69.    5.
337. 699. 971. 936. 861. 674. 379.  93.   0.   0.
311. 746. 817. 907. 892. 697. 357. 223.   0.   0.
 435.  773.  947. 1098.  800.  541.  313.   43.    0.    0.
 460.  469.  520.  609. 1101.  735.  546.  463.   47.    0.
 482. 1148.  749.  640.  489.  521.  424.  272.  166.   59.
 439.  463.  549.  655. 1008.  720.  566.  335.  215.    0.
 497.  628. 1017.  802.  730.  446.  334.  287.  185.   24.
