476. 480. 661. 914. 986. 646. 402. 312.  73.   0.
425. 402. 500. 478. 529. 997. 698. 802. 119.   0.
470. 541. 574. 480. 611. 802. 810. 465. 172.  25.
386. 600. 823. 949. 765. 646. 469. 207.  87.  18.
527. 957. 831. 675. 596. 477. 381. 284. 176.  46.
469. 609. 738. 842. 802. 618. 392. 366. 111.   3.
425. 454. 556. 602. 918. 671. 575. 493. 251.   5.
486. 906. 938. 594. 569. 447. 445. 306. 183.  76.
 371.  772. 1059. 1068.  660.  492.  322.  133.   59.   14.
445. 724. 819. 894. 733. 595. 352. 227. 138.  23.
 465.  552.  579.  832. 1070.  565.  403.  284.  198.    2.
 462.  644. 1089.  845.  646.  536.  363.  245.  109.   11.
353. 509. 525. 793. 722. 854. 619. 455. 120.   0.
754. 772. 705. 594. 546. 440. 392. 387. 227. 133.
859. 853. 771. 641. 549. 455. 338. 234. 176.  74.
878. 854. 761. 582. 560. 448. 396. 289. 123.  59.
837. 875. 724. 595. 537. 472. 382. 280. 183.  65.
895. 956. 786. 702. 565. 436. 271. 174. 111.  54.
783. 833. 753. 665. 558. 439. 337. 279. 198. 105.
852. 839. 807. 662. 549. 440. 372. 209. 159.  61.
708. 955. 805. 688. 536. 480. 328. 237. 117.  96.
 484.  546. 1338.  805.  641.  436.  319.  218.  110.   53.
 481. 1029.  723.  476.  494.  416.  485.  404.  274.  168.
690. 848. 706. 605. 617. 414. 358. 299. 228. 185.
789. 863. 753. 692. 548. 468. 306. 253. 194.  84.
447. 553. 591. 859. 843. 942. 576. 139.   0.   0.
408. 516. 609. 613. 931. 844. 502. 442.  85.   0.
420. 696. 876. 858. 555. 503. 339. 344. 318.  41.
 447.  452.  490.  507.  614.  931. 1158.  351.    0.    0.
 436.  503.  457.  515.  595.  827. 1032.  585.    0.    0.
479. 759. 985. 722. 588. 530. 413. 265. 167.  42.
389. 732. 916. 877. 643. 487. 411. 336. 158.   1.
 325.  560.  849. 1018.  837.  725.  417.  195.   24.    0.
 382.  900. 1058.  955.  782.  524.  161.  110.   78.    0.
553. 837. 837. 764. 628. 493. 348. 292. 166.  32.
448. 506. 475. 498. 611. 885. 770. 753.   4.   0.
 437.  454.  464.  527.  643. 1069.  719.  605.   32.    0.
