391. 371. 450. 476. 474. 697. 832. 639. 596.  24.
461. 533. 479. 946. 610. 509. 431. 361. 463. 157.
426. 419. 487. 790. 738. 544. 505. 331. 349. 361.
 447.  459.  574.  605. 1149.  734.  427.  340.  215.    0.
 446.  468.  553.  698. 1018.  662.  499.  415.  191.    0.
 470.  460.  482.  755. 1132.  650.  546.  313.  142.    0.
 457.  487.  530.  874. 1033.  700.  487.  275.  101.    6.
915. 878. 770. 730. 589. 372. 332. 191. 128.  45.
916. 873. 805. 711. 556. 429. 294. 210. 102.  54.
951. 766. 783. 693. 550. 433. 319. 266. 167.  22.
 292.  751.  927. 1053.  860.  661.  338.   68.    0.    0.
 283.  791.  846. 1022.  926.  707.  353.   22.    0.    0.
395. 413. 452. 940. 720. 513. 519. 413. 293. 292.
640. 937. 900. 688. 512. 421. 433. 214. 140.  65.
 430.  431.  503.  530.  569.  703. 1395.  389.    0.    0.
 452.  432.  483.  488.  609.  735. 1399.  352.    0.    0.
 437.  476.  452.  508.  589.  749. 1373.  366.    0.    0.
 486.  445.  440.  505.  607.  765. 1214.  488.    0.    0.
412. 477. 426. 894. 702. 514. 483. 361. 364. 317.
 409.  420.  477. 1000.  657.  512.  448.  366.  303.  358.
 434.  430.  448. 1205.  583.  483.  502.  397.  221.  247.
 396.  424.  486. 1169.  692.  595.  415.  362.  217.  194.
 436.  457.  489.  532.  593.  746. 1282.  415.    0.    0.
 433.  475.  482.  517.  609.  705. 1227.  502.    0.    0.
 453.  450.  460.  539.  581.  720. 1297.  450.    0.    0.
 464.  460.  442.  478.  606.  787. 1249.  464.    0.    0.
