379. 375. 451. 430. 433. 666. 718. 587. 717. 194.
379. 384. 475. 496. 454. 945. 626. 451. 610. 130.
353. 392. 460. 455. 466. 730. 846. 525. 648.  75.
459. 536. 659. 920. 992. 668. 419. 297.   0.   0.
467. 560. 644. 843. 932. 670. 551. 283.   0.   0.
497. 554. 667. 821. 913. 680. 724.  94.   0.   0.
 514.  557.  611.  685. 1213.  691.  593.   86.    0.    0.
334. 477. 802. 693. 688. 718. 671. 447. 120.   0.
 391.  530.  910. 1097.  761.  536.  430.  177.  118.    0.
424. 463. 935. 747. 660. 588. 435. 382. 281.  35.
 429.  457. 1090.  780.  619.  524.  350.  283.  257.  161.
384. 388. 422. 483. 559. 686. 962. 491. 553.  22.
349. 394. 453. 483. 518. 921. 673. 497. 582.  80.
393. 390. 460. 525. 455. 712. 938. 553. 491.  33.
 487.  533.  724.  839. 1011.  877.  304.  175.    0.    0.
500. 540. 568. 808. 993. 681. 473. 387.   0.   0.
 525.  500.  680.  797. 1059.  752.  530.  107.    0.    0.
 502.  544.  642.  795. 1046.  804.  573.   44.    0.    0.
434. 650. 973. 871. 923. 556. 433. 110.   0.   0.
 431.  494. 1057.  646.  570.  460.  408.  372.  331.  181.
 434.  518.  761. 1108.  823.  463.  470.  238.  135.    0.
413. 391. 401. 374. 416. 719. 961. 595. 559. 121.
 363.  412.  408.  431.  489. 1062.  721.  483.  482.   99.
360. 417. 437. 493. 496. 694. 837. 485. 660.  71.
528. 510. 647. 740. 850. 778. 560. 337.   0.   0.
 476.  539.  702.  966. 1046.  620.  391.  210.    0.    0.
 511.  530.  700.  785. 1089.  723.  558.   54.    0.    0.
499. 562. 680. 828. 851. 786. 669.  75.   0.   0.
254. 407. 888. 736. 854. 776. 504. 442.  89.   0.
303. 519. 943. 870. 863. 632. 451. 369.   0.   0.
 426.  499. 1057.  665.  562.  452.  403.  405.  284.  197.
485. 516. 723. 838. 414. 430. 459. 458. 406. 221.
425. 448. 517. 565. 592. 820. 762. 821.   0.   0.
 410.  464.  476.  568.  621.  656. 1039.  716.    0.    0.
402. 445. 680. 788. 754. 509. 371. 283. 364. 354.
 417.  450.  493.  555.  521.  744. 1171.  599.    0.    0.
440. 470. 444. 551. 641. 614. 885. 905.   0.   0.
434. 469. 697. 767. 566. 440. 425. 456. 302. 394.
 399.  477.  489.  513.  566.  787. 1041.  678.    0.    0.
436. 413. 494. 488. 683. 685. 940. 811.   0.   0.
