367. 414. 446. 475. 982. 619. 451. 388. 411. 397.
 426.  494.  461.  528.  540.  635. 1192.  674.    0.    0.
475. 523. 585. 668. 850. 717. 693. 439.   0.   0.
988. 924. 762. 691. 529. 444. 322. 173.  83.  34.
653. 592. 529. 516. 473. 424. 513. 694. 556.   0.
 449.  436.  577.  513.  556.  846. 1004.  510.   59.    0.
 421.  472.  472.  518.  598.  831. 1201.  437.    0.    0.
437. 418. 494. 515. 972. 773. 528. 516. 297.   0.
 443.  434.  507.  511.  567.  720. 1311.  457.    0.    0.
 476.  506.  695. 1010.  718.  496.  450.  334.  214.   51.
487. 603. 881. 788. 572. 516. 481. 373. 207.  42.
 478.  533.  540.  607.  770. 1278.  714.   30.    0.    0.
 495.  497.  484.  566.  703. 1001. 1025.  179.    0.    0.
952. 850. 675. 549. 519. 506. 414. 292. 170.  23.
 421.  464.  481.  519.  606.  772. 1141.  546.    0.    0.
474. 500. 633. 626. 792. 563. 513. 432. 417.   0.
989. 823. 749. 689. 526. 414. 364. 260. 111.  25.
950. 769. 659. 585. 518. 467. 397. 314. 236.  55.
 469.  490.  483.  516.  600.  799. 1359.  234.    0.    0.
 414.  445.  477.  514.  575.  687. 1023.  815.    0.    0.
447. 524. 647. 931. 689. 578. 466. 337. 299.  32.
 440.  553.  747. 1012.  683.  492.  445.  334.  184.   60.
588. 536. 575. 519. 610. 509. 513. 596. 504.   0.
 459.  455.  495.  543.  627.  774. 1150.  447.    0.    0.
 436.  442.  493.  682. 1020.  678.  442.  332.  425.    0.
485. 488. 918. 871. 685. 609. 402. 451.  41.   0.
369. 448. 432. 459. 507. 816. 536. 484. 753. 146.
 404.  466.  502.  462.  573.  850. 1054.  544.   95.    0.
 440.  657.  672.  893. 1082.  707.  421.   78.    0.    0.
562. 594. 610. 625. 552. 574. 391. 478. 458. 106.
589. 661. 714. 685. 508. 455. 431. 461. 379.  67.
440. 450. 519. 477. 641. 730. 839. 854.   0.   0.
 486.  476.  486.  522.  555.  683. 1290.  452.    0.    0.
 450.  423.  505.  526.  539.  774. 1307.  426.    0.    0.
 439.  490.  510.  503.  602.  727. 1230.  449.    0.    0.
917. 823. 767. 609. 598. 400. 353. 266. 154.  63.
1027.  873.  827.  700.  563.  399.  275.  185.   74.   27.
 427.  430.  482.  529.  580.  671. 1070.  761.    0.    0.
451. 451. 590. 556. 916. 778. 532. 486. 190.   0.
470. 584. 711. 673. 561. 498. 583. 474. 396.   0.
 476.  488.  462.  442.  545.  745. 1377.  415.    0.    0.
 419.  476.  457.  511.  602.  729. 1305.  451.    0.    0.
456. 448. 540. 613. 936. 867. 488. 401. 201.   0.
343. 393. 423. 455. 500. 536. 849. 950. 417.  84.
438. 443. 503. 570. 613. 934. 854. 595.   0.   0.
 473.  683.  650.  745. 1159.  798.  427.   15.    0.    0.
723. 644. 671. 553. 622. 567. 491. 389. 290.   0.
716. 695. 742. 616. 569. 515. 450. 430. 217.   0.
422. 428. 453. 511. 554. 919. 675. 706. 282.   0.
410. 457. 452. 501. 561. 964. 699. 624. 282.   0.
910. 711. 796. 685. 454. 499. 365. 243. 192.  95.
939. 872. 771. 610. 565. 444. 360. 220. 129.  40.
 456.  445.  483.  514.  562.  784. 1195.  511.    0.    0.
 456.  470.  482.  709. 1092.  659.  478.  324.  280.    0.
 429.  469.  450.  520.  639.  774. 1140.  529.    0.    0.
 418.  495.  524.  730. 1009.  641.  462.  362.  309.    0.
