468. 484. 872. 874. 639. 544. 433. 312. 315.   9.
 472.  536. 1076.  880.  622.  514.  399.  246.  154.   51.
532. 720. 742. 869. 900. 482. 323. 205. 173.   4.
392. 463. 524. 604. 745. 754. 747. 612. 109.   0.
470. 505. 504. 509. 542. 694. 969. 756.   1.   0.
629. 724. 744. 797. 701. 444. 482. 296. 129.   4.
443. 440. 452. 533. 741. 792. 762. 648. 139.   0.
477. 521. 977. 884. 716. 497. 332. 309. 171.  66.
494. 648. 799. 808. 606. 494. 504. 451. 141.   5.
478. 659. 921. 755. 596. 492. 408. 355. 197.  89.
 462.  574. 1043.  950.  665.  516.  368.  258.  109.    5.
503. 608. 984. 751. 662. 461. 360. 282. 253.  86.
487. 939. 837. 685. 563. 471. 394. 280. 167. 127.
546. 914. 861. 635. 516. 512. 457. 282. 158.  69.
499. 896. 909. 739. 577. 468. 355. 198. 190. 119.
374. 399. 483. 838. 741. 547. 523. 338. 330. 377.
427. 624. 570. 828. 752. 681. 592. 423.  53.   0.
570. 588. 697. 580. 460. 479. 585. 617. 373.   1.
 458.  723. 1039.  635.  503.  522.  431.  373.  246.   20.
 555.  659.  684.  804. 1231.  543.  291.  146.   37.    0.
 470.  452.  579.  693.  695. 1071.  668.  254.   68.    0.
 447.  423.  554.  533.  562.  644. 1269.  458.   60.    0.
 496.  570.  746.  914. 1266.  549.  248.  127.   34.    0.
 498.  542.  554.  643.  802. 1266.  519.  101.   25.    0.
 459.  400.  559.  662.  585.  841. 1118.  309.   17.    0.
464. 941. 884. 746. 676. 471. 268. 262. 141.  97.
450. 523. 623. 994. 589. 533. 433. 468. 332.   5.
