 492.  471.  431.  505.  657. 1049.  683.  461.  201.    0.
 463.  436.  498.  624. 1111.  827.  485.  293.  213.    0.
 473.  448.  487.  568.  661. 1103.  663.  518.   29.    0.
432. 452. 494. 530. 694. 892. 928. 468.  60.   0.
 447.  472.  512.  616. 1061.  743.  580.  356.  163.    0.
442. 487. 467. 540. 711. 992. 548. 543. 220.   0.
453. 502. 513. 555. 705. 924. 611. 520. 167.   0.
 442.  480.  489.  545.  652. 1127.  704.  472.   39.    0.
 580.  897. 1399.  959.  566.  401.  126.   22.    0.    0.
437. 449. 509. 551. 733. 968. 659. 487. 157.   0.
 435.  459.  532.  611. 1217.  606.  440.  345.  290.   15.
 575. 1142.  910.  752.  627.  375.  276.  179.   92.   22.
 496. 1079.  843.  676.  585.  503.  409.  284.   75.    0.
593. 968. 818. 759. 631. 461. 266. 239. 188.  27.
 566. 1070.  747.  618.  568.  455.  376.  349.  155.   46.
 509. 1028.  815.  645.  559.  509.  477.  314.   94.    0.
 532. 1020.  773.  700.  596.  464.  357.  275.  172.   61.
 501. 1147.  846.  658.  585.  435.  406.  266.  106.    0.
 478. 1143.  833.  640.  601.  437.  401.  264.  153.    0.
5.370e+02 1.013e+03 7.760e+02 6.680e+02 6.230e+02 4.300e+02 3.420e+02
 2.990e+02 2.610e+02 1.000e+00
 548. 1114.  805.  795.  615.  391.  309.  232.  141.    0.
 559. 1072.  794.  741.  586.  427.  364.  234.  173.    0.
 535. 1033.  759.  726.  655.  412.  305.  251.  270.    4.
 540. 1015.  848.  662.  634.  402.  371.  256.  175.   47.
 588. 1016.  694.  516.  441.  427.  428.  419.  355.   66.
 492. 1097.  846.  675.  550.  489.  376.  245.  128.   52.
 530. 1057.  868.  720.  606.  409.  339.  232.  139.   50.
466. 941. 939. 702. 539. 504. 372. 277. 166.  44.
 554. 1042.  818.  652.  645.  394.  354.  275.  169.   47.
 490. 1019.  807.  689.  590.  461.  392.  218.  200.   84.
 524. 1002.  751.  738.  584.  455.  313.  263.  190.  130.
 516. 1040.  859.  727.  648.  443.  303.  198.  144.   72.
 501. 1051.  838.  689.  644.  427.  325.  232.  197.   46.
 472. 1057.  736.  706.  600.  457.  326.  314.  202.   80.
 485. 1045.  823.  649.  680.  389.  360.  272.  193.   54.
