 638. 1268.  993.  817.  501.  358.  194.  109.   64.    8.
1091.  911.  698.  696.  485.  335.  298.  277.  135.   24.
 914. 1125.  867.  665.  500.  361.  236.  161.   93.   28.
 893. 1009.  927.  735.  554.  456.  187.  116.   69.    4.
639. 957. 651. 493. 460. 418. 489. 428. 274. 141.
833. 941. 830. 741. 555. 421. 293. 166. 151.  19.
898. 839. 720. 689. 599. 417. 303. 267. 173.  45.
585. 826. 901. 673. 548. 502. 425. 275. 160.  55.
554. 754. 906. 689. 592. 442. 375. 344. 230.  64.
528. 879. 886. 638. 595. 475. 433. 255. 177.  84.
620. 996. 750. 613. 565. 461. 390. 303. 182.  70.
892. 911. 778. 638. 527. 488. 362. 240. 102.  12.
 510. 1047.  867.  716.  637.  407.  358.  253.  155.    0.
921. 799. 611. 608. 534. 457. 399. 336. 195.  90.
967. 825. 829. 670. 572. 433. 280. 218. 128.  28.
785. 838. 723. 727. 560. 444. 340. 244. 213.  76.
933. 916. 796. 690. 552. 453. 280. 208. 108.  14.
928. 875. 838. 709. 548. 432. 287. 189. 115.  29.
906. 908. 812. 678. 544. 458. 295. 175. 117.  57.
620. 994. 795. 725. 536. 461. 320. 247. 159.  93.
 641. 1066.  742.  644.  558.  485.  385.  269.  123.   37.
 650. 1025.  761.  697.  618.  427.  316.  257.  151.   48.
 819. 1034.  828.  699.  524.  419.  307.  184.  102.   34.
890. 825. 743. 629. 559. 446. 361. 267. 185.  45.
737. 938. 725. 739. 619. 399. 297. 261. 170.  65.
966. 810. 802. 683. 641. 355. 297. 221. 137.  38.
961. 858. 689. 565. 508. 520. 409. 272. 122.  46.
907. 893. 791. 711. 548. 441. 294. 219. 105.  41.
936. 834. 737. 641. 549. 426. 370. 252. 163.  42.
 448.  551.  636. 1009.  691.  537.  420.  322.  265.   71.
 492.  544.  730. 1079.  745.  502.  414.  301.  121.   22.
 460.  525.  733. 1100.  700.  544.  365.  281.  216.   26.
 482.  823. 1175.  783.  623.  444.  276.  195.  121.   28.
 722. 1239.  971.  791.  568.  304.  212.  103.   40.    0.
1094.  903.  774.  691.  518.  396.  220.  186.  143.   25.
 949. 1062.  851.  672.  497.  398.  264.  154.   70.   33.
 915. 1210.  961.  700.  475.  306.  185.  118.   68.   12.
