402. 452. 460. 472. 500. 769. 560. 898. 404.  33.
 576. 1014.  671.  534.  484.  478.  434.  395.  220.  144.
 540. 1057.  739.  633.  540.  458.  412.  294.  178.   99.
 390.  463.  505.  553.  630. 1119.  635.  588.   67.    0.
 424.  430.  526.  475.  628. 1034.  648.  687.   98.    0.
 509. 1001.  893.  728.  610.  477.  354.  188.  120.   70.
458. 938. 785. 608. 558. 488. 412. 321. 251. 131.
459. 983. 855. 741. 563. 508. 373. 183. 172. 113.
 444.  412.  448.  534.  636. 1099.  734.  499.  144.    0.
 480.  439.  457.  508.  617. 1071.  635.  607.  136.    0.
