481. 550. 730. 644. 768. 707. 683. 324.  63.   0.
 494.  641.  635.  599.  826. 1030.  616.  109.    0.    0.
549. 518. 761. 970. 818. 786. 353. 182.  13.   0.
499. 539. 775. 769. 605. 535. 435. 365. 311. 117.
691. 884. 865. 718. 653. 417. 295. 225. 150.  52.
 681. 1003.  769.  651.  596.  471.  361.  227.  152.   39.
 379.  385.  431.  423.  480.  580.  664. 1396.  212.    0.
 457.  463.  456.  549.  613.  881. 1041.  336.  154.    0.
 441.  655.  831. 1090.  766.  531.  327.  196.   91.   22.
910. 916. 792. 700. 552. 409. 319. 187. 110.  55.
915. 789. 740. 526. 537. 460. 437. 290. 185.  71.
 514. 1011.  829.  571.  580.  444.  394.  317.  187.  103.
923. 715. 774. 584. 451. 522. 376. 296. 240.  69.
436. 980. 804. 723. 639. 542. 456. 266.  90.  14.
 663. 1033.  734.  600.  550.  531.  433.  281.  106.   19.
 439.  481.  483.  517.  579.  798. 1085.  533.   35.    0.
