 453.  756.  941. 1104.  868.  499.  258.   65.    6.    0.
 422.  464.  470.  520.  609.  903. 1045.  517.    0.    0.
 472.  675. 1108.  709.  633.  460.  347.  306.  207.   33.
 492.  662. 1142.  694.  585.  470.  372.  311.  181.   41.
 401.  476.  488.  519.  639. 1009.  896.  308.  159.   55.
 464.  496.  603.  571. 1008.  634.  539.  387.  204.   44.
524. 717. 845. 961. 695. 524. 388. 214.  78.   4.
432. 489. 474. 596. 586. 820. 815. 401. 271.  66.
 442.  501.  580.  575. 1020.  583.  607.  415.  192.   35.
5.660e+02 7.200e+02 7.310e+02 1.051e+03 7.610e+02 4.600e+02 4.030e+02
 2.150e+02 4.200e+01 1.000e+00
