924. 935. 792. 721. 546. 435. 259. 184. 110.  44.
610. 592. 621. 675. 762. 942. 540. 191.  17.   0.
 471.  502.  672.  768.  853. 1014.  548.  122.    0.    0.
 462.  556.  642.  802. 1003.  816.  437.  221.   11.    0.
423. 504. 558. 819. 873. 838. 413. 437.  85.   0.
603. 622. 643. 718. 807. 748. 652. 151.   6.   0.
 462.  556.  611.  667.  786. 1046.  597.  195.   30.    0.
 475.  565.  648.  720. 1024.  811.  391.  316.    0.    0.
 483.  475.  597.  655.  760. 1054.  558.  334.   34.    0.
611. 666. 621. 709. 961. 725. 489. 168.   0.   0.
480. 555. 617. 763. 942. 699. 451. 443.   0.   0.
633. 598. 593. 604. 921. 884. 544. 169.   4.   0.
469. 516. 567. 708. 923. 899. 441. 370.  57.   0.
 450.  463.  473.  515.  564.  712. 1323.  450.    0.    0.
 466.  719. 1098.  706.  648.  491.  362.  265.  130.   65.
564. 950. 793. 622. 590. 431. 413. 286. 209.  92.
382. 367. 423. 488. 525. 765. 746. 460. 657. 137.
740. 586. 612. 559. 571. 578. 607. 501. 196.   0.
691. 636. 734. 640. 687. 600. 515. 335. 112.   0.
791. 670. 661. 569. 431. 486. 504. 459. 319.  60.
639. 611. 560. 568. 516. 446. 505. 639. 456.  10.
506. 561. 956. 625. 582. 547. 496. 386. 201.  90.
 552. 1111.  898.  756.  573.  454.  241.  228.   77.   60.
 433.  454.  505.  536.  620. 1010.  909.  477.    6.    0.
 453.  443.  495.  564.  665. 1161.  638.  430.  101.    0.
746. 843. 804. 692. 513. 465. 389. 223. 198.  77.
737. 960. 756. 635. 517. 470. 401. 265. 157.  52.
367. 408. 427. 497. 897. 860. 533. 413. 383. 165.
385. 418. 414. 474. 797. 775. 540. 420. 520. 207.
985. 908. 736. 617. 457. 404. 322. 239. 192.  90.
879. 905. 785. 662. 505. 446. 311. 257. 134.  66.
461. 487. 614. 719. 884. 802. 826. 157.   0.   0.
 464.  615.  715. 1055.  793.  535.  376.  272.  112.   13.
554. 773. 810. 601. 575. 502. 423. 368. 247.  97.
 475.  453.  490.  507.  545.  716. 1280.  484.    0.    0.
 443.  429.  469.  557.  570.  716. 1306.  460.    0.    0.
 450.  475.  471.  543.  597.  725. 1250.  439.    0.    0.
 436.  440.  468.  523.  587.  721. 1339.  436.    0.    0.
365. 412. 374. 452. 440. 950. 776. 545. 509. 127.
363. 400. 386. 422. 510. 818. 780. 475. 639. 157.
361. 407. 414. 473. 493. 937. 717. 478. 547. 123.
