 473.  476.  469.  515.  590.  742. 1218.  467.    0.    0.
 480.  462.  455.  457.  547.  770. 1354.  425.    0.    0.
 464.  429.  490.  523.  549.  712. 1319.  464.    0.    0.
 516.  630.  887. 1032.  850.  497.  256.  211.   71.    0.
482. 594. 760. 665. 889. 784. 567. 156.  53.   0.
 492.  694.  786. 1126.  728.  535.  340.  214.   35.    0.
 417.  774.  862.  856. 1214.  675.  152.    0.    0.    0.
 357.  645.  765. 1003.  849.  662.  469.  147.   48.    5.
365. 476. 520. 673. 857. 804. 678. 362. 204.  11.
352. 522. 633. 864. 811. 656. 699. 331.  82.   0.
335. 607. 618. 900. 827. 656. 584. 294. 124.   5.
373. 425. 453. 500. 775. 732. 557. 398. 538. 199.
312. 536. 647. 917. 877. 696. 545. 276. 138.   6.
337. 677. 773. 911. 885. 699. 433. 180.  55.   0.
352. 598. 756. 839. 879. 616. 507. 240. 152.  11.
305. 611. 763. 889. 736. 734. 516. 278. 111.   7.
366. 397. 458. 494. 871. 825. 574. 385. 420. 160.
380. 454. 519. 693. 945. 789. 541. 385. 187.  57.
380. 430. 524. 793. 885. 849. 549. 325. 153.  62.
348. 466. 546. 843. 859. 789. 565. 352. 133.  49.
449. 494. 519. 577. 802. 798. 543. 511. 220.  37.
406. 550. 607. 706. 890. 978. 674. 136.   3.   0.
391. 537. 550. 834. 988. 807. 571. 255.  17.   0.
384. 553. 637. 847. 988. 818. 469. 235.  19.   0.
412. 583. 600. 791. 804. 917. 621. 207.  15.   0.
780. 736. 735. 649. 566. 502. 451. 321. 182.  28.
877. 803. 635. 685. 543. 470. 449. 336. 118.  34.
806. 738. 666. 588. 545. 479. 453. 365. 267.  43.
813. 789. 663. 696. 526. 473. 404. 295. 212.  79.
492. 839. 884. 912. 684. 563. 337. 159.  73.   7.
546. 735. 967. 793. 622. 519. 417. 217. 124.  10.
 521.  733.  823. 1077. 1208.  427.  143.   18.    0.    0.
 562.  755.  814. 1125. 1126.  453.  105.   10.    0.    0.
 493.  814.  864. 1245. 1090.  350.   85.    9.    0.    0.
 543.  705.  825. 1124. 1151.  423.  162.   17.    0.    0.
 593.  788.  875. 1033. 1007.  470.  147.   37.    0.    0.
 518.  723.  663.  840. 1407.  462.  252.   79.    6.    0.
 415.  502.  498.  500.  557.  705. 1295.  478.    0.    0.
 455.  425.  466.  518.  601.  688. 1344.  453.    0.    0.
 431.  453.  502.  526.  579.  737. 1274.  448.    0.    0.
 490.  657.  687.  834. 1161.  549.  318.  205.   49.    0.
 510.  456.  486.  461.  507.  679. 1370.  481.    0.    0.
 447.  443.  452.  533.  587.  710. 1305.  473.    0.    0.
 435.  436.  464.  538.  582.  708. 1337.  450.    0.    0.
 481.  725.  626.  857. 1041.  730.  337.  127.   26.    0.
 488.  762.  767.  834. 1067.  564.  270.  147.   51.    0.
362. 661. 767. 972. 960. 563. 405. 190.  62.   8.
358. 651. 797. 947. 833. 708. 427. 176.  52.   1.
315. 629. 742. 948. 822. 670. 499. 244.  75.   6.
346. 584. 816. 923. 764. 748. 465. 241.  60.   3.
388. 390. 431. 489. 783. 723. 521. 304. 657. 264.
491. 544. 531. 680. 859. 982. 354. 282. 179.  48.
353. 539. 553. 739. 823. 810. 639. 310. 168.  16.
330. 624. 713. 888. 862. 722. 519. 175. 105.  12.
324. 588. 657. 938. 831. 743. 533. 238.  94.   4.
 332.  594.  713. 1048.  839.  640.  508.  201.   69.    6.
360. 424. 436. 476. 930. 880. 524. 387. 417. 116.
 524.  717.  698.  918. 1150.  585.  268.   87.    3.    0.
374. 439. 538. 787. 883. 745. 511. 381. 197.  95.
431. 434. 487. 695. 721. 950. 671. 399. 127.  35.
379. 426. 540. 882. 739. 812. 591. 349. 210.  22.
362. 481. 455. 696. 777. 751. 633. 473. 244.  78.
574. 903. 843. 972. 992. 473. 155.  36.   2.   0.
401. 487. 658. 833. 871. 855. 556. 258.  31.   0.
 405.  524.  557.  805. 1112.  826.  463.  228.   30.    0.
436. 593. 508. 700. 930. 964. 616. 190.  13.   0.
382. 536. 593. 781. 944. 817. 617. 246.  34.   0.
 524.  587.  662.  895. 1354.  486.  241.  167.   34.    0.
805. 753. 596. 621. 468. 523. 499. 402. 254.  29.
872. 830. 708. 607. 551. 514. 418. 313. 119.  18.
802. 756. 686. 685. 629. 496. 371. 315. 182.  28.
855. 776. 775. 581. 593. 473. 424. 283. 169.  21.
523. 710. 975. 862. 597. 548. 389. 227. 105.  14.
612. 716. 869. 738. 557. 579. 487. 244. 145.   3.
 544.  783.  788.  787. 1054.  517.  289.  146.   42.    0.
 544.  624. 1002. 1084. 1097.  452.  123.   24.    0.    0.
 593.  706.  780.  954. 1287.  465.  159.    6.    0.    0.
 505.  708.  739.  994. 1294.  512.  165.   33.    0.    0.
 585.  714.  563. 1009. 1330.  539.  185.   25.    0.    0.
 539.  681.  783. 1079.  951.  624.  190.   91.   12.    0.
 419.  637.  788.  753. 1034.  829.  388.  100.    2.    0.
513. 607. 785. 727. 829. 537. 455. 385. 112.   0.
 570.  628.  610.  957. 1228.  648.  213.   86.   10.    0.
540. 451. 642. 785. 886. 596. 341. 493. 216.   0.
514. 652. 743. 926. 682. 448. 498. 330. 157.   0.
 498.  651.  902.  790. 1248.  726.  135.    0.    0.    0.
353. 419. 438. 512. 808. 826. 503. 361. 538. 192.
 551.  716.  619.  745. 1172.  578.  361.  161.   47.    0.
308. 620. 698. 872. 907. 707. 530. 224.  82.   2.
356. 651. 731. 937. 825. 745. 503. 159.  39.   4.
335. 599. 725. 840. 923. 683. 523. 210. 105.   7.
307. 596. 680. 875. 882. 738. 572. 220.  80.   0.
5.420e+02 7.000e+02 7.720e+02 1.015e+03 1.062e+03 5.600e+02 2.360e+02
 6.200e+01 1.000e+00 0.000e+00
 430.  505.  467.  662. 1036.  849.  563.  357.   81.    0.
393. 549. 548. 742. 958. 948. 526. 243.  43.   0.
355. 598. 636. 871. 996. 947. 394. 137.  16.   0.
 421.  496.  654.  903. 1048.  793.  466.  150.   19.    0.
 473.  463.  442.  522.  547.  777. 1309.  417.    0.    0.
 418.  479.  463.  522.  603.  715. 1304.  446.    0.    0.
 439.  460.  454.  539.  563.  698. 1328.  469.    0.    0.
 457.  442.  466.  493.  584.  736. 1313.  459.    0.    0.
 443.  455.  440.  509.  616.  701. 1351.  435.    0.    0.
 439.  481.  466.  480.  572.  707. 1363.  442.    0.    0.
471. 722. 751. 838. 931. 714. 304. 150.  65.   4.
