941. 867. 701. 582. 529. 490. 414. 250. 137.  39.
924. 789. 716. 667. 504. 496. 350. 262. 200.  42.
918. 820. 652. 599. 504. 467. 397. 346. 193.  54.
 446.  515.  573.  591.  708. 1201.  855.   61.    0.    0.
1058.  846.  654.  551.  527.  514.  464.  259.   68.    9.
912. 839. 780. 678. 523. 467. 338. 220. 139.  54.
923. 884. 765. 700. 546. 448. 306. 213. 133.  32.
 482.  512.  513.  544.  712. 1260.  881.   46.    0.    0.
 609.  933. 1233. 1125.  597.  288.  123.   37.    5.    0.
 498.  936. 1125. 1148.  656.  325.  176.   67.   19.    0.
