357. 417. 404. 434. 460. 521. 976. 685. 585. 111.
422. 460. 440. 442. 452. 456. 732. 773. 596. 177.
376. 382. 405. 432. 527. 961. 604. 503. 608. 152.
 434.  453.  472.  511.  576.  732. 1313.  459.    0.    0.
 459.  434.  459.  498.  587.  743. 1329.  441.    0.    0.
 441.  466.  465.  488.  591.  729. 1325.  445.    0.    0.
419. 514. 665. 782. 995. 701. 468. 312.  94.   0.
435. 589. 613. 788. 942. 591. 509. 349. 134.   0.
445. 559. 563. 739. 957. 718. 542. 288. 139.   0.
 434.  445.  465.  530.  574.  730. 1315.  457.    0.    0.
 450.  438.  439.  548.  594.  678. 1374.  429.    0.    0.
 454.  423.  471.  525.  569.  754. 1311.  443.    0.    0.
