 449.  434.  510.  556.  583.  807. 1042.  569.    0.    0.
682. 896. 745. 675. 524. 503. 391. 289. 182.  63.
670. 888. 755. 703. 607. 466. 338. 313. 177.  33.
 411.  545. 1069.  717.  580.  528.  474.  303.  222.  101.
606. 706. 863. 816. 705. 693. 403. 137.  21.   0.
451. 475. 538. 709. 987. 783. 786. 221.   0.   0.
650. 840. 699. 568. 558. 543. 461. 401. 198.  32.
537. 601. 633. 801. 611. 561. 515. 435. 256.   0.
442. 562. 743. 815. 705. 645. 500. 358. 179.   1.
644. 744. 631. 623. 538. 629. 785. 356.   0.   0.
722. 757. 736. 674. 621. 535. 487. 334.  84.   0.
646. 939. 753. 712. 521. 506. 482. 266. 120.   5.
951. 902. 798. 715. 567. 403. 321. 186.  83.  24.
900. 907. 795. 732. 595. 402. 276. 198. 115.  30.
860. 934. 807. 662. 570. 432. 320. 217. 120.  28.
966. 888. 746. 576. 539. 456. 368. 260. 113.  38.
911. 857. 754. 611. 519. 456. 374. 274. 149.  45.
867. 830. 764. 604. 534. 484. 393. 244. 186.  44.
446. 601. 712. 879. 924. 899. 387. 102.   0.   0.
 484.  546. 1039.  655.  591.  488.  406.  367.  345.   29.
482. 628. 653. 778. 991. 715. 469. 234.   0.   0.
476. 514. 756. 908. 967. 793. 368. 168.   0.   0.
 468.  539. 1077.  753.  634.  503.  374.  352.  231.   19.
493. 629. 644. 747. 854. 834. 507. 242.   0.   0.
