 422.  444.  476.  514.  594.  727. 1305.  468.    0.    0.
 449.  457.  452.  518.  593.  758. 1268.  455.    0.    0.
500. 428. 579. 575. 732. 818. 613. 465. 240.   0.
445. 527. 606. 590. 774. 869. 931. 208.   0.   0.
515. 529. 532. 585. 884. 866. 772. 267.   0.   0.
 455.  461.  525. 1188.  938.  566.  343.  276.  153.   45.
 491.  466.  613.  678.  845. 1067.  490.  245.   55.    0.
 461.  501.  519.  513.  911. 1084.  510.  287.  164.    0.
 520.  507.  651. 1083.  809.  566.  426.  217.  124.   47.
444. 518. 470. 597. 893. 829. 703. 417.  79.   0.
464. 548. 577. 557. 970. 715. 647. 457.  15.   0.
491. 552. 718. 876. 620. 539. 463. 436. 245.  10.
 420.  472.  556. 1031.  836.  681.  447.  344.  161.    2.
429. 498. 543. 822. 782. 666. 468. 431. 311.   0.
 456.  649. 1039.  751.  612.  511.  336.  253.  240.  103.
416. 503. 527. 880. 694. 700. 627. 427. 176.   0.
391. 546. 571. 930. 785. 654. 442. 421. 210.   0.
490. 721. 977. 769. 567. 488. 380. 307. 187.  64.
 435.  522.  540.  659. 1063.  814.  542.  320.   55.    0.
 452.  580.  515.  653. 1046.  772.  498.  317.  117.    0.
489. 660. 922. 782. 644. 554. 483. 285. 114.  17.
440. 529. 528. 674. 985. 761. 591. 337. 105.   0.
 427.  559.  628.  624. 1098.  625.  536.  323.  130.    0.
456. 647. 870. 726. 591. 536. 427. 401. 202.  94.
