 450.  451.  466.  509.  568.  723. 1328.  455.    0.    0.
 485.  498.  488.  506.  547.  664. 1289.  473.    0.    0.
 454.  436.  500.  523.  619.  672. 1313.  433.    0.    0.
 460.  435.  489.  490.  593.  717. 1308.  458.    0.    0.
 464.  430.  489.  514.  573.  707. 1322.  451.    0.    0.
 442.  471.  485.  514.  594.  699. 1287.  458.    0.    0.
 443.  441.  467.  530.  562.  725. 1311.  471.    0.    0.
 429.  495.  489.  502.  555.  713. 1315.  452.    0.    0.
 458.  459.  479.  512.  549.  714. 1307.  472.    0.    0.
 435.  478.  486.  546.  605.  691. 1280.  429.    0.    0.
 419.  460.  459.  517.  607.  709. 1336.  443.    0.    0.
 423.  440.  482.  526.  592.  708. 1322.  457.    0.    0.
 425.  474.  470.  522.  614.  701. 1305.  439.    0.    0.
 432.  450.  495.  526.  587.  719. 1317.  424.    0.    0.
 458.  430.  490.  485.  569.  744. 1347.  427.    0.    0.
 422.  459.  473.  517.  574.  718. 1322.  465.    0.    0.
 480.  451.  427.  492.  595.  746. 1338.  421.    0.    0.
 420.  459.  471.  531.  585.  732. 1308.  444.    0.    0.
 443.  452.  468.  558.  557.  705. 1317.  450.    0.    0.
 433.  437.  488.  520.  590.  740. 1308.  434.    0.    0.
 478.  439.  502.  531.  520.  700. 1293.  487.    0.    0.
 477.  479.  487.  523.  624.  696. 1247.  417.    0.    0.
 473.  468.  487.  569.  603.  685. 1257.  408.    0.    0.
 435.  480.  460.  484.  577.  751. 1316.  447.    0.    0.
 435.  485.  488.  513.  592.  716. 1293.  428.    0.    0.
 448.  448.  491.  520.  522.  775. 1338.  408.    0.    0.
 437.  466.  485.  478.  602.  737. 1254.  491.    0.    0.
 455.  446.  502.  518.  566.  716. 1322.  425.    0.    0.
 425.  468.  501.  525.  573.  713. 1282.  463.    0.    0.
 467.  403.  470.  531.  556.  777. 1290.  456.    0.    0.
 461.  459.  451.  502.  583.  690. 1374.  430.    0.    0.
 455.  472.  447.  535.  579.  669. 1350.  443.    0.    0.
 453.  468.  475.  480.  547.  741. 1351.  435.    0.    0.
 429.  445.  477.  528.  586.  708. 1339.  438.    0.    0.
 436.  447.  473.  521.  577.  737. 1321.  438.    0.    0.
 474.  441.  459.  549.  578.  728. 1287.  434.    0.    0.
 458.  462.  465.  575.  576.  714. 1251.  449.    0.    0.
 463.  446.  448.  534.  587.  710. 1307.  455.    0.    0.
 460.  408.  479.  509.  562.  800. 1282.  450.    0.    0.
 494.  476.  481.  481.  592.  739. 1277.  410.    0.    0.
 431.  471.  499.  524.  586.  729. 1268.  442.    0.    0.
 453.  483.  519.  522.  609.  684. 1267.  413.    0.    0.
 425.  444.  508.  503.  592.  675. 1346.  457.    0.    0.
 436.  437.  479.  502.  605.  712. 1335.  444.    0.    0.
 467.  425.  439.  524.  608.  667. 1422.  398.    0.    0.
 459.  479.  441.  552.  620.  680. 1335.  384.    0.    0.
 490.  423.  446.  556.  614.  700. 1296.  425.    0.    0.
 446.  454.  495.  475.  566.  753. 1340.  421.    0.    0.
 465.  439.  482.  552.  599.  700. 1309.  404.    0.    0.
 463.  455.  477.  503.  588.  717. 1304.  443.    0.    0.
 456.  449.  476.  552.  589.  720. 1305.  403.    0.    0.
 470.  493.  488.  443.  540.  698. 1402.  416.    0.    0.
 462.  449.  483.  548.  550.  731. 1298.  429.    0.    0.
 439.  459.  444.  539.  583.  726. 1301.  459.    0.    0.
 480.  467.  468.  504.  560.  648. 1342.  481.    0.    0.
 473.  469.  474.  496.  562.  700. 1331.  445.    0.    0.
 430.  470.  477.  511.  554.  731. 1327.  450.    0.    0.
 413.  460.  492.  506.  571.  754. 1330.  424.    0.    0.
 455.  414.  467.  529.  589.  774. 1264.  458.    0.    0.
 436.  459.  457.  509.  590.  731. 1305.  463.    0.    0.
 406.  452.  494.  519.  590.  709. 1331.  449.    0.    0.
 455.  442.  470.  475.  605.  749. 1313.  441.    0.    0.
 439.  484.  455.  528.  569.  689. 1313.  473.    0.    0.
 464.  496.  472.  515.  543.  717. 1322.  421.    0.    0.
 431.  468.  477.  483.  570.  731. 1333.  457.    0.    0.
 426.  480.  475.  504.  571.  696. 1335.  463.    0.    0.
 473.  461.  453.  486.  576.  748. 1329.  424.    0.    0.
 452.  491.  486.  508.  572.  711. 1285.  445.    0.    0.
 468.  469.  443.  499.  588.  697. 1320.  466.    0.    0.
 422.  488.  456.  515.  557.  720. 1340.  452.    0.    0.
 489.  454.  481.  488.  542.  694. 1307.  495.    0.    0.
 474.  445.  444.  521.  566.  708. 1371.  421.    0.    0.
 429.  447.  477.  523.  620.  702. 1316.  436.    0.    0.
 427.  444.  480.  518.  580.  737. 1301.  463.    0.    0.
 453.  434.  456.  522.  623.  680. 1345.  437.    0.    0.
 437.  455.  477.  495.  607.  716. 1311.  452.    0.    0.
 477.  453.  472.  516.  590.  782. 1226.  434.    0.    0.
 449.  436.  496.  504.  565.  751. 1339.  410.    0.    0.
 451.  456.  514.  476.  581.  692. 1281.  499.    0.    0.
 469.  488.  479.  496.  514.  687. 1368.  449.    0.    0.
 456.  441.  463.  495.  605.  729. 1311.  450.    0.    0.
 495.  440.  468.  477.  595.  776. 1404.  295.    0.    0.
 432.  460.  483.  532.  584.  726. 1353.  380.    0.    0.
 489.  416.  445.  504.  585.  748. 1243.  520.    0.    0.
 441.  427.  465.  491.  597. 1329.  578.  439.  183.    0.
 472.  446.  496.  565.  901. 1029.  676.  264.  101.    0.
 443.  445.  472.  543.  594.  734. 1338.  381.    0.    0.
 431.  446.  474.  539.  589.  753. 1126.  592.    0.    0.
 484.  494.  451.  572.  631.  733. 1135.  450.    0.    0.
 486.  498.  473.  520.  622. 1079.  554.  542.  176.    0.
705. 605. 642. 586. 585. 529. 525. 362. 411.   0.
669. 584. 611. 604. 490. 601. 449. 458. 484.   0.
 447.  458.  481.  530.  634. 1105.  709.  494.   92.    0.
 427.  450.  457.  532.  631.  802. 1215.  436.    0.    0.
 540.  537.  541.  539.  958. 1004.  560.  271.    0.    0.
 568.  600.  608.  630. 1371.  767.  367.   39.    0.    0.
917. 791. 693. 574. 501. 489. 425. 317. 205.  38.
884. 775. 672. 664. 610. 449. 314. 268. 205. 109.
