 428.  425.  496.  504.  571.  696. 1256.  574.    0.    0.
 435.  471.  466.  536.  616.  895. 1006.  525.    0.    0.
 456.  484.  464.  514.  680. 1075.  615.  524.  138.    0.
 430.  459.  515.  664. 1166.  654.  483.  362.  211.    6.
 441.  464.  484.  553.  759. 1240.  545.  366.   98.    0.
 440.  451.  488.  522.  677. 1065.  838.  458.   11.    0.
 447.  458.  496.  617. 1025.  836.  533.  408.  130.    0.
 464.  504.  698. 1047.  766.  581.  452.  293.  135.   10.
 445.  422.  485.  504.  590.  711. 1329.  464.    0.    0.
 434.  447.  502.  505.  600.  713. 1200.  549.    0.    0.
 462.  455.  498.  533.  593.  663. 1193.  553.    0.    0.
 433.  450.  467.  531.  577.  800. 1303.  389.    0.    0.
 459.  439.  490.  515.  552.  737. 1278.  480.    0.    0.
450. 463. 496. 542. 858. 893. 523. 515. 210.   0.
 447.  428.  538.  525.  659. 1052.  614.  566.  121.    0.
467. 470. 491. 626. 825. 641. 659. 574. 197.   0.
 467.  454.  529.  559.  636. 1011.  885.  381.   28.    0.
 442.  469.  446.  537.  630. 1060.  754.  612.    0.    0.
 334.  333.  336.  314.  329.  331.  423.  519.  645. 1386.
443. 475. 508. 547. 722. 947. 610. 469. 229.   0.
442. 440. 510. 592. 862. 771. 599. 435. 299.   0.
439. 471. 457. 542. 662. 965. 914. 434.  66.   0.
421. 459. 495. 549. 658. 923. 782. 644.  19.   0.
452. 502. 664. 804. 978. 635. 436. 314. 149.  16.
452. 434. 435. 458. 504. 712. 916. 650. 389.   0.
 439.  417.  499.  501.  563.  717. 1378.  436.    0.    0.
 421.  441.  479.  517.  558.  712. 1434.  388.    0.    0.
 474.  497.  473.  515.  538.  678. 1159.  616.    0.    0.
 488.  466.  531.  776. 1112.  696.  450.  285.  146.    0.
474. 516. 579. 837. 763. 587. 425. 364. 395.  10.
 463.  486.  484.  547.  895. 1189.  511.  250.  125.    0.
 441.  499.  582.  680. 1104.  661.  445.  329.  209.    0.
 452.  442.  478.  482.  557.  720. 1285.  534.    0.    0.
 470.  488.  507.  545.  712. 1150.  573.  426.   79.    0.
 474.  430.  462.  501.  611.  723. 1196.  553.    0.    0.
 335.  370.  358.  398.  424.  454.  533.  650. 1295.  133.
 307.  330.  318.  344.  361.  390.  401.  461.  630. 1408.
 293.  310.  331.  341.  363.  390.  415.  501.  624. 1382.
 426.  489.  446.  510.  577.  814. 1135.  553.    0.    0.
 457.  424.  454.  524.  605.  645. 1343.  498.    0.    0.
 323.  290.  314.  332.  393.  390.  401.  484.  667. 1356.
 343.  344.  362.  369.  406.  450.  511.  672. 1248.  245.
 331.  337.  334.  347.  373.  395.  432.  469.  612. 1320.
 342.  298.  337.  292.  401.  376.  428.  416.  677. 1383.
 431.  470.  454.  544.  568.  686. 1329.  468.    0.    0.
 463.  447.  399.  502.  602.  757. 1244.  536.    0.    0.
 298.  304.  333.  339.  372.  345.  456.  490.  632. 1381.
 430.  439.  485.  508.  595.  768. 1129.  596.    0.    0.
 430.  446.  463.  533.  582.  684. 1296.  516.    0.    0.
 423.  468.  465.  520.  548.  691. 1237.  598.    0.    0.
438. 507. 493. 522. 615. 926. 781. 668.   0.   0.
 322.  353.  336.  369.  349.  387.  396.  451.  598. 1389.
 437.  470.  478.  523.  557.  726. 1198.  561.    0.    0.
 414.  460.  461.  511.  566.  719. 1262.  557.    0.    0.
 448.  447.  500.  494.  627.  739. 1293.  402.    0.    0.
424. 452. 496. 533. 581. 785. 955. 724.   0.   0.
 431.  494.  465.  513.  616.  795. 1203.  433.    0.    0.
 447.  459.  483.  470.  566.  738. 1191.  596.    0.    0.
438. 453. 510. 494. 629. 931. 826. 561. 108.   0.
445. 475. 454. 529. 612. 893. 777. 765.   0.   0.
 455.  455.  487.  514.  560.  734. 1222.  523.    0.    0.
 444.  425.  487.  525.  564.  715. 1217.  573.    0.    0.
 441.  452.  504.  489.  603.  762. 1426.  273.    0.    0.
 319.  328.  330.  340.  394.  375.  410.  492.  649. 1313.
 431.  480.  481.  513.  661.  822. 1035.  527.    0.    0.
 298.  329.  347.  365.  360.  393.  409.  506.  621. 1322.
 417.  458.  471.  518.  578.  707. 1229.  572.    0.    0.
 364.  320.  265.  327.  358.  376.  417.  476.  730. 1317.
 444.  445.  472.  571.  641. 1083.  890.  389.   15.    0.
 296.  318.  327.  348.  359.  393.  418.  517.  597. 1377.
 439.  454.  477.  549.  584.  724. 1156.  567.    0.    0.
463. 508. 523. 567. 588. 715. 872. 714.   0.   0.
479. 455. 526. 584. 695. 996. 580. 397. 238.   0.
 457.  489.  453.  512.  576.  716. 1205.  542.    0.    0.
 425.  474.  462.  502.  595.  704. 1242.  546.    0.    0.
 470.  470.  493.  560.  557.  695. 1130.  575.    0.    0.
 443.  460.  501.  535.  589.  720. 1180.  522.    0.    0.
 453.  452.  437.  506.  569.  739. 1336.  458.    0.    0.
 328.  325.  325.  362.  390.  363.  386.  491.  586. 1394.
 443.  457.  444.  473.  597.  747. 1253.  536.    0.    0.
 436.  453.  510.  486.  511.  718. 1281.  555.    0.    0.
 417.  444.  500.  494.  577.  712. 1371.  435.    0.    0.
 431.  472.  472.  504.  573.  716. 1235.  547.    0.    0.
 326.  291.  307.  382.  347.  399.  418.  493.  572. 1415.
 315.  297.  308.  352.  370.  409.  398.  515.  629. 1357.
 295.  327.  342.  329.  335.  384.  436.  486.  613. 1403.
 289.  307.  337.  376.  338.  379.  428.  511.  618. 1367.
 337.  295.  344.  342.  382.  396.  361.  487.  645. 1361.
 500.  434.  418.  539.  582.  661. 1242.  574.    0.    0.
 419.  442.  508.  514.  593.  750. 1104.  620.    0.    0.
 418.  449.  508.  522.  594.  764. 1334.  361.    0.    0.
 461.  471.  516.  553.  760. 1224.  560.  366.   39.    0.
 434.  452.  479.  513.  572.  683. 1356.  461.    0.    0.
 411.  463.  483.  516.  582.  790. 1237.  468.    0.    0.
 474.  451.  518.  505.  553.  675. 1144.  630.    0.    0.
 423.  449.  498.  552.  639. 1080.  740.  535.   34.    0.
 431.  428.  503.  499.  564.  708. 1237.  580.    0.    0.
 428.  493.  499.  528.  573.  706. 1265.  458.    0.    0.
 445.  435.  507.  537.  504.  688. 1158.  676.    0.    0.
 437.  491.  498.  560.  660. 1093.  540.  497.  174.    0.
 450.  470.  497.  508.  558.  751. 1248.  468.    0.    0.
455. 544. 615. 839. 754. 562. 507. 397. 270.   7.
 435.  436.  453.  522.  580.  709. 1273.  542.    0.    0.
 469.  511.  584.  651. 1093.  619.  394.  344.  285.    0.
469. 453. 527. 667. 861. 809. 575. 408. 181.   0.
 515.  496.  563. 1067.  799.  581.  448.  292.  189.    0.
 466.  494.  552.  565. 1040.  781.  463.  410.  179.    0.
 430.  416.  513.  472.  608.  680. 1314.  517.    0.    0.
 358.  259.  309.  366.  339.  396.  436.  496.  594. 1397.
 349.  346.  348.  326.  365.  393.  465.  436.  631. 1291.
 314.  307.  291.  374.  365.  401.  413.  454.  661. 1370.
 392.  476.  469.  497.  604.  699. 1233.  580.    0.    0.
 422.  453.  450.  525.  594.  712. 1288.  506.    0.    0.
468. 490. 596. 909. 808. 556. 505. 349. 269.   0.
 310.  306.  314.  348.  359.  386.  435.  483.  625. 1384.
 339.  315.  347.  327.  353.  433.  427.  494.  585. 1330.
 449.  439.  451.  518.  568.  723. 1316.  486.    0.    0.
 450.  429.  465.  530.  594.  678. 1349.  455.    0.    0.
 302.  313.  340.  347.  354.  398.  431.  481.  630. 1354.
 315.  349.  309.  342.  320.  385.  385.  527.  661. 1357.
 437.  447.  503.  519.  614.  795. 1197.  438.    0.    0.
 402.  468.  506.  554.  658. 1084.  627.  487.  164.    0.
 349.  340.  416.  363.  414.  477.  481.  689. 1298.  123.
 335.  348.  361.  297.  354.  377.  431.  477.  619. 1351.
 445.  438.  446.  507.  581.  733. 1303.  497.    0.    0.
 416.  468.  482.  502.  590.  708. 1400.  384.    0.    0.
 455.  451.  533.  588. 1011.  758.  539.  447.  168.    0.
 310.  339.  345.  350.  366.  390.  451.  478.  617. 1304.
 304.  318.  334.  335.  338.  382.  439.  486.  638. 1376.
 441.  458.  476.  516.  570.  702. 1217.  570.    0.    0.
 296.  301.  349.  343.  352.  400.  420.  491.  635. 1363.
 363.  352.  378.  344.  408.  442.  538.  695. 1283.  147.
450. 461. 525. 575. 855. 775. 649. 534. 126.   0.
 475.  466.  500.  519.  582.  751. 1394.  263.    0.    0.
 444.  448.  462.  491.  567.  760. 1241.  537.    0.    0.
 442.  435.  464.  543.  567.  789. 1272.  438.    0.    0.
 428.  447.  476.  508.  587.  708. 1331.  465.    0.    0.
 453.  413.  486.  521.  566.  671. 1238.  602.    0.    0.
 420.  466.  465.  510.  574.  692. 1255.  568.    0.    0.
 444.  449.  474.  501.  492.  768. 1299.  523.    0.    0.
 351.  398.  358.  370.  394.  424.  517.  705. 1263.  170.
 442.  447.  516.  474.  553.  720. 1302.  496.    0.    0.
 342.  267.  302.  373.  381.  363.  410.  523.  618. 1371.
 423.  433.  486.  526.  558.  745. 1240.  539.    0.    0.
454. 494. 603. 930. 902. 660. 469. 263. 164.  11.
 433.  466.  507.  495.  563.  713. 1313.  460.    0.    0.
 334.  318.  345.  330.  360.  404.  415.  512.  593. 1339.
 465.  507.  487.  562.  597.  738. 1166.  428.    0.    0.
 456.  415.  482.  515.  649.  754. 1081.  598.    0.    0.
 459.  451.  501.  549.  696. 1021.  854.  419.    0.    0.
 438.  454.  508.  534.  663. 1185.  637.  422.  109.    0.
 438.  443.  490.  508.  567.  694. 1386.  424.    0.    0.
 309.  318.  323.  344.  357.  385.  431.  476.  645. 1362.
 443.  449.  491.  591.  746. 1121.  647.  366.   96.    0.
409. 475. 475. 477. 522. 638. 998. 956.   0.   0.
 469.  445.  505.  481.  572.  685. 1163.  630.    0.    0.
 445.  449.  457.  505.  545.  719. 1367.  463.    0.    0.
433. 474. 505. 537. 624. 888. 918. 571.   0.   0.
 429.  450.  501.  496.  581.  699. 1397.  397.    0.    0.
 422.  469.  486.  520.  561.  716. 1479.  297.    0.    0.
 306.  312.  365.  314.  363.  370.  428.  486.  656. 1350.
 441.  462.  458.  496.  576.  671. 1227.  619.    0.    0.
 467.  474.  487.  553.  606.  688. 1216.  459.    0.    0.
 434.  482.  470.  514.  592.  727. 1345.  386.    0.    0.
 425.  422.  428.  469.  483.  551.  706. 1309.  157.    0.
 436.  465.  460.  498.  557.  729. 1238.  567.    0.    0.
 451.  427.  508.  545.  682. 1007.  858.  442.   30.    0.
 365.  358.  351.  358.  415.  481.  499.  688. 1270.  165.
 495.  485.  554.  553.  647. 1034.  714.  412.   56.    0.
 431.  452.  477.  505.  532.  696. 1254.  603.    0.    0.
 466.  425.  469.  524.  561.  673. 1219.  613.    0.    0.
 430.  449.  459.  509.  577.  680. 1274.  572.    0.    0.
 319.  315.  342.  336.  362.  355.  427.  474.  683. 1337.
 413.  441.  479.  507.  575.  713. 1270.  552.    0.    0.
 471.  460.  482.  559.  564.  720. 1192.  502.    0.    0.
 437.  448.  488.  526.  622.  879. 1085.  465.    0.    0.
 442.  462.  495.  520.  631. 1009.  900.  491.    0.    0.
 309.  324.  340.  327.  353.  403.  405.  484.  642. 1363.
421. 463. 456. 547. 623. 877. 978. 565.  20.   0.
 454.  422.  446.  523.  594.  678. 1194.  639.    0.    0.
 451.  474.  428.  509.  569.  706. 1226.  587.    0.    0.
572. 911. 819. 709. 534. 487. 425. 309. 159.  25.
742. 911. 769. 585. 583. 436. 375. 278. 213.  58.
829. 960. 725. 634. 449. 536. 401. 263. 120.  33.
 684. 1001.  828.  628.  583.  467.  391.  225.   93.   50.
798. 970. 744. 672. 580. 448. 304. 243. 163.  28.
818. 784. 698. 557. 530. 441. 420. 318. 263. 121.
 636. 1011.  755.  695.  560.  471.  348.  273.  149.   52.
7.400e+02 1.016e+03 6.890e+02 4.610e+02 5.110e+02 5.910e+02 5.530e+02
 3.220e+02 6.600e+01 1.000e+00
