 474.  508.  742. 1228.  753.  521.  364.  250.  110.    0.
498. 554. 497. 730. 870. 622. 879. 300.   0.   0.
403. 469. 642. 660. 765. 808. 914. 289.   0.   0.
 433.  460.  471.  543.  559.  720. 1475.  289.    0.    0.
417. 484. 505. 993. 696. 509. 520. 379. 347. 100.
445. 486. 574. 683. 945. 637. 533. 387. 260.   0.
454. 897. 687. 677. 553. 477. 378. 327. 308. 192.
813. 880. 717. 671. 591. 435. 353. 271. 151.  68.
525. 742. 895. 753. 588. 555. 467. 337.  88.   0.
494. 564. 875. 827. 701. 597. 454. 384.  54.   0.
462. 420. 467. 515. 812. 865. 693. 467. 249.   0.
385. 557. 758. 780. 711. 698. 595. 331. 134.   1.
 463.  433.  452.  535.  621.  784. 1267.  395.    0.    0.
 429.  451.  475.  524.  723. 1276.  504.  335.  233.    0.
 431.  452.  487.  718. 1038.  663.  426.  317.  403.   15.
511. 968. 755. 662. 591. 486. 400. 295. 269.  13.
 481.  436.  462.  543.  568.  804. 1146.  510.    0.    0.
 499. 1050.  855.  739.  592.  459.  328.  248.  180.    0.
 437.  481.  499.  518.  567.  708. 1377.  363.    0.    0.
 396.  439.  401.  510.  539. 1057.  721.  533.  332.   22.
402. 543. 891. 673. 713. 666. 706. 352.   4.   0.
509. 579. 648. 614. 988. 954. 495. 154.   9.   0.
 454.  477.  671. 1175.  776.  503.  411.  290.  193.    0.
507. 470. 575. 786. 670. 555. 619. 489. 279.   0.
401. 402. 414. 602. 940. 553. 522. 306. 354. 456.
420. 367. 454. 962. 761. 633. 386. 270. 318. 379.
 399.  495. 1069.  720.  636.  538.  344.  301.  256.  192.
 466. 1002.  833.  701.  555.  504.  331.  269.  133.  156.
 405.  466. 1187.  765.  604.  496.  387.  337.  168.  135.
413. 491. 824. 689. 522. 473. 427. 452. 384. 275.
 409.  504. 1166.  638.  528.  445.  441.  416.  236.  167.
 449.  594. 1011.  726.  706.  505.  311.  257.  219.  172.
467. 691. 868. 663. 589. 470. 417. 297. 221. 267.
 397.  382.  443.  427.  420. 1022.  708.  514.  511.  126.
 464.  477.  502.  556.  846. 1009.  569.  527.    0.    0.
 463.  451.  538.  578.  689. 1216.  738.  277.    0.    0.
 500. 1098.  770.  648.  565.  494.  337.  318.  190.   30.
 447.  548.  987. 1056.  702.  455.  420.  254.   81.    0.
 472.  470.  484.  528.  575.  771. 1193.  457.    0.    0.
842. 943. 687. 572. 535. 465. 440. 276. 158.  32.
482. 472. 696. 951. 799. 650. 443. 457.   0.   0.
 425.  411.  438.  515.  526. 1189.  632.  344.  366.  104.
 437.  443.  456.  546.  566.  734. 1314.  454.    0.    0.
 461.  429.  459.  516.  615.  678. 1344.  448.    0.    0.
449. 488. 553. 988. 715. 558. 521. 310. 295.  73.
 462.  515.  716. 1123.  636.  518.  474.  372.  134.    0.
 498.  712. 1073.  809.  606.  433.  385.  320.  107.    7.
496. 601. 676. 731. 570. 550. 576. 436. 314.   0.
486. 762. 882. 662. 624. 500. 442. 403. 175.  14.
456. 493. 751. 761. 672. 536. 532. 458. 234.  57.
440. 520. 776. 911. 680. 585. 481. 339. 218.   0.
497. 786. 902. 701. 684. 576. 330. 250. 212.  12.
 479.  596.  744. 1174.  692.  549.  402.  233.   81.    0.
462. 799. 993. 726. 657. 502. 351. 272. 132.  56.
440. 456. 471. 558. 988. 720. 519. 451. 347.   0.
429. 458. 480. 566. 995. 832. 491. 346. 353.   0.
 410.  422.  488.  556. 1028.  699.  567.  417.  363.    0.
 423.  467.  479.  604. 1017.  672.  538.  486.  264.    0.
 441.  459.  493.  511.  571.  740. 1239.  496.    0.    0.
 438.  485.  464.  517.  537.  732. 1326.  451.    0.    0.
 436.  430.  511.  496.  575.  724. 1319.  459.    0.    0.
 431.  430.  489.  526.  556.  744. 1336.  438.    0.    0.
