360. 428. 403. 428. 467. 729. 657. 538. 793. 147.
364. 455. 447. 467. 489. 690. 599. 450. 884. 105.
 491.  492. 1001. 1060.  691.  524.  387.  191.   96.   17.
786. 957. 778. 696. 593. 450. 274. 195. 143.  78.
758. 885. 782. 589. 591. 401. 412. 259. 190.  83.
 445.  426. 1099.  694.  608.  477.  399.  319.  265.  218.
 425.  478. 1120.  689.  565.  457.  431.  328.  268.  189.
370. 385. 490. 414. 510. 525. 940. 831. 407.  78.
955. 852. 768. 635. 574. 438. 355. 230. 121.  22.
446. 445. 486. 535. 623. 933. 948. 534.   0.   0.
 464.  458.  494.  537.  645. 1061.  782.  494.   15.    0.
433. 456. 476. 546. 670. 975. 879. 474.  41.   0.
345. 551. 918. 958. 828. 761. 324. 180.  85.   0.
457. 483. 583. 731. 956. 686. 444. 315. 295.   0.
 452.  461.  500.  522.  741. 1060.  599.  497.  118.    0.
435. 466. 504. 579. 730. 957. 654. 402. 223.   0.
435. 460. 528. 633. 866. 765. 676. 391. 196.   0.
 333.  425.  417.  397.  467.  560.  560. 1247.  467.   77.
 445.  435.  455.  551.  573.  714. 1332.  445.    0.    0.
369. 709. 913. 825. 929. 639. 408. 153.   5.   0.
256. 507. 717. 874. 635. 758. 606. 298. 264.  35.
 285.  617.  743.  794. 1046.  672.  541.  242.   10.    0.
255. 560. 807. 733. 983. 642. 614. 329.  27.   0.
403. 488. 904. 647. 550. 513. 568. 442. 351.  84.
260. 595. 733. 899. 880. 715. 493. 375.   0.   0.
 286.  612.  826. 1007.  882.  658.  457.  222.    0.    0.
260. 336. 835. 674. 881. 655. 702. 386. 176.  45.
362. 674. 784. 742. 714. 547. 514. 510. 103.   0.
279. 574. 937. 964. 896. 656. 425. 219.   0.   0.
259. 467. 824. 862. 815. 735. 572. 380.  36.   0.
