 368.  450.  435.  511. 1147.  688.  518.  290.  298.  245.
950. 807. 764. 694. 549. 443. 336. 214. 162.  31.
397. 477. 509. 693. 803. 650. 543. 463. 415.   0.
932. 836. 710. 662. 561. 425. 363. 278. 153.  30.
 480.  500.  600.  885. 1016.  645.  418.  284.  122.    0.
462. 440. 658. 899. 878. 667. 498. 228. 220.   0.
400. 937. 990. 983. 686. 455. 355. 125.  19.   0.
 465.  490.  622. 1021.  715.  641.  716.  280.    0.    0.
776. 702. 682. 635. 553. 537. 467. 342. 229.  27.
 422.  439.  586.  670.  640.  861. 1029.  303.    0.    0.
552. 700. 834. 803. 598. 634. 542. 222.  59.   6.
462. 456. 519. 727. 950. 633. 583. 277. 335.   8.
 431.  456.  437.  531.  611.  731. 1295.  458.    0.    0.
 448.  446.  473.  548.  548.  713. 1250.  524.    0.    0.
927. 796. 711. 595. 524. 466. 408. 269. 191.  63.
959. 855. 803. 645. 527. 446. 325. 222. 148.  20.
897. 854. 764. 679. 622. 404. 292. 240. 125.  73.
903. 844. 718. 673. 544. 445. 330. 279. 165.  49.
928. 733. 674. 671. 554. 452. 325. 299. 248.  66.
958. 855. 782. 660. 554. 464. 323. 184. 130.  40.
959. 875. 771. 651. 532. 456. 316. 234. 125.  31.
942. 805. 731. 622. 537. 475. 390. 251. 151.  46.
892. 848. 783. 621. 538. 482. 367. 240. 130.  49.
938. 885. 805. 710. 527. 421. 328. 172. 107.  57.
958. 852. 816. 660. 546. 456. 321. 204. 107.  30.
913. 870. 721. 629. 540. 452. 362. 265. 152.  46.
911. 790. 702. 622. 548. 436. 371. 296. 212.  62.
928. 874. 749. 681. 556. 456. 323. 231. 122.  30.
943. 852. 790. 646. 604. 430. 321. 200. 120.  44.
934. 875. 776. 657. 538. 449. 378. 195. 113.  35.
936. 850. 736. 738. 563. 433. 276. 221. 146.  51.
909. 790. 791. 584. 532. 454. 437. 207. 200.  46.
929. 787. 706. 623. 518. 466. 323. 260. 249.  89.
916. 731. 687. 636. 505. 462. 391. 290. 248.  84.
922. 837. 784. 690. 538. 473. 312. 204. 138.  52.
968. 897. 853. 689. 569. 418. 285. 169.  63.  39.
936. 835. 732. 674. 578. 416. 323. 242. 158.  56.
892. 746. 697. 606. 511. 487. 378. 296. 248.  89.
463. 457. 565. 724. 793. 647. 554. 406. 327.  14.
 471.  458.  493.  528.  565.  722. 1306.  407.    0.    0.
 448.  466.  455.  485.  573.  742. 1309.  472.    0.    0.
890. 767. 665. 665. 584. 475. 308. 279. 207. 110.
919. 849. 761. 671. 539. 453. 332. 244. 126.  56.
859. 773. 729. 623. 520. 457. 420. 273. 167. 129.
988. 924. 797. 687. 560. 390. 305. 198.  85.  16.
891. 803. 707. 626. 527. 465. 377. 293. 185.  76.
947. 828. 678. 723. 536. 457. 312. 274. 153.  42.
922. 822. 678. 605. 553. 448. 385. 302. 184.  51.
929. 909. 798. 652. 594. 407. 330. 189. 105.  37.
874. 845. 757. 640. 545. 447. 373. 264. 146.  59.
1030.  794.  671.  556.  506.  571.  400.  256.  137.   29.
975. 698. 724. 617. 540. 475. 322. 348. 208.  43.
947. 831. 780. 643. 574. 428. 314. 238. 153.  42.
903. 828. 805. 655. 586. 409. 353. 195. 128.  88.
904. 819. 692. 660. 555. 448. 357. 281. 174.  60.
901. 883. 736. 669. 570. 416. 340. 226. 152.  57.
913. 841. 775. 612. 582. 426. 391. 229. 124.  57.
1003.  955.  831.  688.  541.  438.  262.  137.   67.   28.
954. 767. 713. 651. 515. 471. 341. 296. 180.  62.
913. 814. 749. 597. 525. 480. 382. 282. 170.  38.
950. 882. 796. 670. 554. 432. 314. 212. 114.  26.
924. 781. 706. 646. 495. 499. 352. 283. 204.  60.
881. 799. 770. 636. 535. 460. 400. 244. 157.  68.
909. 853. 727. 609. 513. 494. 358. 278. 178.  31.
973. 946. 815. 701. 569. 402. 293. 169.  60.  22.
433. 425. 548. 883. 453. 446. 387. 567. 464. 344.
 382.  365.  410.  474.  527.  556. 1023.  806.  337.   70.
401. 424. 483. 985. 683. 547. 437. 360. 339. 291.
 367.  355.  383.  505.  485.  471. 1012.  821.  386.  165.
 380.  414.  480. 1061.  689.  556.  428.  374.  273.  295.
354. 380. 426. 438. 473. 540. 887. 877. 476.  99.
 409.  418.  377. 1167.  791.  642.  385.  257.  293.  211.
354. 373. 420. 453. 483. 572. 889. 876. 409. 121.
