 460.  424.  500.  509.  636.  811. 1128.  482.    0.    0.
463. 860. 739. 619. 582. 648. 566. 462.  11.   0.
 442.  442.  481.  533.  590.  762. 1139.  561.    0.    0.
463. 853. 764. 673. 572. 654. 601. 347.  23.   0.
419. 496. 474. 550. 694. 586. 459. 835. 395.  42.
360. 399. 413. 419. 507. 647. 872. 539. 665. 129.
 524.  671.  734. 1197.  883.  482.  290.  129.   38.    2.
5.590e+02 5.910e+02 6.480e+02 7.820e+02 1.118e+03 6.430e+02 3.680e+02
 1.880e+02 5.200e+01 1.000e+00
 578.  643.  650.  886. 1087.  644.  304.  132.   26.    0.
436. 547. 649. 832. 902. 642. 503. 310. 127.   2.
 661.  845. 1154.  681.  496.  402.  331.  231.  118.   31.
948. 828. 749. 670. 528. 447. 353. 246. 121.  60.
857. 860. 766. 633. 540. 489. 355. 234. 144.  72.
924. 797. 700. 631. 505. 508. 333. 345. 166.  41.
875. 826. 733. 585. 530. 436. 417. 281. 183.  84.
866. 822. 777. 685. 499. 480. 345. 226. 163.  87.
717. 863. 764. 611. 550. 459. 394. 297. 212.  83.
916. 945. 798. 728. 529. 426. 288. 173. 103.  44.
953. 853. 802. 707. 540. 418. 307. 202. 122.  46.
899. 803. 698. 612. 530. 479. 385. 301. 173.  70.
 603.  573. 1080.  812.  626.  492.  408.  257.   88.   11.
 530.  603. 1203.  804.  641.  467.  365.  247.   84.    6.
911. 896. 705. 640. 549. 453. 383. 243. 126.  44.
884. 901. 737. 628. 571. 450. 377. 239. 131.  32.
893. 795. 719. 684. 651. 396. 305. 226. 201.  80.
950. 844. 764. 669. 589. 412. 345. 241. 104.  32.
909. 775. 739. 607. 543. 431. 383. 316. 163.  84.
960. 797. 709. 649. 571. 414. 358. 324. 140.  28.
510. 991. 936. 745. 597. 460. 317. 223. 122.  49.
566. 957. 948. 729. 568. 455. 351. 211. 133.  32.
784. 903. 812. 697. 534. 490. 309. 218. 163.  40.
943. 853. 816. 693. 549. 451. 327. 166. 118.  34.
533. 828. 996. 698. 575. 512. 398. 261. 133.  16.
912. 903. 765. 622. 550. 458. 353. 237. 118.  32.
1007.  923.  785.  713.  554.  430.  283.  174.   70.   11.
904. 973. 841. 713. 547. 428. 297. 180.  55.  12.
823. 887. 753. 597. 547. 511. 354. 231. 198.  49.
6.690e+02 8.880e+02 9.440e+02 1.074e+03 6.250e+02 3.510e+02 2.130e+02
 1.290e+02 5.600e+01 1.000e+00
 665.  690.  811. 1009.  576.  541.  367.  226.   61.    4.
620. 659. 599. 689. 929. 890. 375. 157.  32.   0.
609. 704. 792. 779. 900. 751. 334.  75.   6.   0.
933. 890. 766. 732. 539. 425. 324. 213. 110.  18.
912. 748. 650. 605. 554. 453. 385. 325. 228.  90.
919. 922. 785. 675. 549. 408. 297. 221. 123.  51.
867. 821. 715. 654. 598. 431. 331. 282. 170.  81.
945. 834. 767. 676. 576. 432. 312. 257. 124.  27.
626. 612. 591. 643. 675. 901. 649. 224.  29.   0.
912. 845. 706. 647. 555. 451. 370. 286. 132.  46.
975. 902. 737. 590. 567. 482. 377. 210.  89.  21.
 654.  620.  729.  855. 1070.  567.  322.  128.    5.    0.
719. 762. 984. 874. 592. 453. 336. 174.  50.   6.
944. 846. 721. 638. 559. 469. 371. 232. 133.  37.
961. 893. 756. 658. 512. 464. 317. 211. 126.  52.
953. 808. 654. 601. 509. 453. 419. 349. 171.  33.
1010.  789.  767.  748.  601.  379.  266.  236.  141.   13.
 616.  684.  597.  985. 1052.  605.  349.   62.    0.    0.
863. 871. 759. 642. 584. 440. 348. 258. 134.  51.
915. 885. 768. 702. 510. 474. 340. 196. 124.  36.
869. 760. 763. 663. 534. 502. 356. 216. 214.  73.
878. 763. 773. 621. 547. 458. 395. 240. 188.  87.
579. 925. 868. 738. 579. 476. 320. 244. 150.  71.
924. 863. 739. 606. 554. 482. 364. 273.  97.  48.
922. 817. 741. 628. 537. 469. 354. 279. 161.  42.
893. 926. 805. 698. 553. 451. 299. 215.  80.  30.
934. 849. 804. 612. 576. 393. 359. 240. 157.  26.
919. 808. 631. 480. 465. 453. 453. 362. 264. 115.
924. 811. 713. 601. 507. 526. 349. 295. 169.  55.
975. 863. 745. 638. 562. 443. 369. 252.  89.  14.
909. 845. 770. 669. 589. 434. 304. 227. 131.  72.
893. 775. 651. 546. 491. 449. 416. 362. 251. 116.
874. 935. 805. 649. 549. 449. 339. 199. 116.  35.
912. 886. 760. 682. 596. 425. 302. 209. 125.  53.
900. 780. 755. 681. 519. 504. 324. 219. 184.  84.
