 482.  533.  535.  563.  876. 1013.  682.  266.    0.    0.
503. 584. 721. 769. 867. 921. 404. 160.  21.   0.
 483.  456.  455.  465.  644.  762. 1200.  485.    0.    0.
 460.  469.  505.  487.  616.  731. 1231.  451.    0.    0.
 531.  560.  552.  660.  677. 1031.  863.   76.    0.    0.
 526.  544.  553.  609.  822. 1399.  455.   42.    0.    0.
 464.  532.  659.  722.  853. 1084.  350.  255.   31.    0.
 437.  462.  420.  535.  621.  690. 1294.  491.    0.    0.
 447.  483.  466.  493.  591.  717. 1288.  465.    0.    0.
 461.  552.  710.  746.  998. 1075.  247.  144.   17.    0.
 420.  481.  484.  503.  627.  720. 1268.  447.    0.    0.
 440.  454.  487.  535.  568.  723. 1307.  436.    0.    0.
 433.  457.  471.  527.  600.  806. 1262.  394.    0.    0.
789. 731. 693. 635. 534. 496. 467. 392. 186.  27.
814. 772. 732. 695. 638. 523. 370. 263. 135.   8.
361. 686. 600. 687. 864. 844. 618. 290.   0.   0.
840. 855. 735. 665. 552. 484. 365. 252. 149.  53.
451. 459. 512. 637. 845. 711. 647. 456. 232.   0.
496. 495. 482. 576. 933. 815. 490. 363. 300.   0.
 502.  533.  639. 1015.  853.  516.  752.  140.    0.    0.
452. 487. 490. 573. 882. 908. 571. 343. 244.   0.
438. 466. 497. 638. 858. 835. 594. 405. 219.   0.
 536.  545.  698. 1004.  944.  532.  619.   72.    0.    0.
445. 465. 472. 597. 987. 839. 547. 393. 205.   0.
 470.  472.  469.  617. 1011.  882.  632.  322.   75.    0.
 493.  540.  639. 1060.  910.  609.  616.   83.    0.    0.
429. 487. 498. 628. 904. 886. 599. 406. 113.   0.
478. 444. 491. 597. 978. 839. 568. 352. 203.   0.
493. 571. 636. 933. 819. 582. 821.  95.   0.   0.
 462.  425.  498.  506.  578.  705. 1302.  474.    0.    0.
 430.  435.  491.  515.  575.  735. 1290.  479.    0.    0.
