476. 930. 941. 745. 556. 483. 381. 236. 161.  41.
 482.  697. 1173.  825.  619.  459.  322.  200.  120.   53.
428. 461. 724. 961. 812. 630. 549. 371.  14.   0.
614. 850. 746. 711. 674. 495. 410. 280. 162.   8.
 391.  409.  449.  479.  500.  557. 1142.  745.  260.   18.
 393.  414.  466.  466.  480.  523. 1112.  795.  285.   16.
432. 431. 498. 623. 540. 487. 878. 829. 202.  30.
666. 887. 781. 626. 579. 443. 415. 294. 210.  49.
382. 408. 498. 500. 863. 769. 553. 376. 518.  83.
447. 430. 972. 915. 707. 569. 352. 218. 140. 200.
 405.  405.  473.  526.  583.  542. 1007.  852.  154.    3.
403. 424. 508. 519. 619. 783. 748. 755. 191.   0.
431. 401. 456. 644. 564. 782. 806. 548. 318.   0.
383. 402. 471. 488. 577. 860. 728. 727. 270.  44.
440. 420. 564. 940. 680. 607. 313. 360. 304. 322.
395. 495. 488. 923. 569. 505. 434. 408. 366. 367.
437. 477. 520. 547. 676. 949. 820. 451.  73.   0.
778. 872. 776. 599. 544. 471. 388. 265. 219.  38.
 687.  961. 1015.  896.  615.  459.  228.   80.    9.    0.
510. 945. 844. 659. 566. 456. 392. 306. 226.  46.
584. 781. 997. 785. 649. 465. 315. 238. 125.  11.
617. 807. 970. 761. 583. 464. 361. 233. 134.  20.
836. 917. 833. 565. 536. 394. 356. 260. 199.  54.
639. 979. 949. 844. 576. 506. 337. 119.   1.   0.
 503.  618. 1088.  727.  644.  518.  414.  263.  140.   35.
860. 803. 705. 675. 563. 474. 360. 273. 169.  68.
 566. 1076.  710.  552.  533.  444.  493.  380.  179.   17.
447. 506. 528. 710. 964. 803. 547. 291. 154.   0.
447. 473. 545. 622. 971. 692. 619. 380. 201.   0.
