 462.  458.  500.  512.  598.  748. 1234.  438.    0.    0.
459. 456. 616. 699. 889. 658. 465. 302. 332.  74.
935. 814. 666. 586. 491. 496. 370. 317. 207.  68.
948. 880. 790. 687. 544. 445. 305. 226. 103.  22.
971. 846. 824. 644. 547. 444. 325. 211. 114.  24.
 493.  462.  463.  526.  613.  740. 1191.  462.    0.    0.
436. 533. 571. 665. 775. 603. 502. 437. 374.  54.
949. 825. 623. 562. 520. 475. 432. 339. 187.  38.
905. 877. 754. 676. 539. 439. 377. 194. 122.  67.
992. 901. 742. 645. 548. 459. 297. 218. 126.  22.
 430.  476.  482.  535.  596.  711. 1289.  431.    0.    0.
934. 808. 671. 568. 537. 459. 391. 325. 213.  44.
478. 460. 486. 634. 937. 735. 597. 342. 281.   0.
837. 849. 760. 653. 572. 459. 337. 240. 161.  82.
 444.  456.  491.  521.  585.  712. 1298.  443.    0.    0.
 512.  437.  425.  503.  649.  734. 1226.  464.    0.    0.
407. 490. 570. 675. 958. 650. 514. 340. 295.  51.
965. 908. 763. 627. 550. 468. 342. 227.  85.  15.
972. 806. 652. 563. 523. 471. 432. 320. 178.  33.
883. 814. 736. 626. 582. 433. 357. 257. 181.  81.
 459.  458.  502.  501.  588.  710. 1301.  431.    0.    0.
 421.  479.  539.  663. 1133.  595.  474.  369.  239.   38.
1031.  907.  827.  740.  575.  356.  274.  165.   66.    9.
925. 827. 713. 673. 560. 417. 357. 262. 189.  27.
892. 882. 733. 581. 550. 473. 393. 244. 147.  55.
 441.  417.  530.  500.  574.  712. 1296.  480.    0.    0.
472. 451. 572. 825. 783. 720. 448. 367. 272.  40.
939. 929. 840. 694. 543. 427. 279. 170.  85.  44.
991. 913. 807. 689. 581. 415. 289. 174.  77.  14.
944. 816. 806. 662. 555. 445. 309. 236. 144.  33.
 439.  452.  495.  516.  599.  724. 1276.  449.    0.    0.
 445.  471.  454.  608. 1372.  595.  377.  291.  295.   42.
929. 782. 618. 512. 471. 446. 444. 382. 270.  96.
1062.  727.  729.  714.  460.  466.  442.  236.   95.   19.
951. 906. 864. 695. 551. 409. 284. 143.  99.  48.
