471. 467. 520. 570. 799. 834. 685. 388. 216.   0.
653. 928. 721. 624. 528. 457. 389. 367. 227.  56.
 602. 1181.  985.  750.  543.  448.  219.  144.   72.    6.
 476.  515.  530.  655.  603.  931. 1107.  133.    0.    0.
 598. 1025.  799.  598.  527.  474.  387.  256.  198.   88.
 457.  420.  505.  501.  614.  687. 1320.  446.    0.    0.
 462.  483.  510.  499.  607.  698. 1257.  434.    0.    0.
421. 488. 512. 929. 704. 584. 501. 435. 365.  11.
 438.  473.  471.  541.  695. 1120.  786.  411.   15.    0.
451. 445. 491. 507. 616. 952. 929. 559.   0.   0.
390. 412. 444. 505. 532. 951. 615. 457. 601.  43.
349. 411. 415. 475. 548. 767. 712. 470. 691. 112.
442. 494. 561. 942. 508. 448. 423. 460. 416. 256.
404. 422. 441. 985. 754. 538. 464. 333. 224. 385.
 679. 1008.  760.  681.  539.  477.  357.  286.  141.   22.
927. 929. 788. 703. 571. 418. 310. 188.  94.  22.
 744. 1093.  734.  692.  607.  502.  274.  193.   82.   29.
642. 955. 738. 706. 548. 464. 296. 310. 226.  65.
 616. 1093.  847.  687.  582.  439.  333.  220.  105.   28.
961. 856. 736. 636. 504. 442. 377. 247. 141.  50.
 653. 1052.  781.  613.  541.  510.  375.  250.  126.   49.
627. 973. 768. 695. 610. 449. 317. 225. 191.  95.
 625. 1119.  849.  677.  535.  476.  333.  206.  104.   26.
672. 993. 832. 654. 557. 449. 401. 220. 137.  35.
 635. 1079.  829.  662.  616.  407.  347.  220.  129.   26.
640. 987. 741. 629. 556. 467. 373. 306. 181.  70.
 679. 1069.  816.  677.  586.  412.  330.  234.  115.   32.
725. 915. 703. 582. 547. 474. 380. 352. 218.  54.
852. 851. 769. 619. 611. 420. 333. 230. 165. 100.
658. 933. 702. 542. 506. 484. 428. 337. 218. 142.
 622. 1114.  822.  767.  537.  433.  308.  177.  110.   60.
 641. 1048.  804.  654.  544.  495.  345.  277.  102.   40.
 730. 1058.  754.  590.  544.  498.  443.  227.   88.   18.
700. 998. 717. 642. 536. 445. 404. 324. 151.  33.
 610. 1068.  847.  669.  578.  431.  352.  222.  124.   49.
 671. 1005.  721.  612.  525.  490.  409.  313.  154.   50.
 462.  437.  467.  476.  615.  775. 1330.  388.    0.    0.
 478.  469.  499.  550.  549.  703. 1455.  247.    0.    0.
 451.  459.  512.  522.  596.  724. 1367.  319.    0.    0.
 462.  472.  511.  527.  621.  805. 1138.  414.    0.    0.
 447.  438.  499.  501.  647. 1118.  881.  395.   24.    0.
 449.  469.  456.  508.  607.  750. 1224.  487.    0.    0.
 429.  473.  465.  510.  575.  744. 1203.  551.    0.    0.
 456.  454.  519.  474.  568.  664. 1296.  519.    0.    0.
 427.  458.  471.  507.  590.  746. 1282.  469.    0.    0.
 446.  463.  459.  547.  581.  723. 1279.  452.    0.    0.
 464.  544.  661.  602. 1239.  832.  591.   17.    0.    0.
 499.  550.  612.  525. 1156.  867.  706.   35.    0.    0.
610. 966. 732. 681. 570. 469. 336. 304. 238.  44.
569. 896. 835. 680. 590. 478. 390. 289. 179.  44.
432. 457. 489. 538. 604. 934. 821. 636.  39.   0.
455. 465. 475. 521. 655. 887. 964. 528.   0.   0.
 500.  637. 1062.  853.  663.  472.  340.  240.  142.   41.
 509.  617. 1105.  719.  552.  537.  419.  275.  170.   47.
445. 453. 497. 527. 680. 968. 700. 503. 177.   0.
 432.  456.  495.  542.  658. 1129.  704.  401.  133.    0.
 473.  452.  510.  667. 1248.  754.  447.  263.  136.    0.
 472.  512.  490.  639. 1293.  749.  461.  249.   85.    0.
 457.  439.  481.  540.  550.  757. 1134.  592.    0.    0.
463. 487. 488. 499. 567. 761. 988. 697.   0.   0.
455. 492. 535. 555. 610. 755. 662. 639. 247.   0.
 454.  454.  487.  522.  594.  737. 1143.  559.    0.    0.
