426. 591. 438. 585. 875. 728. 739. 495.  73.   0.
 434.  496.  477.  545.  845. 1153.  660.  294.   46.    0.
495. 614. 804. 963. 678. 575. 450. 267.  96.   8.
 451.  432.  495.  544.  592.  959. 1042.  435.    0.    0.
550. 605. 576. 640. 482. 450. 417. 532. 698.   0.
542. 723. 926. 732. 587. 452. 423. 348. 188.  29.
 478.  654. 1162.  739.  584.  475.  351.  302.  168.   37.
491. 556. 653. 964. 720. 536. 404. 346. 222.  58.
407. 441. 464. 477. 573. 871. 662. 565. 490.   0.
462. 540. 743. 999. 687. 534. 450. 333. 179.  23.
437. 387. 517. 477. 708. 934. 680. 520. 290.   0.
822. 694. 701. 564. 545. 474. 463. 358. 291.  38.
418. 741. 783. 687. 663. 582. 698. 378.   0.   0.
653. 677. 757. 560. 594. 473. 383. 421. 336.  96.
699. 699. 941. 661. 491. 347. 375. 368. 367.   2.
950. 851. 775. 640. 559. 471. 359. 195. 132.  18.
538. 579. 607. 682. 780. 762. 498. 481.  23.   0.
474. 590. 521. 803. 871. 716. 518. 416.  41.   0.
 431.  451.  474.  540.  614.  872. 1159.  409.    0.    0.
 486.  475.  473.  517.  612.  882. 1120.  385.    0.    0.
440. 461. 515. 862. 839. 626. 610. 381. 176.  40.
437. 503. 609. 747. 863. 637. 422. 455. 245.  32.
268. 618. 797. 804. 826. 751. 495. 330.  54.   7.
319. 629. 878. 905. 757. 604. 447. 321.  79.  11.
