477. 507. 605. 706. 895. 809. 504. 223. 184.  40.
382. 529. 623. 751. 937. 871. 516. 217.  93.  31.
475. 552. 480. 846. 992. 602. 544. 378.  81.   0.
477. 868. 770. 718. 589. 501. 326. 274. 320. 107.
 545. 1054.  792.  679.  571.  446.  339.  293.  181.   50.
 477. 1058.  804.  647.  552.  484.  399.  285.  172.   72.
453. 544. 549. 954. 898. 524. 508. 459.  61.   0.
487. 917. 892. 686. 623. 479. 334. 234. 187. 111.
 612. 1120.  727.  577.  505.  484.  418.  301.  164.   42.
439. 570. 584. 999. 588. 551. 408. 430. 359.  22.
441. 655. 994. 909. 978. 663. 218.  78.  14.   0.
466. 608. 961. 824. 991. 717. 252. 102.  29.   0.
928. 859. 760. 685. 577. 414. 299. 241. 144.  43.
499. 578. 670. 837. 727. 612. 477. 511.  39.   0.
458. 601. 647. 960. 899. 581. 440. 346.  18.   0.
 487.  546.  529.  643. 1113.  756.  547.  200.   95.   34.
