 423.  472.  491.  667.  635.  816. 1203.  243.    0.    0.
 424.  681.  720. 1053.  734.  558.  416.  234.  111.   19.
 512.  592. 1015.  692.  573.  514.  377.  370.  234.   71.
425. 574. 737. 809. 713. 601. 580. 268. 243.   0.
425. 540. 792. 854. 819. 601. 456. 315. 140.   8.
435. 462. 483. 547. 611. 864. 848. 700.   0.   0.
 470.  457.  527.  503.  592.  793. 1083.  525.    0.    0.
 728. 1002.  830.  645.  544.  479.  347.  218.  121.   36.
502. 424. 486. 561. 521. 663. 960. 833.   0.   0.
 447.  475.  479.  552.  585.  716. 1080.  616.    0.    0.
823. 939. 695. 600. 524. 504. 402. 296. 126.  41.
 468.  509.  553.  604.  710. 1142.  565.  399.    0.    0.
895. 950. 819. 676. 529. 435. 303. 194. 109.  40.
426. 781. 827. 678. 613. 613. 513. 298. 165.  36.
 560.  805. 1065.  865.  582.  499.  276.  189.   81.   28.
 309.  733. 1055.  993.  796.  561.  303.  135.   50.   15.
 384.  662.  862. 1037.  946.  689.  325.   45.    0.    0.
 433.  777.  890. 1004.  892.  636.  271.   47.    0.    0.
 401.  929. 1053.  817.  596.  468.  321.  224.  101.   40.
477. 916. 863. 732. 585. 499. 355. 229. 202.  92.
 446.  678.  737.  808. 1301.  742.  232.    6.    0.    0.
904. 860. 731. 670. 544. 439. 364. 249. 137.  52.
933. 772. 658. 618. 498. 476. 363. 350. 219.  63.
946. 835. 763. 661. 584. 436. 345. 215. 127.  38.
940. 856. 792. 689. 557. 435. 311. 231. 123.  16.
 435.  475.  436.  548.  609.  804. 1162.  481.    0.    0.
 469.  438.  474.  478.  578.  757. 1365.  391.    0.    0.
 463.  482.  473.  531.  650. 1065.  566.  565.  155.    0.
 484.  556.  586. 1274.  667.  594.  415.  365.    9.    0.
 556.  498.  581. 1134.  817.  479.  389.  442.   54.    0.
438. 464. 935. 812. 553. 538. 475. 265. 278. 192.
413. 468. 859. 790. 589. 520. 390. 356. 252. 313.
 472.  535.  803. 1282.  704.  579.  272.  292.   11.    0.
 476.  512.  761. 1188.  723.  491.  455.  322.   22.    0.
 460.  504. 1145.  783.  736.  400.  426.  266.  230.    0.
 468.  584. 1161.  822.  610.  539.  361.  256.  117.   32.
460. 513. 770. 793. 730. 680. 449. 421. 134.   0.
447. 556. 677. 799. 881. 594. 350. 398. 231.  17.
476. 478. 483. 470. 613. 907. 929. 594.   0.   0.
 429.  448.  485.  509.  615.  811. 1131.  522.    0.    0.
715. 996. 780. 660. 565. 456. 353. 241. 160.  24.
 445.  449.  485.  521.  601.  828. 1276.  345.    0.    0.
 442.  467.  501.  510.  559.  705. 1081.  685.    0.    0.
787. 937. 753. 628. 513. 498. 383. 243. 166.  42.
486. 497. 529. 686. 859. 838. 546. 509.   0.   0.
840. 920. 718. 642. 513. 449. 366. 262. 157.  83.
 484.  517.  599. 1183.  721.  531.  404.  488.   23.    0.
 489.  481.  652. 1395.  696.  551.  323.  330.   33.    0.
440. 458. 779. 758. 596. 524. 400. 349. 296. 350.
439. 538. 843. 717. 538. 473. 362. 359. 300. 381.
 471.  536.  743. 1154.  734.  548.  345.  390.   29.    0.
542. 588. 738. 709. 525. 421. 645. 759.  23.   0.
 481.  548. 1044.  710.  591.  439.  434.  445.  258.    0.
 431.  435.  478.  513.  586.  723. 1155.  629.    0.    0.
532. 918. 744. 654. 618. 533. 373. 352. 214.  12.
 486.  482.  504.  516.  598.  709. 1146.  509.    0.    0.
 447.  459.  430.  516.  583.  721. 1411.  383.    0.    0.
 445.  448.  539. 1003.  699.  557.  437.  259.  318.  245.
918. 780. 736. 658. 569. 412. 365. 252. 187.  73.
908. 859. 776. 642. 554. 433. 344. 246. 136.  52.
947. 877. 782. 686. 589. 390. 291. 180. 144.  64.
1009.  917.  920.  656.  588.  344.  293.  133.   62.   28.
904. 856. 732. 659. 585. 434. 329. 251. 140.  60.
934. 777. 656. 491. 490. 493. 430. 372. 207. 100.
1018.  887.  762.  712.  533.  395.  342.  206.   75.   20.
440. 450. 441. 529. 605. 820. 956. 709.   0.   0.
446. 437. 483. 557. 620. 897. 982. 528.   0.   0.
 456.  482.  479.  507.  579.  748. 1080.  619.    0.    0.
 440.  439.  538.  554.  765. 1052.  599.  390.  173.    0.
445. 482. 478. 535. 779. 871. 662. 518. 180.   0.
 541.  566.  478.  498.  530.  569.  621. 1119.   28.    0.
 431.  453.  481.  537.  563.  815. 1096.  574.    0.    0.
450. 492. 994. 717. 589. 527. 421. 343. 360.  57.
 449.  590. 1052.  789.  576.  513.  440.  276.  248.   17.
 428.  626. 1058.  716.  569.  586.  416.  278.  214.   59.
 444. 1084.  749.  719.  610.  466.  359.  290.  162.   67.
556. 714. 788. 728. 512. 476. 439. 384. 316.  37.
 473.  544. 1075.  978.  645.  538.  354.  198.  133.   12.
 444.  478.  469.  516.  616.  749. 1015.  663.    0.    0.
566. 663. 966. 807. 593. 458. 486. 288. 120.   3.
531. 594. 758. 952. 656. 459. 336. 352. 261.  51.
 453.  462.  476.  511.  564.  708. 1278.  498.    0.    0.
 591. 1058.  763.  663.  556.  478.  376.  264.  146.   55.
608. 806. 701. 619. 566. 451. 483. 342. 245. 129.
 613. 1017.  660.  717.  640.  423.  313.  312.  220.   35.
 430.  463. 1033.  914.  654.  500.  374.  290.  157.  135.
 450.  417.  476. 1115.  705.  536.  403.  372.  210.  266.
498. 560. 939. 788. 527. 480. 555. 363. 210.  30.
 448.  476.  475.  505.  586.  825. 1156.  479.    0.    0.
 554.  791. 1049.  780.  652.  425.  341.  217.  139.    2.
512. 679. 963. 787. 611. 487. 437. 283. 154.  37.
 477.  460.  495.  512.  566.  744. 1346.  350.    0.    0.
 585. 1073.  814.  715.  570.  422.  352.  218.  133.   68.
634. 779. 669. 585. 550. 475. 436. 406. 311. 105.
 553. 1105.  800.  719.  595.  410.  315.  269.  151.   33.
425. 455. 848. 797. 575. 522. 445. 316. 278. 289.
 425.  469.  517. 1111.  565.  612.  461.  341.  265.  184.
