432. 438. 483. 527. 611. 991. 857. 487. 124.   0.
 447.  494.  530.  569.  727. 1130.  711.  342.    0.    0.
467. 463. 504. 543. 778. 921. 783. 484.   7.   0.
 480.  439.  533.  572.  763. 1002.  694.  467.    0.    0.
581. 987. 754. 583. 555. 477. 383. 324. 197. 109.
428. 459. 461. 488. 540. 977. 724. 592. 281.   0.
826. 870. 735. 588. 592. 446. 385. 283. 180.  45.
 428.  474. 1010.  728.  537.  476.  409.  358.  340.  190.
 438.  477.  484.  548.  631.  952. 1035.  385.    0.    0.
 458.  498.  483.  577.  663. 1046.  980.  245.    0.    0.
 432.  461.  522.  527.  685. 1111.  747.  433.   32.    0.
 524.  506.  491.  478.  685. 1282.  628.  354.    2.    0.
609. 619. 542. 560. 575. 641. 762. 642.   0.   0.
626. 610. 589. 598. 568. 616. 678. 665.   0.   0.
796. 821. 755. 628. 578. 439. 393. 234. 217.  89.
466. 526. 519. 519. 689. 881. 587. 553. 210.   0.
469. 521. 542. 569. 794. 849. 678. 484.  44.   0.
717. 570. 611. 498. 622. 524. 552. 631. 225.   0.
 893. 1001.  791.  677.  511.  410.  255.  233.  138.   41.
676. 714. 622. 627. 586. 546. 476. 504. 199.   0.
 433.  455.  498.  509.  727. 1149.  728.  361.   90.    0.
443. 499. 557. 566. 730. 940. 664. 511.  40.   0.
936. 727. 725. 566. 538. 391. 413. 259. 283. 112.
 492.  551.  595.  610.  706.  749. 1163.   84.    0.    0.
333. 651. 983. 993. 980. 456. 474.  80.   0.   0.
 475.  457.  497.  575.  722. 1159.  758.  307.    0.    0.
 405.  647.  964. 1094.  868.  418.  308.  236.   10.    0.
638. 951. 736. 728. 659. 491. 330. 241. 143.  33.
 535. 1003.  772.  670.  562.  558.  416.  274.  145.   15.
 509.  492.  516.  728. 1087.  645.  546.  357.   70.    0.
 461.  579.  614.  861. 1022.  646.  480.  244.   43.    0.
446. 468. 455. 550. 702. 948. 722. 523. 136.   0.
 450.  481.  504.  561.  720. 1136.  613.  420.   65.    0.
 445.  450.  502.  508.  612.  838. 1095.  500.    0.    0.
468. 471. 469. 518. 627. 868. 889. 640.   0.   0.
 623.  599.  600.  522.  612.  698. 1244.   52.    0.    0.
 599.  684.  601.  657.  639. 1056.  707.    7.    0.    0.
675. 602. 561. 563. 521. 534. 600. 893.   1.   0.
644. 711. 670. 616. 657. 717. 653. 277.   5.   0.
 405.  458.  524.  581.  617.  731. 1069.  499.   66.    0.
 417.  452.  495.  540.  754. 1140.  622.  336.  194.    0.
580. 615. 581. 573. 600. 618. 966. 417.   0.   0.
 571.  628.  582.  618.  614.  692. 1051.  194.    0.    0.
685. 609. 611. 585. 587. 609. 681. 583.   0.   0.
646. 599. 581. 565. 599. 694. 989. 277.   0.   0.
