 494.  449.  476.  518.  549.  711. 1301.  452.    0.    0.
631. 901. 833. 618. 532. 503. 391. 411. 130.   0.
567. 900. 898. 695. 579. 506. 384. 298. 122.   1.
639. 905. 895. 647. 525. 465. 423. 358.  93.   0.
 562. 1034.  900.  673.  564.  505.  369.  227.  112.    4.
508. 945. 998. 754. 570. 456. 328. 227. 147.  17.
583. 839. 779. 782. 630. 495. 304. 331. 181.  26.
563. 816. 875. 719. 601. 438. 412. 321. 180.  25.
578. 802. 836. 698. 549. 517. 445. 308. 193.  24.
585. 889. 897. 818. 631. 473. 346. 163. 148.   0.
616. 941. 850. 807. 659. 470. 345. 227.  35.   0.
 430.  452.  498.  528.  588.  717. 1298.  439.    0.    0.
644. 863. 885. 698. 686. 537. 354. 233.  50.   0.
598. 818. 949. 750. 620. 517. 295. 318.  84.   1.
 629. 1003.  950.  856.  648.  431.  250.  134.   49.    0.
590. 856. 865. 648. 706. 418. 386. 284. 188.   9.
582. 843. 879. 697. 597. 541. 405. 295. 111.   0.
565. 887. 954. 682. 547. 452. 411. 233. 187.  32.
556. 845. 839. 736. 630. 528. 394. 291. 118.  13.
622. 909. 794. 721. 598. 519. 386. 265. 119.  17.
612. 782. 773. 697. 712. 444. 420. 356. 154.   0.
637. 894. 992. 689. 590. 586. 269. 258.  35.   0.
