511. 502. 504. 534. 548. 940. 841. 445. 125.   0.
 357.  649.  643.  953. 1045.  749.  421.   75.   58.    0.
447. 438. 541. 599. 967. 720. 724. 394. 120.   0.
665. 652. 629. 643. 715. 884. 343. 271. 148.   0.
 503.  494.  568.  699.  842.  723. 1072.   49.    0.    0.
 475.  476.  532.  772. 1043.  713.  905.   34.    0.    0.
435. 505. 502. 824. 788. 918. 939.  39.   0.   0.
 468.  468.  529.  679.  733.  830. 1126.  117.    0.    0.
 465.  507.  524.  701.  739.  853. 1083.   78.    0.    0.
 420.  469.  559.  858.  784.  756. 1005.   99.    0.    0.
438. 493. 586. 724. 919. 804. 914.  72.   0.   0.
453. 499. 567. 833. 840. 760. 910.  88.   0.   0.
436. 488. 557. 750. 843. 868. 825. 183.   0.   0.
415. 466. 556. 664. 846. 752. 921. 330.   0.   0.
 449.  493.  464.  601.  689.  859. 1050.  345.    0.    0.
470. 431. 488. 750. 984. 665. 988. 174.   0.   0.
449. 483. 512. 771. 938. 670. 933. 194.   0.   0.
411. 508. 519. 762. 777. 766. 965. 242.   0.   0.
449. 520. 517. 748. 948. 872. 717. 179.   0.   0.
425. 507. 468. 732. 901. 818. 917. 182.   0.   0.
