893. 819. 803. 632. 585. 437. 380. 248. 128.  25.
831. 817. 727. 647. 567. 444. 367. 305. 188.  57.
497. 578. 959. 766. 596. 480. 400. 341. 333.   0.
 572.  479.  498.  533. 1188.  999.  305.  254.  122.    0.
 472.  504.  457.  569.  631. 1032.  948.  337.    0.    0.
 461.  512.  518.  589.  604.  921. 1164.  181.    0.    0.
512. 575. 598. 792. 964. 656. 776.  77.   0.   0.
 482.  547.  620. 1036.  926.  640.  626.   73.    0.    0.
 540.  642.  788. 1099.  781.  455.  303.  193.  140.    9.
605. 657. 737. 851. 749. 520. 404. 294. 129.   4.
766. 890. 795. 675. 652. 374. 337. 213. 202.  46.
590. 672. 897. 899. 811. 556. 296. 153.  76.   0.
539. 660. 862. 965. 832. 466. 341. 197.  88.   0.
748. 953. 803. 690. 537. 452. 367. 232. 147.  21.
 548. 1099.  785.  708.  600.  442.  353.  270.  145.    0.
956. 814. 766. 740. 492. 463. 302. 200. 145.  72.
458. 458. 573. 832. 927. 655. 509. 340. 198.   0.
940. 837. 729. 669. 538. 429. 396. 248. 132.  32.
446. 462. 538. 630. 968. 740. 554. 383. 229.   0.
 494.  460.  493.  665. 1208.  569.  529.  450.   82.    0.
 568.  546. 1235.  901.  703.  462.  235.  198.   99.    3.
 441.  450.  512.  600. 1192.  675.  534.  350.  196.    0.
544. 566. 926. 780. 656. 514. 388. 301. 242.  33.
