 428.  465.  499.  526.  613.  815. 1143.  461.    0.    0.
 442.  452.  458.  545.  629.  659. 1348.  417.    0.    0.
 421.  456.  490.  502.  586.  736. 1314.  445.    0.    0.
 418.  470.  468.  513.  572.  752. 1345.  412.    0.    0.
 489.  434.  454.  508.  585.  745. 1327.  408.    0.    0.
 450.  514.  529.  560.  734. 1297.  611.  255.    0.    0.
 478.  510.  467.  563. 1050.  993.  589.  249.   51.    0.
 417.  445.  513.  497.  621.  781. 1116.  560.    0.    0.
 445.  465.  534.  491.  631.  723. 1145.  516.    0.    0.
 470.  484.  531.  598.  700. 1188.  740.  239.    0.    0.
458. 469. 489. 628. 848. 908. 650. 316. 184.   0.
 423.  447.  493.  537.  581.  800. 1109.  560.    0.    0.
 423.  477.  467.  513.  609.  731. 1112.  618.    0.    0.
