 423.  568.  572.  672. 1033.  893.  424.  258.   97.   10.
384. 556. 548. 642. 984. 879. 478. 274. 152.  53.
 471.  654.  728.  890. 1213.  763.  231.    0.    0.    0.
 543.  671.  660.  832. 1186.  822.  236.    0.    0.    0.
523. 959. 762. 735. 621. 452. 298. 304. 256.  40.
438. 484. 931. 811. 673. 505. 385. 370. 275.  78.
 474.  542. 1070.  837.  618.  494.  385.  328.  152.   50.
 410.  514.  598.  573.  709. 1137.  656.  259.   94.    0.
 472.  625. 1071.  698.  537.  536.  390.  366.  206.   49.
483. 479. 826. 897. 719. 465. 477. 354. 200.  50.
 431.  490.  484.  552.  568. 1247.  813.  315.   50.    0.
 423.  428.  511. 1176.  769.  574.  426.  257.  315.   71.
397. 498. 535. 543. 850. 835. 735. 457. 100.   0.
419. 474. 476. 483. 602. 992. 775. 563. 166.   0.
984. 768. 648. 521. 504. 517. 423. 313. 220.  52.
426. 575. 572. 684. 852. 863. 601. 265.  93.  19.
