339. 446. 845. 939. 688. 707. 436. 366. 184.   0.
 456.  501.  461.  552.  701. 1086.  627.  369.  197.    0.
447. 429. 537. 606. 767. 988. 604. 432. 140.   0.
283. 454. 877. 889. 849. 748. 475. 278.  89.   8.
 452.  475.  536.  689.  674. 1021.  599.  329.  144.   31.
 485.  535.  519.  715.  854. 1153.  498.  178.   13.    0.
783. 813. 801. 638. 595. 488. 387. 265. 154.  26.
790. 752. 675. 644. 513. 512. 435. 346. 283.   0.
385. 608. 782. 853. 879. 563. 514. 274.  92.   0.
524. 724. 738. 639. 930. 930. 439.  26.   0.   0.
444. 974. 985. 887. 844. 593. 215.   8.   0.   0.
 462.  529.  712. 1083.  755.  648.  481.  212.   68.    0.
713. 958. 749. 618. 535. 466. 430. 282. 140.  59.
 480.  500. 1014.  780.  632.  507.  427.  346.  264.    0.
520. 643. 602. 562. 697. 758. 724. 403.  41.   0.
 561. 1062.  931.  805.  627.  439.  333.  169.   23.    0.
 477.  571.  746. 1012.  765.  444.  361.  340.  229.    5.
419. 469. 507. 777. 821. 847. 449. 360. 301.   0.
 551. 1036.  693.  586.  528.  485.  411.  389.  191.   80.
 609.  673. 1024.  761.  590.  519.  271.  270.  180.   53.
732. 771. 689. 686. 510. 549. 358. 293. 264.  98.
818. 720. 643. 647. 618. 549. 400. 303. 225.  27.
4.240e+02 4.980e+02 5.560e+02 7.340e+02 1.071e+03 6.520e+02 5.420e+02
 3.300e+02 1.420e+02 1.000e+00
472. 511. 794. 839. 584. 623. 457. 471. 193.   6.
507. 553. 699. 833. 616. 477. 482. 454. 304.  25.
413. 466. 487. 539. 652. 953. 780. 645.  15.   0.
319. 647. 770. 858. 928. 738. 409. 258.  23.   0.
 501. 1070.  795.  614.  550.  469.  420.  313.  180.   38.
 484.  540. 1110.  854.  669.  510.  386.  238.  122.   37.
466. 844. 831. 726. 614. 546. 432. 301. 190.   0.
