 432.  474.  488.  510.  570.  725. 1448.  303.    0.    0.
 451.  441.  499.  499.  592.  740. 1373.  355.    0.    0.
 436.  436.  519.  489.  610.  718. 1285.  457.    0.    0.
 459.  442.  523.  517.  560.  716. 1315.  418.    0.    0.
 451.  437.  487.  509.  590.  735. 1304.  437.    0.    0.
 434.  468.  524.  491.  583.  694. 1260.  496.    0.    0.
 451.  480.  464.  481.  562.  709. 1398.  405.    0.    0.
 425.  458.  473.  508.  586.  740. 1322.  438.    0.    0.
 480.  419.  486.  557.  601.  684. 1327.  396.    0.    0.
 429.  478.  461.  549.  570.  732. 1294.  437.    0.    0.
 435.  428.  485.  523.  590.  702. 1340.  447.    0.    0.
 429.  458.  496.  515.  587.  711. 1323.  431.    0.    0.
 446.  446.  498.  544.  543.  722. 1301.  450.    0.    0.
 446.  460.  471.  521.  600.  711. 1323.  418.    0.    0.
 458.  443.  422.  525.  606.  711. 1340.  445.    0.    0.
 477.  450.  446.  472.  592.  785. 1295.  433.    0.    0.
 447.  467.  430.  525.  603.  704. 1323.  451.    0.    0.
 433.  429.  511.  470.  621.  708. 1367.  411.    0.    0.
 469.  423.  509.  518.  557.  692. 1299.  483.    0.    0.
 456.  470.  464.  524.  579.  678. 1321.  458.    0.    0.
 427.  472.  485.  515.  585.  711. 1317.  438.    0.    0.
 478.  453.  458.  510.  572.  718. 1283.  478.    0.    0.
 466.  457.  434.  484.  565.  752. 1363.  429.    0.    0.
 420.  489.  468.  497.  592.  710. 1309.  465.    0.    0.
 448.  428.  478.  516.  575.  714. 1310.  481.    0.    0.
 463.  442.  504.  524.  578.  701. 1301.  437.    0.    0.
 437.  497.  500.  486.  581.  674. 1325.  450.    0.    0.
515. 714. 746. 764. 935. 540. 346. 217. 162.  11.
 488.  581.  665.  825. 1008.  565.  365.  283.  164.    6.
448. 455. 482. 606. 803. 956. 734. 333. 133.   0.
518. 593. 615. 614. 859. 666. 518. 339. 228.   0.
541. 645. 661. 672. 906. 580. 470. 315. 153.   7.
446. 473. 467. 601. 770. 947. 735. 404. 107.   0.
588. 624. 635. 581. 959. 599. 464. 363. 132.   5.
543. 608. 766. 838. 892. 541. 348. 266. 148.   0.
 416.  466.  520.  571.  760. 1087.  600.  402.  128.    0.
537. 710. 744. 855. 879. 540. 421. 189.  75.   0.
 392.  762.  861. 1101.  853.  429.  310.  172.   70.    0.
 486.  621.  705.  766. 1050.  566.  415.  230.  111.    0.
 410.  825.  918. 1044.  711.  434.  286.  214.  108.    0.
562. 538. 506. 652. 989. 508. 474. 398. 306.  17.
365. 804. 864. 988. 750. 469. 383. 228.  97.   2.
493. 595. 643. 734. 900. 652. 405. 325. 199.   4.
423. 723. 865. 890. 788. 479. 356. 311. 115.   0.
498. 631. 738. 836. 963. 573. 339. 264. 108.   0.
 500.  462.  477.  565.  629. 1287.  603.  293.  134.    0.
490. 586. 596. 764. 844. 548. 461. 417. 237.   7.
460. 477. 522. 680. 701. 926. 726. 358. 100.   0.
472. 586. 637. 748. 992. 596. 472. 277. 144.  26.
 448.  446.  519.  562.  672. 1017.  637.  476.  173.    0.
553. 516. 570. 735. 903. 620. 376. 427. 246.   4.
 472.  507.  496.  507.  718. 1200.  673.  322.   55.    0.
531. 592. 606. 702. 961. 616. 427. 342. 165.   8.
 445.  450.  505.  540.  758. 1104.  569.  464.  115.    0.
 488.  610.  641.  781. 1136.  620.  382.  206.   86.    0.
490. 532. 524. 567. 651. 820. 675. 531. 160.   0.
