 449.  844. 1023.  955.  885.  493.  255.   46.    0.    0.
 425.  866. 1090. 1176.  700.  369.  289.   35.    0.    0.
444. 618. 570. 707. 887. 914. 712.  98.   0.   0.
421. 683. 804. 892. 993. 763. 373.  21.   0.   0.
 504.  962. 1190. 1081.  639.  443.  128.    3.    0.    0.
 530.  774. 1034. 1078.  620.  535.  345.   34.    0.    0.
 372.  634.  604.  761. 1023.  845.  617.   94.    0.    0.
 451.  744. 1137. 1226.  707.  545.  121.   19.    0.    0.
454. 952. 889. 678. 550. 433. 352. 590.  52.   0.
463. 818. 852. 684. 586. 504. 528. 381. 134.   0.
361. 754. 845. 858. 850. 643. 503. 107.  29.   0.
449. 861. 757. 772. 784. 570. 393. 302.  62.   0.
305. 629. 787. 927. 811. 740. 475. 175.  83.  18.
328. 508. 632. 659. 975. 862. 569. 233. 134.  50.
346. 600. 545. 656. 852. 999. 769. 183.   0.   0.
373. 678. 778. 941. 849. 463. 342. 461.  65.   0.
441. 662. 692. 740. 822. 748. 450. 373.  22.   0.
 475.  883. 1147. 1068.  650.  504.  216.    7.    0.    0.
429. 715. 820. 943. 737. 706. 518.  82.   0.   0.
600. 971. 783. 553. 774. 709. 544.  16.   0.   0.
 514.  718.  744. 1093. 1043.  689.  149.    0.    0.    0.
 508.  950. 1006. 1068.  764.  515.  123.   16.    0.    0.
 403.  823. 1074. 1099.  898.  478.  150.   25.    0.    0.
470. 863. 901. 929. 753. 686. 312.  36.   0.   0.
437. 737. 836. 889. 804. 499. 416. 273.  59.   0.
393. 654. 855. 852. 578. 577. 690. 319.  23.   9.
 415.  793. 1019.  961.  808.  503.  297.  154.    0.    0.
3.160e+02 6.650e+02 7.420e+02 1.066e+03 8.610e+02 5.040e+02 3.440e+02
 3.250e+02 1.260e+02 1.000e+00
401. 585. 583. 639. 716. 778. 838. 403.   7.   0.
282. 645. 578. 684. 870. 848. 693. 327.  23.   0.
276. 537. 737. 874. 769. 588. 510. 422. 206.  31.
 339.  632.  787. 1018.  954.  516.  260.  258.  160.   26.
336. 565. 690. 710. 967. 829. 641. 212.   0.   0.
 384.  659.  875. 1022.  899.  599.  389.  113.   10.    0.
523. 880. 852. 816. 509. 358. 397. 544.  71.   0.
371. 807. 836. 786. 510. 542. 431. 446. 219.   2.
 375.  820. 1009.  896.  765.  579.  404.   90.   12.    0.
415. 729. 777. 691. 649. 632. 519. 440.  98.   0.
350. 710. 842. 989. 896. 727. 306.  92.  38.   0.
 328.  689.  952.  937. 1049.  556.  315.   98.   26.    0.
 339.  583.  564.  663.  841. 1010.  734.  216.    0.    0.
 431.  848.  950. 1214.  592.  405.  337.  173.    0.    0.
 472.  616.  718.  781. 1013.  746.  344.  248.   12.    0.
 494.  914. 1267. 1031.  598.  501.  132.   13.    0.    0.
436. 732. 871. 896. 653. 705. 577.  80.   0.   0.
532. 785. 883. 700. 823. 612. 549.  66.   0.   0.
 455.  636.  612.  851. 1171.  745.  430.   50.    0.    0.
439. 748. 734. 875. 943. 654. 424. 133.   0.   0.
3.850e+02 7.330e+02 9.490e+02 1.177e+03 8.460e+02 5.230e+02 2.710e+02
 6.500e+01 1.000e+00 0.000e+00
383. 599. 808. 785. 770. 665. 498. 329. 103.  10.
449. 768. 958. 985. 615. 421. 372. 352.  30.   0.
392. 601. 786. 987. 676. 606. 585. 288.  29.   0.
514. 853. 917. 973. 773. 607. 256.  57.   0.   0.
 416.  783. 1073. 1017.  746.  526.  375.   14.    0.    0.
467. 627. 628. 697. 776. 848. 759. 148.   0.   0.
 494.  771.  861. 1118. 1025.  531.  150.    0.    0.    0.
 489.  807. 1020. 1066.  630.  708.  220.   10.    0.    0.
486. 666. 742. 955. 632. 449. 490. 503.  27.   0.
357. 582. 650. 749. 772. 895. 817. 128.   0.   0.
388. 635. 960. 988. 680. 716. 527.  44.  12.   0.
608. 744. 846. 720. 535. 440. 401. 610.  46.   0.
436. 770. 800. 895. 803. 588. 295. 283.  80.   0.
486. 935. 924. 855. 821. 563. 282.  84.   0.   0.
535. 736. 733. 930. 875. 980. 138.  23.   0.   0.
 507.  978.  932. 1071.  871.  441.  136.   14.    0.    0.
 459.  791.  788. 1301.  837.  545.  177.   52.    0.    0.
387. 596. 620. 593. 795. 975. 866. 118.   0.   0.
 487.  826.  916. 1111.  547.  360.  618.   85.    0.    0.
354. 596. 659. 781. 968. 900. 327. 313.  52.   0.
276. 636. 828. 999. 827. 555. 501. 271.  46.  11.
341. 592. 685. 870. 804. 657. 448. 449.  98.   6.
418. 737. 810. 608. 554. 659. 560. 515.  89.   0.
 480.  701.  772.  807. 1035.  730.  397.   28.    0.    0.
 533.  869. 1002. 1092.  859.  479.  108.    8.    0.    0.
 530.  893. 1370. 1114.  704.  265.   65.    9.    0.    0.
468. 757. 805. 978. 908. 521. 403. 109.   1.   0.
396. 740. 908. 775. 675. 635. 403. 357.  61.   0.
323. 596. 719. 727. 616. 560. 534. 649. 207.  19.
