359. 357. 462. 460. 474. 793. 753. 490. 680. 122.
4.410e+02 4.600e+02 4.900e+02 1.083e+03 7.000e+02 6.730e+02 4.550e+02
 3.840e+02 2.630e+02 1.000e+00
 460.  515.  510. 1008.  781.  528.  447.  398.  303.    0.
 424.  452. 1048.  715.  547.  449.  407.  415.  213.  280.
404. 472. 973. 697. 556. 458. 418. 352. 299. 321.
 375.  393.  383.  467.  544.  576.  482. 1363.  323.   44.
 366.  373.  411.  431.  497.  518.  737. 1085.  429.  103.
388. 375. 351. 445. 483. 470. 906. 920. 442. 170.
359. 413. 411. 502. 513. 546. 858. 919. 354.  75.
 451.  455.  484.  508.  552.  764. 1347.  389.    0.    0.
459. 503. 688. 649. 591. 570. 541. 418. 502.  29.
777. 843. 647. 607. 598. 443. 368. 340. 252.  75.
 475. 1022.  667.  629.  551.  466.  345.  346.  265.  184.
599. 955. 722. 628. 516. 449. 434. 306. 184. 157.
477. 987. 681. 640. 635. 466. 302. 310. 252. 200.
 487. 1100.  720.  651.  637.  411.  310.  241.  231.  162.
 700. 1027.  806.  725.  599.  396.  321.  184.  144.   48.
412. 484. 489. 798. 991. 630. 564. 345. 237.   0.
 435.  484.  505.  858. 1005.  637.  444.  320.  262.    0.
477. 469. 446. 525. 727. 959. 643. 594. 110.   0.
 452.  465.  466.  511.  599.  883. 1045.  529.    0.    0.
474. 513. 566. 545. 680. 723. 599. 609. 241.   0.
 466.  489.  473.  552.  698. 1304.  498.  379.   91.    0.
 429.  480.  477.  533.  592.  779. 1076.  584.    0.    0.
463. 444. 484. 618. 717. 908. 729. 435. 152.   0.
 448.  450.  524.  505.  545.  722. 1207.  549.    0.    0.
 437.  414.  499.  525.  591.  715. 1334.  435.    0.    0.
 421.  437.  496.  528.  595.  786. 1184.  503.    0.    0.
 472.  448.  515.  591. 1228.  716.  417.  317.  246.    0.
362. 374. 412. 419. 479. 534. 924. 920. 397. 129.
 358.  398.  388.  434.  464.  486.  830. 1031.  420.  141.
 368.  371.  409.  451.  488.  560.  749. 1037.  418.   99.
 378.  440.  440.  483.  440.  536.  673. 1017.  448.   95.
 342.  390.  433.  465.  538.  497.  859. 1012.  328.   86.
 366.  380.  402.  492.  565.  558.  798. 1034.  302.   53.
 361.  444.  416.  384.  482.  543.  704. 1120.  403.   93.
 353.  404.  433.  433.  494.  483.  529. 1327.  407.   87.
343. 413. 437. 440. 472. 769. 759. 517. 680. 120.
 483.  513.  616. 1147.  823.  544.  355.  221.  165.   83.
 436.  478.  606. 1058.  945.  563.  417.  274.  146.   27.
 439.  469.  555. 1067.  800.  582.  426.  324.  259.   29.
 472.  515.  641. 1114.  833.  516.  336.  295.  183.   45.
487. 460. 842. 941. 666. 518. 399. 384. 186.  67.
477. 489. 634. 898. 754. 579. 437. 370. 289.  23.
 446.  482.  538. 1227.  773.  622.  318.  270.  202.   72.
 504.  506.  625. 1080.  730.  575.  325.  289.  247.   69.
496. 604. 787. 644. 657. 580. 532. 416. 228.   6.
473. 497. 490. 532. 647. 885. 589. 491. 346.   0.
439. 477. 568. 606. 923. 688. 531. 428. 290.   0.
463. 468. 490. 571. 745. 940. 699. 498.  76.   0.
 447.  504.  526.  576. 1042.  705.  452.  399.  299.    0.
 427.  489.  451.  524.  607.  722. 1307.  423.    0.    0.
 434.  463.  417.  555.  601.  744. 1315.  421.    0.    0.
448. 690. 809. 639. 628. 548. 527. 436. 219.   6.
 481.  469.  465.  467.  542.  708. 1348.  470.    0.    0.
 423.  445.  476.  530.  604.  755. 1275.  442.    0.    0.
442. 484. 497. 546. 692. 903. 608. 517. 261.   0.
454. 469. 562. 661. 835. 634. 598. 471. 266.   0.
444. 476. 526. 586. 750. 985. 633. 445. 105.   0.
 460.  448.  514.  641. 1148.  772.  464.  293.  210.    0.
