370. 460. 700. 743. 634. 864. 654. 280. 245.   0.
417. 453. 540. 966. 776. 499. 393. 361. 330. 215.
441. 519. 590. 885. 575. 601. 404. 328. 453. 154.
428. 433. 628. 637. 640. 734. 500. 423. 470.  57.
395. 428. 647. 751. 732. 797. 508. 303. 369.  20.
 420.  408.  388.  403.  505.  510. 1006.  536.  578.  196.
 382.  411.  436.  451. 1099.  698.  516.  408.  366.  183.
407. 439. 513. 968. 626. 454. 473. 428. 330. 312.
410. 494. 931. 727. 666. 501. 392. 273. 278. 278.
 368.  376.  422.  477.  500.  506.  538. 1292.  368.  103.
379. 406. 427. 677. 666. 670. 629. 792. 244.  60.
 392.  379.  458.  434. 1032.  748.  498.  365.  384.  260.
378. 426. 453. 904. 754. 571. 547. 727. 157.  33.
 390.  408.  434.  429. 1097.  771.  470.  377.  341.  233.
