412. 485. 660. 750. 897. 698. 523. 357. 141.  27.
 299.  392.  737. 1058.  610.  717.  535.  335.  232.   35.
 507.  555.  465.  642.  863. 1117.  659.  142.    0.    0.
 435.  646.  654. 1068. 1129.  646.  336.   36.    0.    0.
 477.  433.  454.  501.  634.  784. 1151.  516.    0.    0.
 466.  446.  445.  485.  612.  756. 1354.  386.    0.    0.
441. 475. 575. 687. 883. 701. 579. 405. 175.  29.
668. 804. 758. 780. 465. 372. 455. 405. 187.  56.
698. 919. 940. 739. 557. 452. 327. 220.  81.  17.
704. 812. 868. 630. 476. 491. 454. 323. 153.  39.
 419.  471.  482.  511.  574.  703. 1341.  449.    0.    0.
510. 944. 819. 714. 588. 472. 366. 337. 168.  32.
 482.  975. 1037.  732.  620.  484.  294.  190.  115.   21.
779. 821. 682. 681. 556. 455. 359. 326. 219.  72.
492. 627. 869. 708. 621. 571. 461. 297. 244.  60.
509. 772. 997. 638. 609. 462. 426. 285. 181.  71.
450. 719. 856. 747. 552. 520. 457. 370. 224.  55.
 490.  728. 1092.  813.  616.  480.  360.  235.  122.   14.
487. 609. 674. 937. 698. 549. 393. 338. 265.   0.
 467.  836. 1022.  761.  672.  488.  361.  217.  109.   17.
542. 850. 796. 787. 553. 512. 420. 310. 168.  12.
 518. 1039.  893.  753.  601.  477.  302.  211.  128.   28.
518. 930. 816. 709. 530. 524. 369. 280. 209.  65.
802. 924. 780. 662. 569. 443. 368. 209. 138.  55.
762. 700. 701. 686. 550. 523. 429. 289. 225.  85.
 471.  475.  489.  521.  629. 1051.  751.  498.   65.    0.
 477.  417.  461.  490.  655.  719. 1173.  558.    0.    0.
 440.  449.  469.  519.  596.  745. 1245.  487.    0.    0.
431. 463. 532. 547. 663. 982. 773. 467.  92.   0.
 433.  452.  476.  513.  598.  746. 1313.  419.    0.    0.
 412.  472.  486.  506.  581.  778. 1234.  481.    0.    0.
