 496.  419.  455.  479.  599.  799. 1200.  503.    0.    0.
466. 772. 940. 688. 596. 523. 399. 347. 151.  68.
447. 455. 486. 611. 694. 883. 712. 567.  95.   0.
481. 483. 544. 566. 879. 935. 532. 431.  99.   0.
 452.  446.  521.  510.  730. 1121.  600.  389.  181.    0.
481. 482. 492. 586. 977. 939. 528. 319. 146.   0.
447. 470. 515. 537. 725. 970. 746. 480.  60.   0.
418. 487. 515. 589. 755. 936. 676. 415. 159.   0.
 468.  508.  466.  517.  636. 1261.  788.  302.    4.    0.
439. 470. 524. 532. 684. 949. 644. 613.  95.   0.
437. 449. 503. 542. 603. 984. 785. 616.  31.   0.
 445.  440.  542.  534.  701. 1020.  690.  481.   97.    0.
 447.  460.  489.  529.  640.  813. 1046.  526.    0.    0.
 449.  465.  466.  585.  653. 1019.  726.  547.   40.    0.
495. 929. 902. 762. 648. 399. 344. 279. 150.  42.
 533. 1034.  848.  708.  551.  467.  379.  231.  145.   54.
