 479.  446.  656. 1154.  673.  578.  456.  310.  150.   48.
 428.  520.  647. 1069.  740.  565.  425.  298.  200.   58.
555. 836. 900. 797. 550. 502. 378. 263. 138.  31.
 559.  787. 1029.  752.  557.  497.  355.  195.  210.    9.
912. 926. 753. 670. 510. 480. 347. 221. 101.  30.
1019.  892.  867.  629.  569.  371.  267.  190.  100.   46.
925. 879. 769. 695. 574. 419. 305. 207. 132.  45.
877. 843. 715. 630. 552. 426. 375. 258. 205.  69.
499. 881. 913. 754. 610. 442. 391. 275. 136.  49.
565. 927. 844. 643. 563. 464. 378. 304. 184.  78.
 352.  422.  449.  538. 1000.  698.  474.  367.  255.  395.
416. 410. 390. 518. 918. 636. 451. 332. 362. 517.
283. 578. 731. 862. 902. 677. 405. 370. 142.   0.
273. 617. 675. 967. 850. 619. 448. 364. 119.  18.
520. 682. 713. 872. 783. 733. 489. 155.   3.   0.
395. 554. 504. 838. 866. 459. 491. 546. 275.  22.
372. 654. 649. 868. 871. 626. 351. 425. 134.   0.
462. 884. 844. 904. 852. 500. 277. 165.  62.   0.
 432.  453.  474.  512.  597.  689. 1344.  449.    0.    0.
 432.  450.  501.  519.  651. 1079.  606.  566.  146.    0.
376. 459. 675. 854. 695. 740. 612. 427. 112.   0.
 467.  461.  499.  536.  571.  719. 1265.  432.    0.    0.
449. 495. 445. 531. 708. 853. 816. 545. 108.   0.
431. 493. 786. 822. 662. 593. 507. 502. 154.   0.
830. 858. 724. 641. 545. 458. 364. 266. 179.  85.
885. 833. 725. 682. 516. 453. 330. 248. 167. 111.
888. 861. 755. 684. 590. 431. 303. 212. 143.  83.
928. 785. 741. 727. 605. 386. 315. 245. 167.  51.
 452.  471.  460.  486.  549.  736. 1353.  443.    0.    0.
461. 452. 469. 584. 611. 815. 745. 644. 169.   0.
419. 447. 771. 643. 640. 787. 669. 388. 186.   0.
 445.  478.  505.  559.  564.  718. 1258.  423.    0.    0.
478. 406. 540. 524. 652. 811. 770. 646. 123.   0.
378. 440. 785. 972. 697. 623. 481. 451. 123.   0.
899. 841. 813. 685. 534. 457. 332. 212. 135.  42.
928. 819. 737. 640. 583. 435. 319. 250. 168.  71.
898. 852. 756. 617. 542. 442. 379. 256. 163.  45.
855. 883. 824. 681. 551. 414. 379. 182. 135.  46.
 474.  494.  477.  494.  537.  621. 1361.  492.    0.    0.
458. 438. 506. 524. 720. 901. 810. 427. 166.   0.
388. 422. 833. 846. 741. 686. 582. 320. 132.   0.
 462.  464.  444.  486.  608.  768. 1248.  470.    0.    0.
475. 454. 482. 551. 691. 932. 773. 498.  94.   0.
407. 448. 926. 925. 717. 634. 464. 311. 118.   0.
 419.  468.  478.  517.  583.  712. 1322.  451.    0.    0.
423. 469. 498. 545. 632. 984. 622. 627. 150.   0.
440. 427. 699. 779. 742. 778. 597. 325. 163.   0.
 455.  472.  467.  499.  549.  687. 1363.  458.    0.    0.
 421.  493.  503.  526.  683. 1192.  624.  408.  100.    0.
 394.  445.  899. 1039.  766.  683.  406.  258.   60.    0.
