874. 810. 704. 567. 533. 439. 410. 312. 217.  84.
504. 975. 824. 649. 551. 482. 415. 332. 178.  40.
 481.  530.  800. 1144.  720.  483.  366.  293.  118.   15.
 480.  534.  845. 1091.  676.  536.  400.  268.  107.   13.
652. 948. 790. 752. 573. 460. 435. 281.  59.   0.
533. 910. 845. 637. 558. 462. 441. 313. 193.  58.
 808. 1033.  740.  691.  525.  438.  299.  258.  126.   32.
 473.  547.  923. 1022.  667.  502.  412.  236.  140.   28.
 443. 1056.  885.  645.  589.  489.  401.  258.  141.   43.
499. 932. 829. 618. 547. 479. 415. 317. 223.  91.
686. 973. 761. 662. 563. 463. 356. 269. 157.  60.
797. 903. 742. 705. 579. 417. 310. 277. 155.  65.
812. 865. 702. 537. 497. 473. 452. 326. 202.  84.
 695. 1026.  780.  683.  559.  471.  312.  241.  125.   58.
 568. 1097.  793.  681.  567.  442.  374.  250.  131.   47.
 619. 1027.  796.  604.  560.  459.  415.  252.  166.   52.
853. 835. 737. 598. 540. 459. 410. 284. 164.  70.
523. 986. 980. 670. 565. 490. 374. 233. 110.  19.
 478.  710. 1046.  722.  600.  467.  360.  304.  170.   93.
872. 884. 740. 617. 505. 514. 412. 261. 117.  28.
909. 794. 722. 686. 630. 394. 300. 259. 216.  40.
 538. 1025.  947.  767.  651.  400.  299.  191.  110.   22.
 596. 1127.  829.  657.  578.  454.  368.  210.  108.   23.
 486. 1053.  938.  789.  616.  394.  304.  206.  125.   39.
610. 965. 812. 726. 561. 425. 352. 222. 194.  83.
488. 790. 890. 629. 536. 499. 424. 363. 234.  97.
 629. 1069.  790.  666.  575.  436.  339.  269.  134.   43.
 477.  712. 1115.  812.  648.  453.  300.  245.  152.   36.
469. 758. 971. 808. 637. 424. 359. 302. 179.  43.
940. 871. 764. 652. 548. 481. 354. 217.  89.  34.
 448.  532.  794. 1172.  749.  500.  341.  218.  146.   50.
482. 537. 859. 859. 630. 505. 416. 402. 201.  59.
491. 758. 963. 646. 484. 498. 457. 310. 260.  83.
 470.  702. 1121.  717.  597.  463.  412.  254.  141.   73.
 483.  692. 1046.  772.  607.  524.  296.  265.  194.   71.
 490.  749. 1042.  735.  559.  506.  430.  245.  146.   48.
 475.  716. 1109.  716.  582.  498.  385.  267.  155.   47.
524. 933. 713. 579. 521. 463. 407. 423. 254. 133.
480. 978. 797. 648. 550. 470. 414. 311. 209.  93.
498. 984. 712. 637. 553. 448. 395. 406. 248.  69.
525. 925. 740. 674. 536. 432. 440. 338. 254.  86.
 592. 1023.  735.  630.  555.  451.  376.  295.  208.   85.
605. 918. 805. 710. 460. 437. 463. 234. 189. 129.
726. 962. 747. 665. 536. 459. 424. 226. 130.  75.
880. 869. 771. 638. 541. 465. 360. 239. 144.  43.
895. 806. 688. 679. 547. 410. 384. 336. 159.  46.
915. 820. 681. 537. 539. 453. 416. 352. 163.  74.
457. 569. 807. 951. 618. 512. 444. 307. 223.  62.
931. 916. 845. 722. 520. 421. 315. 154.  97.  29.
 468.  770. 1068.  749.  619.  489.  351.  259.  124.   53.
 497.  543.  699. 1013.  761.  548.  340.  231.  225.   93.
456. 551. 775. 925. 591. 544. 469. 303. 239.  97.
496. 566. 786. 857. 627. 526. 455. 386. 208.  43.
 511.  712. 1102.  634.  575.  524.  446.  249.  159.   38.
854. 856. 770. 630. 617. 433. 343. 269. 137.  41.
504. 958. 838. 747. 702. 448. 269. 210. 177.  97.
495. 958. 922. 764. 601. 463. 327. 214. 139.  67.
512. 938. 877. 725. 589. 470. 335. 261. 183.  60.
505. 704. 992. 662. 539. 477. 430. 334. 217.  90.
 485.  530.  684. 1187.  719.  536.  325.  247.  183.   54.
924. 845. 686. 600. 531. 507. 396. 264. 147.  50.
863. 805. 757. 699. 592. 439. 314. 237. 188.  56.
 515.  529. 1135.  614.  527.  505.  534.  321.  197.   73.
 486.  505.  796. 1059.  715.  507.  388.  245.  154.   95.
 470.  518.  772. 1163.  719.  527.  350.  249.  143.   39.
500. 519. 808. 944. 672. 558. 369. 307. 205.  68.
 518.  740. 1032.  753.  598.  504.  363.  279.  129.   34.
 520. 1083.  877.  765.  615.  415.  294.  227.  127.   27.
 586. 1050.  850.  693.  521.  460.  342.  269.  137.   42.
 504. 1102.  798.  709.  573.  448.  371.  302.  124.   19.
815. 882. 726. 662. 549. 466. 338. 298. 139.  75.
 617.  860. 1042.  740.  760.  453.  285.  127.   66.    0.
