 341.  403.  413.  474.  484.  498.  548. 1325.  364.  100.
 371.  449.  406.  432.  459.  503.  550. 1207.  456.  117.
 383.  348.  411.  466.  492.  452.  507. 1380.  356.  155.
 369.  380.  439.  455.  544.  498.  494. 1334.  355.   82.
450. 885. 838. 543. 509. 498. 426. 374. 277. 150.
 385.  367.  431.  419.  461.  511.  580. 1239.  444.  113.
 373.  457.  472.  457.  485.  533.  541. 1222.  343.   67.
 358.  395.  389.  513.  455.  489.  571. 1288.  370.  122.
 362.  393.  385.  453.  413.  505.  579. 1233.  478.  149.
447. 831. 720. 610. 563. 475. 372. 311. 296. 325.
403. 674. 780. 703. 737. 948. 396. 282.  27.   0.
426. 435. 469. 515. 935. 637. 454. 428. 443. 208.
 383.  401.  430.  493. 1114.  739.  496.  377.  305.  212.
 500. 1032.  740.  626.  504.  461.  404.  305.  229.  149.
369. 425. 453. 484. 994. 724. 476. 333. 446. 246.
 518. 1117.  750.  679.  575.  462.  330.  258.  181.   80.
391. 467. 468. 481. 768. 577. 391. 392. 582. 433.
345. 429. 447. 488. 909. 658. 475. 381. 497. 321.
 408.  442.  469. 1121.  693.  520.  456.  352.  222.  267.
 365.  439.  443.  453.  469.  511.  486. 1257.  401.  126.
442. 957. 744. 609. 446. 461. 422. 384. 250. 235.
408. 511. 994. 735. 586. 505. 390. 341. 256. 224.
449. 814. 783. 595. 646. 503. 311. 328. 227. 294.
 422.  451.  415. 1079.  707.  546.  425.  292.  286.  327.
 402.  428.  493. 1233.  727.  567.  418.  297.  153.  232.
416. 456. 487. 947. 652. 559. 376. 324. 298. 435.
 414.  448.  513. 1112.  651.  497.  446.  336.  242.  291.
407. 444. 417. 453. 889. 505. 512. 569. 519. 235.
 372.  400.  399.  434.  449.  498.  520. 1296.  450.  132.
 491. 1075.  701.  680.  576.  417.  387.  247.  216.  160.
390. 418. 414. 459. 988. 603. 530. 475. 421. 252.
 354.  418.  395.  444.  473.  497.  580. 1290.  416.   83.
 328.  430.  401.  432.  431.  542.  522. 1299.  450.  115.
 431.  829.  701. 1016. 1286.  574.  113.    0.    0.    0.
498. 964. 759. 733. 608. 487. 372. 298. 220.  11.
565. 940. 666. 611. 569. 512. 471. 383. 233.   0.
720. 690. 571. 525. 503. 455. 409. 412. 440. 225.
399. 645. 824. 789. 805. 679. 419. 300.  90.   0.
650. 986. 800. 629. 543. 468. 440. 236. 161.  37.
 574.  775. 1058.  850.  644.  431.  278.  190.  118.   32.
 619. 1142.  855.  716.  573.  457.  294.  208.   70.   16.
 355.  387.  420.  499.  524.  509.  506. 1353.  300.   97.
