 524.  595. 1010.  777.  645.  373.  409.  338.  244.   35.
 456.  636. 1008.  714.  647.  614.  433.  308.  110.   24.
541. 536. 457. 518. 538. 495. 842. 945.  78.   0.
 467.  445.  475.  510.  678.  890. 1083.  402.    0.    0.
 454.  415.  470.  580.  616.  892. 1108.  415.    0.    0.
 464.  878. 1009.  802.  656.  455.  273.  206.  142.   65.
466. 857. 991. 736. 632. 451. 343. 287. 169.  18.
 451.  462.  488.  478.  631.  683. 1246.  511.    0.    0.
 431.  462.  504.  529.  557.  733. 1283.  451.    0.    0.
474. 728. 909. 699. 570. 463. 384. 347. 210. 166.
445. 748. 963. 570. 515. 499. 399. 398. 236. 177.
 382.  407.  435.  519.  515. 1011.  655.  414.  551.   61.
 453.  434.  500.  525.  574.  749. 1437.  278.    0.    0.
373. 436. 452. 526. 963. 743. 549. 391. 460.  57.
491. 546. 759. 980. 675. 476. 383. 392. 216.  32.
 441.  458.  489.  505.  592.  752. 1061.  652.    0.    0.
567. 978. 766. 596. 599. 549. 463. 291. 121.  20.
520. 976. 832. 666. 590. 487. 413. 306. 133.  27.
856. 785. 700. 686. 629. 483. 331. 294. 149.  37.
 430.  476.  475.  504.  567.  688. 1328.  482.    0.    0.
 457.  455.  431.  516.  609.  689. 1371.  422.    0.    0.
 425.  455.  492.  517.  589.  718. 1297.  457.    0.    0.
 424.  465.  477.  522.  601.  732. 1316.  413.    0.    0.
 483.  418.  480.  523.  563.  730. 1373.  380.    0.    0.
 436.  465.  498.  502.  603.  752. 1377.  317.    0.    0.
 448.  423.  495.  510.  584.  726. 1346.  418.    0.    0.
 514.  499.  606. 1095.  815.  549.  394.  275.  193.   10.
 471.  554.  803. 1029.  705.  584.  425.  263.  106.   10.
 505.  678. 1001.  906.  651.  534.  377.  219.   69.   10.
502. 763. 790. 681. 589. 555. 435. 362. 229.  44.
500. 693. 890. 853. 738. 470. 388. 274. 118.  26.
487. 712. 989. 692. 629. 557. 497. 248. 133.   6.
531. 658. 941. 727. 607. 488. 412. 306. 250.  30.
488. 616. 900. 905. 687. 500. 354. 253. 194.  53.
515. 787. 732. 733. 541. 508. 469. 409. 222.  34.
565. 652. 978. 832. 719. 565. 374. 196.  53.  16.
