437. 451. 490. 608. 825. 728. 753. 658.   0.   0.
 544. 1126.  834.  658.  576.  473.  319.  257.  154.    9.
 456.  506.  542.  642. 1227.  705.  423.  449.    0.    0.
433. 420. 603. 993. 873. 501. 380. 430. 317.   0.
617. 751. 837. 903. 572. 483. 482. 120. 155.  30.
 469.  592.  861.  746. 1110.  576.  345.  213.   38.    0.
502. 537. 692. 719. 886. 575. 426. 328. 197.  88.
 460.  460.  693. 1146.  614.  541.  479.  322.  235.    0.
523. 550. 552. 491. 919. 857. 430. 324. 226.  78.
813. 746. 741. 673. 565. 500. 388. 278. 182.  64.
879. 709. 777. 689. 498. 462. 407. 232. 196. 101.
459. 533. 578. 594. 879. 847. 820. 240.   0.   0.
 573. 1086.  744.  646.  580.  448.  388.  279.  180.   26.
 567. 1152.  815.  588.  532.  469.  352.  326.  146.    3.
 469.  502.  538.  646. 1173.  723.  557.  342.    0.    0.
459. 438. 573. 683. 863. 713. 613. 348. 246.  14.
766. 759. 652. 642. 612. 572. 381. 305. 241.  20.
850. 755. 743. 641. 527. 491. 375. 299. 207.  62.
 416.  468.  483.  519.  595.  772. 1116.  581.    0.    0.
560. 735. 830. 651. 598. 445. 488. 288. 333.  22.
481. 468. 514. 742. 957. 889. 804.  95.   0.   0.
467. 558. 598. 763. 743. 872. 761. 187.   1.   0.
 419.  504.  473.  559.  580.  697. 1296.  422.    0.    0.
 415.  459.  499.  510.  577.  710. 1322.  458.    0.    0.
 463.  449.  453.  503.  523.  806. 1349.  404.    0.    0.
 414.  461.  474.  521.  556.  763. 1312.  449.    0.    0.
 459.  444.  529.  486.  568.  727. 1297.  440.    0.    0.
 501. 1163.  956.  739.  565.  456.  294.  173.   82.   21.
563. 956. 945. 818. 689. 456. 224. 175. 113.  11.
987. 898. 793. 650. 616. 354. 314. 193. 126.  19.
 451.  525.  714. 1163.  983.  482.  430.  197.    5.    0.
 547. 1112.  762.  661.  532.  455.  375.  311.  134.   61.
 484. 1009.  868.  698.  537.  498.  409.  248.  157.   42.
 436.  490.  457.  508.  586.  761. 1261.  451.    0.    0.
 453.  469.  468.  502.  604.  732. 1306.  416.    0.    0.
431. 472. 471. 564. 560. 869. 957. 626.   0.   0.
939. 873. 753. 701. 591. 433. 294. 182. 129.  55.
 493.  648.  632.  827. 1012.  665.  337.  188.  130.   18.
784. 722. 611. 595. 574. 520. 472. 446. 226.   0.
 444.  526.  553.  746. 1057.  658.  540.  323.  103.    0.
958. 885. 872. 692. 544. 457. 262. 170.  92.  18.
798. 713. 735. 639. 594. 552. 485. 239. 172.  23.
919. 844. 719. 595. 515. 475. 384. 274. 178.  47.
783. 893. 785. 695. 547. 467. 316. 257. 143.  64.
270. 558. 626. 651. 879. 818. 713. 336.  99.   0.
