398. 459. 427. 410. 469. 685. 892. 807. 343.  60.
378. 419. 455. 515. 512. 764. 791. 855. 247.  14.
430. 458. 517. 568. 874. 840. 596. 600.  67.   0.
590. 826. 618. 645. 550. 485. 338. 279. 378. 241.
364. 419. 537. 503. 798. 755. 532. 468. 539.  35.
799. 725. 665. 739. 596. 469. 386. 334. 212.  25.
972. 817. 755. 757. 579. 386. 282. 263. 109.  30.
912. 817. 722. 633. 560. 435. 335. 276. 190.  70.
898. 865. 702. 657. 525. 479. 351. 271. 143.  59.
990. 911. 805. 723. 550. 392. 270. 202.  97.  10.
943. 769. 724. 590. 479. 490. 386. 281. 218.  70.
923. 796. 719. 685. 594. 430. 270. 283. 153.  97.
955. 869. 800. 628. 571. 444. 345. 198. 116.  24.
892. 837. 710. 608. 522. 468. 377. 293. 178.  65.
986. 878. 800. 651. 564. 412. 302. 219. 113.  25.
929. 786. 723. 604. 519. 477. 379. 304. 192.  37.
901. 788. 724. 683. 518. 458. 350. 276. 167.  85.
924. 847. 776. 623. 542. 404. 346. 219. 185.  84.
948. 832. 729. 640. 554. 449. 350. 248. 170.  30.
893. 917. 755. 658. 583. 408. 336. 224. 108.  68.
924. 840. 698. 607. 514. 454. 412. 224. 214.  63.
925. 806. 783. 639. 540. 446. 379. 219. 165.  48.
958. 906. 786. 687. 554. 427. 324. 202.  87.  19.
921. 813. 786. 671. 567. 441. 296. 234. 166.  55.
838. 855. 870. 653. 618. 434. 333. 222. 111.  16.
474. 713. 715. 876. 865. 500. 397. 247. 162.   1.
733. 738. 695. 618. 592. 522. 393. 368. 285.   6.
699. 668. 663. 613. 556. 570. 509. 555. 117.   0.
562. 740. 789. 943. 912. 498. 286. 158.  62.   0.
442. 433. 516. 624. 693. 982. 893. 321.  46.   0.
450. 444. 540. 548. 648. 730. 945. 562.  83.   0.
876. 904. 738. 687. 545. 436. 332. 256. 153.  23.
 673. 1002.  739.  630.  528.  505.  414.  285.  160.   14.
449. 554. 567. 778. 735. 965. 713. 166.  23.   0.
362. 402. 377. 463. 472. 519. 933. 879. 447.  96.
