494. 610. 991. 955. 634. 556. 314. 252.  99.  45.
 591. 1040.  799.  697.  569.  426.  354.  249.  173.   52.
 437.  465.  487.  513.  561.  730. 1313.  444.    0.    0.
 427.  452.  462.  540.  572.  697. 1323.  477.    0.    0.
652. 675. 653. 558. 543. 533. 544. 620. 172.   0.
402. 437. 492. 526. 584. 798. 976. 735.   0.   0.
409. 445. 490. 506. 608. 739. 994. 759.   0.   0.
 507.  493.  421.  460.  572.  694. 1295.  508.    0.    0.
643. 791. 675. 667. 646. 520. 468. 478.  62.   0.
 473.  469.  450.  489.  594.  738. 1257.  480.    0.    0.
 507.  451.  480.  519.  523.  676. 1269.  525.    0.    0.
 456.  459.  450.  500.  558.  713. 1364.  450.    0.    0.
 460.  432.  513.  509.  569.  690. 1287.  490.    0.    0.
441. 465. 456. 524. 612. 766. 964. 722.   0.   0.
490. 768. 966. 734. 613. 519. 460. 311.  89.   0.
507. 669. 886. 726. 687. 535. 342. 355. 242.   1.
574. 742. 890. 703. 661. 538. 419. 281. 108.  34.
466. 540. 692. 903. 642. 565. 501. 387. 254.   0.
 454.  513.  664. 1291.  724.  539.  383.  269.  113.    0.
651. 812. 648. 675. 685. 498. 336. 378. 267.   0.
430. 816. 946. 807. 546. 494. 356. 322. 229.   4.
593. 929. 707. 542. 426. 467. 476. 464. 340.   6.
931. 902. 808. 675. 587. 411. 308. 200.  99.  29.
922. 799. 748. 641. 493. 475. 390. 252. 147.  83.
899. 802. 693. 577. 509. 492. 405. 313. 200.  60.
990. 816. 794. 582. 524. 433. 389. 242. 119.  61.
924. 885. 757. 636. 553. 441. 344. 259. 112.  39.
940. 816. 618. 567. 509. 490. 433. 367. 175.  35.
