 415.  398.  548.  482.  588. 1013.  583.  653.  222.   48.
515. 998. 867. 697. 568. 460. 396. 288. 134.  27.
723. 943. 784. 660. 517. 403. 401. 269. 156.  94.
 480.  591. 1118.  898.  657.  508.  350.  233.   84.   31.
923. 892. 740. 647. 573. 460. 325. 223. 121.  46.
883. 880. 766. 625. 584. 441. 355. 211. 164.  41.
945. 880. 795. 663. 562. 452. 319. 194. 111.  29.
 527. 1086.  798.  625.  535.  501.  431.  270.  153.   24.
 660. 1022.  643.  543.  445.  475.  474.  362.  231.   95.
 575. 1072.  850.  630.  551.  466.  367.  237.  166.   36.
 484.  556. 1170.  912.  658.  499.  351.  190.  103.   27.
881. 795. 657. 543. 500. 449. 418. 353. 240. 114.
979. 869. 803. 631. 561. 456. 350. 200.  89.  12.
898. 830. 793. 630. 515. 493. 330. 250. 164.  47.
929. 963. 777. 674. 568. 447. 314. 182.  73.  23.
499. 619. 742. 713. 848. 796. 439. 222.  72.   0.
481. 639. 669. 862. 849. 800. 389. 204.  57.   0.
 515.  623.  609.  959. 1137.  584.  315.  175.   33.    0.
497. 608. 656. 861. 812. 785. 407. 237.  85.   2.
 451.  464.  487.  496.  578.  677. 1323.  474.    0.    0.
503. 696. 668. 613. 627. 529. 470. 487. 357.   0.
 407.  468.  471.  525.  616.  702. 1325.  436.    0.    0.
432. 804. 769. 668. 579. 546. 469. 463. 220.   0.
972. 872. 775. 647. 527. 437. 293. 197. 168.  62.
884. 812. 697. 700. 574. 442. 304. 275. 168.  94.
860. 755. 758. 599. 620. 395. 401. 225. 240.  97.
 387.  465.  454. 1095.  685.  532.  446.  400.  301.  185.
398. 465. 462. 930. 740. 598. 330. 348. 267. 412.
791. 822. 737. 647. 519. 465. 378. 246. 234. 111.
828. 867. 827. 618. 638. 372. 355. 184. 184.  77.
289. 562. 825. 869. 791. 637. 407. 328. 188.  54.
369. 540. 973. 743. 750. 499. 542. 299. 214.  21.
531. 843. 891. 968. 596. 493. 290. 193.  98.  47.
466. 962. 786. 654. 523. 490. 419. 317. 206. 127.
 324.  641. 1007. 1027.  720.  627.  298.  243.   63.    0.
299. 601. 909. 926. 798. 614. 393. 272. 100.  38.
461. 894. 952. 712. 597. 490. 331. 304. 150.  59.
481. 827. 846. 686. 523. 452. 439. 350. 238. 108.
 299.  751.  827. 1054.  793.  627.  369.  154.   76.    0.
415. 624. 746. 726. 681. 472. 429. 417. 394.  46.
405. 656. 874. 741. 483. 520. 461. 490. 278.  42.
308. 741. 765. 953. 671. 572. 419. 357. 164.   0.
384. 782. 932. 749. 656. 517. 457. 287. 165.  21.
 284.  697.  817. 1027.  734.  733.  370.  164.  124.    0.
461. 549. 580. 747. 827. 694. 522. 343. 195.  32.
447. 540. 621. 602. 939. 828. 473. 315. 140.  45.
431. 574. 621. 613. 917. 671. 530. 364. 184.  45.
473. 513. 580. 771. 797. 625. 536. 340. 226.  89.
