591. 989. 757. 662. 545. 432. 394. 310. 240.  30.
412. 452. 506. 491. 760. 736. 554. 708. 260.  71.
400. 447. 486. 558. 798. 735. 986. 370. 124.  46.
795. 781. 701. 673. 503. 444. 396. 314. 174. 169.
845. 735. 612. 560. 398. 480. 431. 338. 327. 224.
412. 455. 638. 677. 907. 950. 572. 257.  76.   6.
791. 835. 611. 341. 283. 464. 525. 467. 534.  99.
 585. 1276. 1304.  890.  491.  241.   86.   53.   20.    4.
473. 575. 881. 879. 657. 520. 371. 279. 243.  72.
610. 632. 825. 770. 557. 557. 390. 357. 218.  34.
373. 675. 763. 849. 821. 776. 476. 203.  14.   0.
 457.  888. 1054.  976.  624.  437.  334.  160.   20.    0.
 419.  485.  752. 1051.  665.  529.  454.  255.  283.   57.
908. 858. 777. 629. 542. 461. 370. 223. 145.  37.
937. 807. 746. 668. 576. 433. 358. 258. 147.  20.
469. 541. 527. 957. 548. 497. 420. 446. 445. 100.
 509.  631.  625. 1058.  786.  601.  481.  219.   40.    0.
 548.  587.  573. 1264.  938.  498.  334.  187.   21.    0.
 572.  558.  593. 1114.  698.  708.  467.  185.   55.    0.
836. 782. 672. 715. 560. 415. 357. 293. 218. 102.
820. 812. 675. 652. 565. 430. 369. 284. 266.  77.
 461.  446. 1037.  787.  581.  521.  439.  321.  267.   90.
480. 518. 870. 789. 505. 495. 368. 317. 506. 102.
 432.  460.  464.  526.  657. 1102.  624.  574.  111.    0.
436. 483. 510. 530. 610. 894. 744. 696.  47.   0.
435. 467. 502. 546. 637. 952. 804. 532.  75.   0.
460. 461. 507. 581. 616. 907. 755. 580.  83.   0.
 438.  466.  460.  539.  685. 1063.  790.  445.   64.    0.
463. 488. 501. 556. 683. 977. 755. 452.  75.   0.
437. 455. 508. 528. 646. 857. 879. 602.  38.   0.
 417.  475.  491.  542.  662. 1049.  790.  464.   60.    0.
 451.  478.  481.  517.  645. 1145.  823.  365.   45.    0.
 480.  555. 1006.  723.  525.  529.  401.  311.  317.  103.
504. 813. 749. 651. 414. 542. 404. 303. 430. 140.
757. 896. 721. 681. 561. 464. 325. 275. 190.  80.
 443.  480.  487. 1231.  760.  586.  402.  303.  186.   72.
436. 590. 613. 924. 633. 541. 485. 470. 230.  28.
 484.  501.  503. 1029.  607.  539.  495.  438.  246.  108.
 488.  509.  578. 1199.  731.  554.  408.  295.  151.   37.
446. 513. 585. 999. 550. 491. 496. 441. 348.  81.
447. 497. 884. 813. 750. 490. 353. 350. 277.  89.
 412.  522.  573. 1079.  665.  510.  426.  350.  336.   77.
 474.  541. 1015.  976.  652.  469.  367.  272.  143.   41.
 473. 1158.  764.  645.  607.  436.  361.  255.  199.   52.
419. 515. 978. 960. 778. 485. 336. 226. 206.  47.
467. 522. 807. 702. 591. 503. 342. 432. 473. 111.
456. 502. 881. 847. 672. 577. 368. 262. 310.  75.
472. 451. 878. 803. 745. 490. 318. 357. 357.  79.
 421.  495.  504. 1337.  708.  562.  408.  276.  203.   36.
435. 502. 904. 911. 632. 522. 436. 254. 299.  55.
 497.  464.  515. 1334.  690.  499.  344.  220.  290.   97.
444. 483. 986. 783. 686. 456. 401. 342. 338.  31.
 498. 1053.  672.  599.  509.  471.  389.  334.  252.  173.
441. 486. 868. 859. 639. 508. 388. 366. 262. 133.
445. 508. 861. 773. 594. 472. 401. 393. 418.  85.
430. 491. 966. 833. 601. 552. 377. 378. 255.  67.
 474.  464.  973. 1003.  745.  523.  300.  259.  144.   65.
780. 878. 768. 642. 545. 465. 366. 258. 178.  70.
774. 962. 769. 685. 547. 455. 333. 250. 126.  49.
799. 810. 789. 521. 584. 414. 479. 265. 199.  90.
865. 916. 757. 552. 453. 487. 380. 304. 173.  63.
784. 917. 787. 705. 562. 413. 338. 229. 114. 101.
821. 890. 700. 639. 599. 473. 340. 236. 191.  61.
814. 893. 766. 613. 572. 460. 378. 267. 127.  60.
807. 886. 735. 706. 594. 450. 290. 238. 154.  90.
778. 865. 766. 658. 605. 420. 323. 277. 161.  97.
871. 919. 684. 579. 489. 466. 457. 311. 137.  37.
772. 869. 660. 604. 531. 463. 393. 330. 227. 101.
805. 962. 709. 668. 491. 493. 371. 261. 152.  38.
817. 874. 746. 579. 565. 420. 393. 316. 181.  59.
809. 877. 780. 714. 548. 447. 320. 224. 157.  74.
766. 848. 757. 715. 560. 405. 395. 219. 126. 159.
801. 877. 693. 693. 581. 417. 344. 296. 197.  51.
809. 900. 767. 650. 513. 467. 351. 259. 161.  73.
747. 883. 755. 611. 545. 455. 370. 309. 165. 110.
777. 874. 730. 673. 548. 470. 352. 251. 148. 127.
764. 898. 660. 543. 477. 469. 427. 358. 223. 131.
768. 874. 716. 604. 525. 451. 395. 326. 208.  83.
851. 866. 590. 543. 493. 414. 474. 403. 256.  60.
806. 857. 730. 610. 550. 463. 427. 238. 169. 100.
815. 839. 752. 685. 575. 444. 335. 218. 231.  56.
788. 832. 676. 584. 526. 465. 366. 363. 227. 123.
784. 837. 818. 617. 635. 402. 332. 271. 148. 106.
763. 916. 777. 698. 555. 436. 347. 225. 165.  68.
789. 805. 722. 637. 606. 451. 316. 276. 229. 119.
809. 886. 686. 683. 580. 414. 354. 314. 174.  50.
823. 895. 662. 576. 494. 470. 452. 346. 178.  54.
807. 922. 791. 680. 548. 442. 344. 236. 141.  39.
825. 737. 623. 637. 526. 473. 336. 311. 338. 144.
752. 910. 782. 629. 560. 460. 347. 270. 153.  87.
768. 821. 712. 584. 510. 457. 411. 316. 254. 117.
790. 914. 669. 589. 537. 476. 391. 336. 166.  82.
806. 917. 729. 603. 537. 460. 418. 288. 149.  43.
867. 935. 721. 658. 591. 468. 342. 223. 116.  29.
828. 761. 785. 656. 534. 482. 315. 259. 235.  95.
826. 902. 694. 581. 522. 442. 430. 322. 171.  60.
812. 843. 731. 592. 557. 419. 367. 265. 227. 137.
839. 789. 685. 710. 561. 405. 377. 326. 178.  80.
801. 939. 788. 662. 568. 425. 350. 241. 133.  43.
791. 852. 797. 656. 554. 452. 354. 243. 175.  76.
785. 927. 790. 656. 552. 438. 352. 255. 139.  56.
783. 824. 786. 653. 542. 405. 436. 237. 171. 113.
866. 852. 588. 564. 529. 445. 386. 387. 254.  79.
761. 892. 731. 624. 541. 463. 376. 283. 204.  75.
810. 952. 756. 640. 558. 463. 364. 236. 123.  48.
762. 872. 777. 682. 552. 477. 331. 215. 174. 108.
760. 899. 762. 679. 535. 477. 323. 262. 158.  95.
788. 907. 760. 650. 542. 430. 387. 254. 147.  85.
828. 875. 730. 723. 608. 403. 315. 269. 169.  30.
806. 878. 685. 520. 467. 510. 478. 307. 201.  98.
771. 866. 697. 628. 552. 456. 369. 305. 228.  78.
792. 843. 702. 628. 541. 432. 392. 325. 193. 102.
816. 927. 744. 707. 543. 439. 324. 267. 122.  61.
804. 913. 740. 643. 494. 460. 331. 291. 184.  90.
757. 821. 644. 572. 474. 468. 370. 379. 253. 212.
798. 873. 721. 582. 509. 467. 390. 340. 166. 104.
768. 909. 805. 672. 542. 462. 353. 213. 156.  70.
778. 921. 779. 662. 543. 450. 367. 232. 152.  66.
785. 869. 731. 669. 588. 445. 321. 236. 200. 106.
812. 887. 712. 708. 674. 396. 283. 236. 182.  60.
798. 801. 666. 581. 537. 422. 404. 342. 277. 122.
505. 623. 623. 817. 875. 866. 487. 154.   0.   0.
409. 500. 572. 644. 776. 838. 767. 305. 117.  22.
444. 398. 557. 679. 723. 823. 928. 279. 102.  17.
 492. 1036.  746.  640.  578.  471.  359.  305.  210.  113.
