 438.  442.  493.  528.  558.  732. 1416.  343.    0.    0.
 464.  430.  496.  514.  603.  731. 1314.  398.    0.    0.
 479.  497.  557.  674. 1043.  688.  516.  431.   65.    0.
 443.  490.  516.  617. 1344.  741.  387.  330.   82.    0.
457. 438. 545. 626. 969. 917. 598. 357.  43.   0.
397. 488. 497. 672. 925. 682. 601. 609.  79.   0.
 451.  418.  463.  562.  570.  706. 1320.  460.    0.    0.
 446.  458.  489.  559.  560.  744. 1274.  420.    0.    0.
 457.  444.  432.  521.  606.  694. 1411.  385.    0.    0.
 438.  463.  495.  540.  586.  698. 1315.  415.    0.    0.
 454.  458.  502.  500.  542.  688. 1322.  484.    0.    0.
 412.  489.  460.  544.  561.  716. 1327.  441.    0.    0.
 499.  469.  467.  494.  559.  743. 1291.  428.    0.    0.
 461.  472.  477.  508.  598.  721. 1247.  466.    0.    0.
 435.  431.  483.  529.  593.  716. 1317.  446.    0.    0.
 920. 1001.  917.  788.  666.  301.  159.   93.   86.   19.
 428.  468.  511.  557.  669.  787. 1013.  517.    0.    0.
 403.  477.  463.  528.  572.  724. 1298.  485.    0.    0.
 456.  422.  483.  515.  595.  744. 1257.  478.    0.    0.
 438.  470.  493.  522.  574.  709. 1258.  486.    0.    0.
 441.  472.  470.  513.  578.  727. 1301.  448.    0.    0.
 443.  452.  490.  526.  573.  749. 1424.  293.    0.    0.
 462.  453.  495.  510.  579.  710. 1281.  460.    0.    0.
