954. 864. 836. 698. 530. 425. 286. 191. 132.  34.
911. 777. 676. 683. 616. 402. 313. 280. 210.  82.
946. 894. 790. 660. 545. 418. 312. 227. 132.  26.
890. 819. 726. 672. 539. 456. 338. 274. 177.  59.
923. 821. 736. 688. 588. 408. 330. 257. 161.  38.
864. 832. 714. 652. 538. 455. 360. 276. 178.  81.
 491.  554.  618.  671.  734. 1416.  453.   13.    0.    0.
 526.  566.  675.  685. 1333.  809.  350.    6.    0.    0.
819. 898. 850. 646. 530. 462. 338. 201. 153.  53.
787. 946. 803. 685. 641. 381. 318. 221. 123.  45.
815. 996. 799. 659. 542. 460. 359. 198. 109.  13.
 520.  531. 1143.  794.  666.  504.  362.  299.  131.    0.
 481.  593.  647.  817.  813. 1013.  523.   63.    0.    0.
557. 601. 809. 842. 994. 603. 361. 158.  25.   0.
520. 620. 896. 962. 635. 541. 568. 208.   0.   0.
 685. 1037.  723.  560.  535.  472.  444.  316.  158.   20.
680. 973. 761. 698. 559. 488. 327. 206. 173.  85.
 638. 1032.  764.  665.  572.  454.  346.  263.  177.   39.
567. 913. 862. 780. 518. 539. 306. 239. 226.   0.
 603.  875. 1046.  734.  608.  449.  363.  207.   65.    0.
460. 578. 540. 664. 879. 703. 706. 308. 112.   0.
924. 815. 705. 634. 502. 487. 359. 315. 165.  44.
869. 857. 771. 636. 563. 438. 369. 241. 140.  66.
452. 636. 590. 857. 925. 540. 404. 320. 175.  51.
 341.  413.  443.  448.  464.  514.  542. 1289.  405.   91.
 373.  384.  411.  433.  436.  542.  532. 1255.  414.  170.
