347. 407. 436. 454. 511. 962. 730. 494. 524.  85.
424. 394. 420. 371. 456. 938. 642. 616. 561. 128.
414. 456. 472. 957. 698. 560. 387. 333. 283. 390.
432. 485. 505. 953. 460. 398. 522. 410. 409. 376.
 451.  516. 1068.  681.  550.  472.  357.  325.  295.  235.
387. 431. 476. 456. 470. 760. 506. 540. 817. 107.
375. 434. 449. 427. 517. 893. 622. 523. 601. 109.
453. 549. 769. 634. 990. 812. 691.  52.   0.   0.
348. 399. 446. 487. 445. 948. 627. 519. 627. 104.
416. 428. 503. 962. 763. 558. 410. 304. 269. 337.
