585. 949. 957. 766. 583. 444. 354. 176. 128.   8.
 442.  482.  489.  555.  586.  774. 1164.  458.    0.    0.
415. 479. 505. 513. 555. 989. 891. 599.   4.   0.
438. 418. 470. 526. 665. 736. 475. 619. 477. 126.
 463.  492.  520.  618.  762. 1320.  499.  272.    4.    0.
404. 457. 474. 533. 939. 825. 509. 382. 352.  75.
506. 743. 950. 791. 624. 455. 402. 253. 175.  51.
 482.  515. 1153.  952.  604.  549.  356.  187.   85.   67.
524. 565. 853. 820. 685. 451. 442. 372. 238.   0.
 479.  785. 1008.  848.  757.  539.  392.  116.   26.    0.
936. 870. 795. 593. 534. 478. 357. 252.  99.  36.
1531.  696.  214.   18.    8.  265.  768.  691.  672.   87.
779. 885. 707. 600. 492. 477. 428. 306. 197.  79.
824. 869. 668. 538. 502. 440. 443. 371. 229.  66.
839. 940. 718. 573. 542. 463. 421. 277. 144.  33.
812. 899. 720. 508. 527. 486. 463. 295. 187.  53.
471. 488. 525. 554. 671. 945. 680. 424. 192.   0.
510. 543. 887. 718. 566. 493. 453. 368. 254. 158.
386. 700. 820. 725. 705. 726. 430. 329. 129.   0.
 473.  470.  536.  602.  705. 1021.  962.  181.    0.    0.
 442.  449.  466.  523.  596.  698. 1465.  311.    0.    0.
506. 888. 907. 749. 652. 505. 388. 208. 141.   6.
 427.  454.  452.  559.  568.  748. 1251.  491.    0.    0.
503. 898. 824. 729. 604. 525. 391. 289. 186.   1.
464. 493. 583. 635. 728. 579. 552. 575. 341.   0.
466. 515. 523. 584. 930. 631. 506. 447. 348.   0.
 759.  703.  722.  233.  140.  315.  505. 1031.  542.    0.
928. 813. 731. 681. 586. 435. 312. 253. 165.  46.
768. 732. 652. 630. 552. 562. 569. 404.  81.   0.
902. 841. 733. 660. 559. 440. 345. 268. 145.  57.
 528.  385.  452.  550.  783. 1277.  419.  342.  214.    0.
 432.  461.  470.  525.  599.  713. 1292.  458.    0.    0.
500. 437. 444. 638. 912. 798. 698. 395. 128.   0.
 419.  465.  472.  514.  589.  726. 1346.  419.    0.    0.
 484.  455.  457.  573.  707. 1059.  978.  237.    0.    0.
1175.  800.  472.   58.  270.  404.  683.  573.  341.  174.
566. 584. 498. 516. 970. 994. 546. 258.  18.   0.
818. 767. 651. 565. 512. 483. 463. 391. 245.  55.
1058.  875.  817.  666.  391.  301.  498.  154.   97.   93.
453. 612. 642. 681. 599. 932. 544. 323. 143.  21.
950. 843. 682. 587. 507. 466. 411. 325. 136.  43.
 446.  432.  480.  502.  604.  774. 1285.  427.    0.    0.
792. 777. 635. 486. 475. 572. 633. 492.  88.   0.
