502. 522. 526. 734. 943. 904. 638. 181.   0.   0.
457. 496. 576. 539. 954. 998. 648. 282.   0.   0.
 450.  434.  478.  541.  598.  755. 1109.  585.    0.    0.
 461.  460.  511.  477.  572.  721. 1307.  441.    0.    0.
553. 780. 647. 651. 579. 519. 485. 421. 315.   0.
 424.  485.  442.  528.  576.  744. 1397.  354.    0.    0.
 467.  483.  482.  500.  556.  675. 1327.  460.    0.    0.
 431.  440.  505.  554.  662. 1071.  745.  490.   52.    0.
 435.  494.  502.  542.  609.  739. 1227.  402.    0.    0.
596. 785. 614. 651. 570. 543. 463. 420. 308.   0.
 442.  476.  476.  515.  567.  707. 1239.  528.    0.    0.
 491.  405.  431.  553.  576.  683. 1363.  448.    0.    0.
 425.  457.  499.  532.  642.  874. 1006.  515.    0.    0.
492. 495. 511. 548. 652. 899. 877. 476.   0.   0.
 446.  504.  554.  533.  681. 1023.  929.  280.    0.    0.
 452.  487.  537.  562.  702.  985. 1189.   36.    0.    0.
 536.  895. 1046.  731.  524.  522.  363.  234.   88.   11.
4.570e+02 7.500e+02 9.080e+02 1.209e+03 1.045e+03 3.820e+02 1.580e+02
 4.000e+01 1.000e+00 0.000e+00
 449.  481.  435.  558.  526.  712. 1204.  585.    0.    0.
 474.  552.  609.  907. 1009.  663.  393.  288.   55.    0.
491. 493. 852. 844. 914. 711. 409. 172.  64.   0.
914. 855. 787. 693. 560. 447. 297. 203. 161.  33.
