718. 727. 635. 519. 502. 605. 576. 501. 167.   0.
691. 611. 538. 640. 563. 502. 586. 510. 309.   0.
706. 706. 676. 604. 601. 550. 553. 389. 157.   8.
 591.  832. 1045.  760.  599.  458.  322.  241.   96.    6.
669. 749. 587. 589. 538. 528. 536. 560. 194.   0.
639. 788. 689. 665. 602. 638. 530. 342.  57.   0.
688. 742. 638. 597. 585. 609. 607. 412.  72.   0.
863. 810. 728. 685. 553. 456. 358. 249. 191.  57.
863. 814. 716. 703. 477. 501. 353. 255. 190.  78.
821. 740. 648. 602. 590. 516. 426. 335. 194.  78.
827. 687. 609. 647. 592. 489. 438. 320. 217. 124.
475. 514. 569. 532. 820. 755. 627. 417. 241.   0.
 476.  535.  569.  672. 1092.  669.  434.  288.  173.   42.
 516.  512.  658. 1265.  698.  574.  379.  291.   57.    0.
 490.  547.  725. 1075.  635.  664.  425.  359.   30.    0.
892. 902. 726. 702. 539. 438. 356. 223. 130.  42.
997. 932. 843. 653. 572. 390. 278. 182.  81.  22.
974. 838. 785. 641. 528. 481. 371. 193. 104.  35.
 519. 1162.  835.  693.  561.  471.  339.  229.  107.   34.
 577. 1063.  727.  526.  502.  512.  490.  311.  194.   48.
 589. 1149.  899.  678.  565.  413.  308.  190.  124.   35.
 484.  753.  814.  874. 1195.  602.  205.   23.    0.    0.
 499.  644.  686.  785. 1169.  779.  361.   27.    0.    0.
 535.  588.  731. 1139.  851.  435.  440.  172.   59.    0.
812. 769. 659. 599. 560. 462. 408. 358. 240.  83.
 507.  506.  654. 1109.  774.  564.  392.  282.  125.   37.
 564.  706.  795. 1216.  689.  557.  330.   89.    4.    0.
