454. 626. 783. 835. 666. 509. 438. 247. 275. 117.
 503. 1016.  842.  664.  640.  417.  368.  269.  159.   72.
 367.  366.  397.  475.  515.  486.  548. 1381.  318.   97.
 354.  414.  384.  408.  450.  528.  579. 1263.  449.  121.
499. 589. 679. 693. 957. 836. 460. 184.  53.   0.
432. 667. 678. 711. 927. 767. 493. 228.  47.   0.
 539.  678. 1068.  561.  489.  689.  306.  438.  182.    0.
 462.  417.  509. 1074.  662.  563.  350.  363.  292.  258.
 651. 1049.  685.  434.  378.  495.  505.  482.  241.   30.
878. 691. 535. 528. 528. 511. 418. 397. 339. 125.
416. 694. 706. 633. 674. 774. 704. 349.   0.   0.
408. 609. 867. 749. 732. 761. 452. 329.  43.   0.
541. 997. 749. 638. 510. 458. 377. 293. 275. 112.
689. 784. 720. 664. 645. 560. 346. 308. 212.  22.
 482. 1013.  787.  640.  528.  463.  401.  320.  217.   99.
636. 929. 969. 715. 444. 571. 395. 242.  49.   0.
 662.  881. 1021.  682.  601.  459.  333.  182.  117.   12.
570. 834. 794. 611. 506. 548. 514. 382. 191.   0.
442. 703. 798. 814. 663. 850. 614.  66.   0.   0.
 460.  441.  505.  680. 1121.  747.  497.  302.  197.    0.
477. 564. 803. 721. 825. 670. 416. 339. 135.   0.
516. 848. 915. 856. 633. 487. 396. 234.  56.   9.
778. 895. 782. 672. 559. 456. 353. 281. 141.  33.
 461.  530.  598. 1069.  775.  563.  442.  314.  181.   17.
 445.  435.  482.  540.  617.  847. 1034.  550.    0.    0.
438. 460. 493. 542. 668. 950. 754. 493. 152.   0.
 452.  445.  498.  558.  672.  751. 1175.  399.    0.    0.
586. 966. 993. 657. 549. 485. 380. 221. 104.   9.
 616. 1112.  915.  761.  518.  433.  302.  142.   92.   59.
918. 855. 781. 681. 560. 415. 350. 222. 118.  50.
922. 852. 771. 661. 552. 452. 341. 225. 143.  31.
861. 753. 744. 650. 562. 426. 418. 235. 179. 122.
853. 759. 682. 569. 497. 458. 414. 384. 172. 162.
815. 782. 695. 594. 547. 447. 399. 302. 267. 102.
905. 796. 776. 611. 492. 483. 413. 260. 175.  39.
894. 760. 654. 654. 595. 452. 352. 292. 202.  95.
994. 856. 691. 488. 425. 424. 426. 333. 230.  83.
857. 851. 671. 626. 560. 461. 393. 280. 185.  66.
376. 606. 445. 845. 780. 753. 489. 302. 354.   0.
907. 870. 756. 623. 569. 437. 350. 263. 140.  35.
458. 910. 867. 669. 571. 476. 387. 348. 202.  62.
 446.  491.  664.  677. 1211.  764.  413.  237.   45.    2.
 443.  444.  508.  508.  598.  702. 1378.  369.    0.    0.
477. 495. 518. 520. 940. 612. 571. 519. 298.   0.
 419.  455.  471.  525.  583.  719. 1157.  621.    0.    0.
 442.  430.  511.  501.  586.  810. 1064.  606.    0.    0.
 467.  461.  487.  478.  577.  887. 1272.  321.    0.    0.
 436.  456.  499.  507.  609. 1131.  861.  451.    0.    0.
360. 441. 498. 964. 771. 570. 435. 358. 288. 265.
 457.  536.  570. 1053.  768.  581.  474.  313.  189.    9.
868. 766. 686. 707. 647. 401. 399. 297. 145.  34.
815. 758. 728. 714. 631. 541. 230. 316. 217.   0.
823. 808. 708. 616. 443. 477. 420. 326. 227. 102.
 479.  770. 1152.  853.  631.  453.  311.  181.   98.   22.
683. 664. 708. 609. 540. 399. 494. 307. 273. 273.
683. 711. 575. 526. 451. 432. 387. 449. 456. 280.
697. 670. 667. 533. 499. 377. 494. 387. 417. 209.
482. 688. 974. 677. 647. 461. 340. 383. 236.  62.
 475.  453.  590. 1043.  762.  510.  579.  245.  213.   80.
801. 784. 701. 653. 653. 477. 321. 244. 255.  61.
825. 749. 747. 500. 576. 497. 464. 388. 178.  26.
833. 837. 695. 603. 488. 465. 389. 311. 195. 134.
 460.  641. 1090.  805.  644.  560.  404.  226.  106.   14.
699. 720. 659. 612. 574. 524. 366. 282. 276. 238.
659. 695. 704. 586. 546. 527. 375. 369. 312. 177.
807. 715. 609. 514. 446. 387. 367. 418. 372. 315.
475. 800. 917. 732. 588. 477. 385. 316. 230.  30.
378. 675. 759. 829. 699. 876. 433. 225.  76.   0.
 471.  522. 1054. 1124.  685.  480.  336.  193.   82.    3.
 500.  810. 1186. 1025.  654.  399.  318.   56.    2.    0.
3.610e+02 7.240e+02 8.410e+02 1.015e+03 8.320e+02 5.460e+02 3.210e+02
 2.080e+02 1.010e+02 1.000e+00
444. 474. 577. 803. 927. 616. 476. 375. 237.  21.
440. 767. 849. 706. 616. 675. 604. 271.  22.   0.
495. 487. 527. 965. 753. 569. 617. 350. 175.  12.
 409.  884. 1070.  988.  756.  406.  267.  145.   25.    0.
670. 950. 670. 531. 456. 540. 508. 400. 220.   5.
629. 999. 680. 592. 499. 472. 415. 346. 231.  87.
438. 429. 525. 568. 900. 879. 618. 453. 140.   0.
370. 720. 770. 692. 730. 698. 653. 317.   0.   0.
484. 514. 694. 888. 645. 595. 467. 393. 238.  32.
 557.  874. 1045.  838.  719.  385.  247.  152.  121.   12.
408. 536. 792. 782. 737. 910. 452. 251.  82.   0.
730. 921. 697. 624. 552. 446. 361. 332. 212.  75.
 450.  543.  639. 1047.  750.  580.  352.  318.  241.   30.
680. 976. 779. 613. 518. 469. 409. 275. 173.  58.
585. 825. 753. 899. 713. 537. 369. 212.  57.   0.
488. 933. 720. 638. 538. 446. 409. 282. 229. 267.
497. 822. 964. 714. 586. 452. 346. 264. 193. 112.
543. 756. 884. 670. 576. 410. 389. 296. 286. 140.
 573. 1062.  771.  708.  578.  447.  315.  263.  159.   74.
 354.  401.  410.  454.  417.  526.  502. 1336.  449.  101.
