 432.  835. 1019. 1105.  778.  478.  223.   67.   13.    0.
273. 731. 916. 921. 817. 638. 422. 205.  27.   0.
248. 530. 874. 901. 790. 671. 543. 174. 171.  48.
200. 539. 772. 793. 850. 761. 596. 341.  81.  17.
253. 565. 815. 815. 931. 733. 466. 308.  44.  20.
372. 737. 813. 755. 747. 791. 539. 196.   0.   0.
438. 488. 709. 732. 631. 508. 370. 362. 349. 363.
255. 486. 712. 750. 835. 676. 517. 463. 221.  35.
504. 683. 868. 918. 942. 648. 331.  56.   0.   0.
561. 492. 784. 857. 899. 845. 419.  88.   5.   0.
508. 628. 664. 980. 867. 617. 373. 220.  93.   0.
495. 697. 885. 929. 716. 560. 339. 208. 116.   5.
