 879. 1044.  831.  652.  498.  399.  296.  191.  110.   50.
 462.  493.  480.  518.  595.  731. 1270.  401.    0.    0.
 596. 1116. 1318.  856.  606.  294.  120.   34.   10.    0.
 457.  504.  536.  644. 1120.  651.  413.  345.  248.   32.
887. 762. 618. 557. 558. 438. 417. 387. 253.  73.
869. 880. 817. 726. 562. 441. 329. 199. 101.  26.
893. 926. 822. 697. 547. 437. 296. 174. 117.  41.
923. 884. 741. 528. 582. 467. 420. 244. 139.  22.
896. 876. 770. 686. 571. 431. 329. 249. 106.  36.
848. 785. 692. 625. 482. 530. 437. 318. 183.  50.
 459.  450.  460.  499.  568.  793. 1386.  335.    0.    0.
 447.  432.  466.  531.  592.  684. 1348.  450.    0.    0.
 573.  668. 1002. 1017.  703.  368.  353.  171.   95.    0.
 568. 1168.  804.  617.  588.  452.  397.  219.  121.   16.
