 359.  379.  428.  465.  526.  506.  600. 1270.  334.   83.
672. 962. 885. 693. 609. 472. 402. 190.  55.  10.
820. 823. 704. 669. 507. 397. 486. 327. 141.  76.
758. 901. 761. 699. 539. 463. 344. 233. 189.  63.
949. 898. 772. 695. 581. 449. 278. 210.  93.  25.
621. 817. 919. 614. 549. 524. 428. 284. 149.  45.
 510. 1182.  881.  708.  532.  456.  327.  232.  122.    0.
 523.  579.  692.  670.  989. 1121.  349.   27.    0.    0.
 488.  559.  604.  729. 1031. 1141.  360.   38.    0.    0.
 510.  534.  659.  659. 1031. 1153.  391.   13.    0.    0.
 552.  535.  455.  660. 1286.  953.  428.   81.    0.    0.
 518.  558.  664.  722. 1064. 1066.  339.   19.    0.    0.
927. 864. 711. 604. 537. 450. 406. 282. 142.  27.
919. 823. 698. 687. 561. 414. 375. 295. 141.  37.
881. 796. 715. 647. 533. 480. 361. 285. 169.  83.
871. 799. 702. 621. 502. 441. 442. 300. 169. 103.
668. 879. 716. 590. 490. 508. 454. 340. 214.  91.
644. 876. 890. 663. 541. 487. 395. 236. 167.  51.
641. 912. 843. 719. 564. 479. 325. 246. 149.  72.
 668. 1036.  850.  740.  601.  444.  269.  206.  103.   33.
 599. 1105.  813.  760.  615.  418.  258.  192.  150.   40.
 435.  451.  496.  506.  581.  728. 1328.  425.    0.    0.
 429.  476.  469.  518.  561.  673. 1225.  599.    0.    0.
 644. 1032.  832.  758.  595.  457.  273.  197.  123.   39.
 653. 1029.  894.  684.  562.  457.  310.  204.  123.   34.
 708. 1042.  872.  687.  590.  441.  341.  186.   69.   14.
679. 933. 785. 661. 573. 468. 382. 253. 149.  67.
 613. 1002.  764.  677.  570.  480.  386.  283.  143.   32.
758. 957. 815. 759. 552. 462. 312. 173.  92.  70.
 558. 1152.  820.  725.  563.  427.  345.  216.  115.   29.
 578. 1101.  797.  632.  555.  467.  395.  242.  138.   45.
 420.  491.  488.  496.  582.  674. 1164.  635.    0.    0.
935. 798. 776. 647. 608. 382. 328. 248. 177.  51.
 429.  485.  518.  698. 1040.  661.  406.  399.  298.   16.
 431.  447.  481.  517.  645.  744. 1194.  491.    0.    0.
440. 452. 544. 697. 973. 536. 430. 418. 439.  21.
 431.  479.  514.  678. 1016.  577.  436.  447.  321.   51.
 419.  511.  471.  567.  664.  833. 1199.  286.    0.    0.
831. 842. 764. 612. 601. 387. 355. 313. 178.  67.
842. 753. 679. 590. 536. 436. 387. 322. 284. 121.
 426.  484.  469.  542.  595.  805. 1242.  387.    0.    0.
872. 818. 774. 633. 568. 423. 363. 244. 194.  61.
 464.  524. 1170.  839.  595.  492.  445.  176.  180.   65.
 764. 1048.  849.  695.  564.  429.  303.  176.  100.   22.
860. 950. 846. 691. 609. 421. 278. 180.  79.  36.
 633. 1022.  777.  642.  563.  485.  391.  262.  125.   50.
735. 857. 723. 642. 540. 484. 405. 359. 174.  31.
 668. 1070.  864.  750.  604.  409.  281.  182.   93.   29.
759. 858. 702. 616. 551. 479. 376. 305. 206.  98.
649. 942. 719. 617. 564. 545. 404. 270. 163.  77.
650. 800. 954. 695. 562. 477. 330. 261. 171.  50.
 422.  445.  478.  527.  579.  714. 1327.  458.    0.    0.
 457.  458.  441.  542.  580.  740. 1256.  476.    0.    0.
 439.  462.  503.  507.  577.  727. 1292.  443.    0.    0.
 433.  472.  484.  502.  578.  689. 1340.  452.    0.    0.
533. 732. 903. 629. 578. 477. 451. 322. 244.  81.
486. 853. 937. 739. 593. 474. 423. 257. 153.  35.
781. 912. 775. 654. 543. 479. 378. 243. 111.  74.
911. 867. 804. 611. 569. 524. 368. 181. 106.   9.
713. 791. 687. 690. 530. 534. 323. 281. 297. 104.
745. 920. 724. 687. 548. 449. 398. 287. 148.  44.
628. 943. 819. 731. 563. 446. 364. 226. 164.  66.
765. 962. 843. 680. 601. 435. 311. 199. 126.  28.
714. 904. 848. 711. 526. 517. 355. 217. 127.  31.
