 980. 1013.  906.  682.  617.  420.  211.   76.   37.    8.
829. 851. 801. 674. 573. 450. 329. 234. 135.  74.
872. 814. 719. 634. 566. 511. 344. 290. 152.  48.
945. 826. 761. 688. 565. 432. 354. 259. 105.  15.
941. 935. 833. 683. 564. 410. 288. 156.  98.  42.
897. 902. 792. 704. 561. 417. 319. 196. 116.  46.
913. 840. 713. 688. 557. 439. 351. 238. 170.  41.
909. 813. 718. 602. 556. 445. 386. 294. 172.  55.
924. 903. 809. 658. 617. 422. 279. 197.  97.  44.
696. 993. 778. 628. 613. 464. 372. 238. 145.  23.
702. 972. 841. 718. 540. 468. 302. 207. 161.  39.
581. 972. 990. 838. 616. 371. 291. 219.  63.   9.
 374.  358.  440.  441.  432.  501. 1057.  735.  438.  174.
473. 432. 510. 546. 619. 877. 901. 567.  25.   0.
 457.  456.  540.  516.  647. 1016.  565.  652.  101.    0.
793. 741. 677. 521. 592. 488. 427. 397. 313.   1.
468. 477. 533. 559. 649. 950. 742. 503.  69.   0.
 506.  466.  504.  689. 1014.  945.  437.  265.  124.    0.
503. 522. 968. 935. 729. 501. 333. 229. 168.  62.
416. 642. 733. 583. 541. 585. 553. 592. 305.   0.
454. 474. 487. 577. 682. 857. 959. 443.  17.   0.
487. 471. 507. 512. 664. 867. 624. 665. 153.   0.
749. 732. 597. 665. 600. 530. 379. 310. 387.   1.
 463.  477.  484.  527.  689. 1142.  669.  390.  109.    0.
655. 842. 697. 642. 610. 477. 392. 239. 254. 142.
550. 949. 981. 728. 621. 452. 368. 198.  84.  19.
629. 913. 742. 743. 686. 444. 286. 220. 197.  90.
646. 830. 913. 628. 521. 517. 420. 277. 185.  13.
678. 850. 760. 687. 633. 456. 353. 298. 197.  38.
 577.  928. 1031.  840.  721.  380.  270.  142.   49.   12.
 996. 1205.  935.  702.  426.  335.  210.  104.   32.    5.
894. 752. 690. 613. 519. 463. 368. 326. 222. 103.
963. 765. 646. 627. 502. 450. 427. 331. 184.  55.
904. 836. 751. 716. 602. 403. 280. 223. 185.  50.
930. 900. 761. 640. 512. 465. 375. 200. 130.  37.
886. 950. 802. 758. 628. 354. 238. 212. 106.  16.
845. 893. 757. 652. 574. 437. 351. 246. 158.  37.
975. 802. 697. 630. 513. 443. 418. 322. 129.  21.
