 421.  450.  480.  514.  585.  737. 1336.  427.    0.    0.
 462.  454.  493.  530.  594.  695. 1356.  366.    0.    0.
 464.  541.  584.  705. 1179.  562.  423.  275.  171.   46.
 492.  533.  755. 1169.  761.  534.  339.  254.  101.   12.
482. 447. 491. 566. 672. 971. 825. 496.   0.   0.
 499.  601.  759. 1327.  711.  287.  367.  399.    0.    0.
4.960e+02 1.005e+03 1.090e+03 5.410e+02 4.830e+02 4.980e+02 4.510e+02
 2.510e+02 1.340e+02 1.000e+00
515. 993. 965. 749. 579. 412. 370. 232. 135.   0.
 449.  500.  530.  635.  672. 1115.  547.  486.   16.    0.
468. 801. 927. 673. 535. 504. 470. 387. 167.  18.
457. 864. 947. 663. 569. 487. 387. 305. 215.  56.
 492.  701. 1103.  650.  515.  531.  420.  326.  203.    9.
438. 527. 887. 792. 659. 508. 371. 353. 280. 135.
465. 691. 822. 715. 561. 582. 317. 371. 319. 107.
497. 835. 836. 726. 611. 429. 337. 357. 256.  66.
513. 614. 729. 725. 892. 749. 696.  32.   0.   0.
 452.  928. 1006.  674.  568.  499.  360.  316.  132.   15.
 501. 1002. 1005.  779.  539.  394.  385.  271.   74.    0.
 491.  938. 1018.  686.  580.  431.  408.  275.  123.    0.
464. 581. 551. 500. 683. 620. 639. 633. 268.  11.
 433.  470.  537.  478.  612.  742. 1059.  526.   93.    0.
379. 442. 447. 529. 539. 687. 927. 709. 270.  21.
 409.  508.  573.  543.  621.  828. 1012.  398.   58.    0.
 432.  483.  510.  511.  642. 1092.  896.  334.   50.    0.
422. 545. 601. 764. 949. 802. 475. 361.  31.   0.
 462.  467.  572. 1002.  905.  813.  449.  194.   86.    0.
 447.  497.  509.  547.  649. 1175.  878.  248.    0.    0.
 499.  578. 1023.  954.  666.  474.  371.  378.    7.    0.
 447.  594. 1010.  891.  736.  633.  432.  200.    7.    0.
 445.  636.  988. 1123.  695.  451.  323.  206.   83.    0.
462. 599. 755. 791. 608. 491. 332. 544. 340.  28.
 404.  561.  867. 1003.  744.  568.  422.  323.   58.    0.
 446.  580.  629. 1144.  864.  573.  601.  113.    0.    0.
486. 609. 620. 703. 602. 568. 565. 667. 130.   0.
469. 477. 636. 946. 635. 531. 477. 514. 265.   0.
417. 642. 690. 765. 966. 740. 580. 150.   0.   0.
 501.  614. 1178.  685.  647.  509.  425.  278.  113.    0.
426. 831. 723. 959. 832. 599. 378. 186.  16.   0.
511. 689. 948. 654. 589. 465. 405. 377. 277.  35.
 462.  610.  933. 1097.  857.  489.  277.  167.   58.    0.
433. 595. 928. 876. 699. 606. 444. 288.  81.   0.
423. 493. 561. 600. 649. 963. 915. 293.  53.   0.
 474.  605.  595. 1031.  995.  631.  424.  183.   12.    0.
483. 779. 956. 701. 714. 492. 448. 247. 102.  28.
409. 618. 754. 790. 918. 468. 391. 349. 219.  34.
456. 497. 642. 830. 881. 671. 475. 305. 181.  12.
901. 888. 771. 661. 569. 425. 345. 214. 128.  48.
936. 849. 738. 690. 513. 477. 324. 252. 138.  33.
934. 904. 778. 634. 557. 461. 331. 226.  77.  48.
912. 817. 703. 674. 577. 431. 304. 258. 199.  75.
920. 877. 759. 695. 591. 427. 309. 222. 112.  38.
895. 779. 697. 641. 506. 490. 440. 273. 180.  49.
975. 878. 769. 642. 589. 450. 314. 206.  92.  35.
975. 928. 754. 668. 558. 463. 321. 191.  78.  14.
905. 832. 661. 615. 528. 469. 367. 307. 204.  62.
895. 864. 781. 699. 541. 473. 278. 222. 146.  51.
951. 873. 747. 598. 564. 490. 374. 195. 119.  39.
887. 803. 758. 692. 567. 442. 352. 234. 163.  52.
948. 781. 738. 628. 571. 470. 383. 224. 144.  63.
898. 851. 790. 684. 561. 433. 338. 207. 128.  60.
905. 837. 774. 664. 552. 462. 328. 211. 156.  61.
902. 863. 779. 692. 544. 448. 316. 241. 107.  58.
972. 801. 684. 627. 536. 446. 439. 307. 121.  17.
914. 866. 777. 686. 565. 437. 322. 234. 118.  31.
924. 776. 768. 624. 553. 457. 378. 233. 156.  81.
963. 837. 728. 573. 553. 477. 398. 265. 103.  53.
875. 838. 729. 666. 582. 456. 330. 241. 167.  66.
944. 874. 794. 675. 596. 419. 326. 177. 114.  31.
943. 893. 797. 693. 547. 416. 301. 194. 116.  50.
970. 807. 751. 638. 561. 418. 354. 251. 157.  43.
949. 795. 692. 700. 557. 405. 359. 311. 154.  28.
917. 769. 628. 653. 588. 414. 376. 341. 217.  47.
959. 806. 793. 683. 559. 480. 268. 218. 154.  30.
925. 814. 751. 622. 574. 441. 368. 259. 161.  35.
894. 798. 707. 647. 569. 458. 331. 264. 216.  66.
976. 946. 859. 682. 546. 400. 254. 176.  91.  20.
899. 896. 737. 697. 506. 468. 306. 253. 131.  57.
887. 890. 810. 716. 563. 428. 281. 221. 114.  40.
1015.  838.  721.  515.  493.  443.  417.  298.  181.   29.
918. 813. 768. 672. 533. 433. 358. 244. 144.  67.
947. 884. 809. 693. 551. 432. 287. 208. 112.  27.
870. 784. 732. 672. 554. 488. 372. 285. 166.  27.
942. 800. 697. 580. 526. 425. 413. 318. 195.  54.
940. 937. 814. 690. 541. 422. 295. 180.  90.  41.
1047.  885.  642.  546.  526.  547.  414.  243.   83.   17.
984. 822. 794. 592. 548. 483. 381. 207. 122.  17.
867. 836. 729. 683. 588. 425. 337. 269. 161.  55.
973. 912. 815. 641. 532. 414. 321. 202. 104.  36.
998. 774. 743. 683. 651. 412. 282. 164. 203.  40.
878. 854. 756. 658. 574. 462. 322. 240. 159.  47.
939. 896. 812. 651. 564. 452. 305. 202. 109.  20.
933. 711. 695. 646. 547. 456. 351. 364. 217.  30.
908. 821. 762. 681. 592. 489. 302. 252. 120.  23.
934. 764. 651. 674. 616. 431. 294. 296. 230.  60.
872. 832. 736. 673. 573. 417. 351. 245. 164.  87.
917. 899. 815. 663. 571. 429. 312. 203. 102.  39.
934. 744. 678. 591. 525. 417. 396. 348. 252.  65.
883. 806. 696. 615. 549. 490. 358. 270. 222.  61.
925. 899. 761. 649. 590. 415. 345. 222.  97.  47.
934. 910. 792. 715. 569. 434. 283. 198.  94.  21.
894. 834. 718. 597. 534. 465. 428. 266. 166.  48.
915. 813. 687. 583. 509. 488. 416. 296. 198.  45.
936. 878. 735. 636. 551. 477. 348. 231. 124.  34.
949. 889. 792. 691. 570. 443. 300. 183. 111.  22.
933. 803. 686. 532. 476. 526. 436. 309. 205.  44.
876. 805. 728. 652. 552. 457. 354. 289. 169.  68.
943. 835. 679. 592. 539. 478. 405. 264. 158.  57.
927. 850. 839. 666. 550. 422. 323. 204. 101.  68.
902. 855. 736. 676. 573. 430. 311. 237. 158.  72.
909. 859. 772. 685. 563. 441. 302. 247. 115.  57.
903. 833. 741. 664. 499. 470. 339. 264. 165.  72.
923. 798. 686. 594. 537. 449. 403. 294. 224.  42.
994. 906. 752. 608. 527. 460. 351. 220. 105.  27.
895. 834. 786. 644. 558. 441. 344. 248. 133.  67.
894. 745. 704. 630. 517. 510. 375. 263. 224.  88.
967. 823. 648. 513. 515. 476. 455. 348. 171.  34.
946. 834. 647. 569. 486. 460. 430. 351. 166.  61.
902. 831. 724. 669. 561. 431. 359. 257. 162.  54.
888. 849. 746. 644. 570. 460. 387. 255. 124.  27.
962. 830. 679. 616. 542. 459. 382. 298. 153.  29.
942. 835. 774. 683. 563. 423. 323. 245. 132.  30.
925. 853. 742. 639. 543. 446. 362. 259. 140.  41.
927. 805. 754. 674. 551. 464. 326. 261. 149.  39.
894. 823. 730. 670. 562. 448. 345. 237. 180.  61.
928. 809. 768. 645. 572. 432. 336. 270. 131.  59.
914. 846. 812. 702. 494. 471. 318. 219. 128.  46.
934. 753. 696. 657. 555. 418. 368. 283. 221.  65.
834. 748. 648. 559. 460. 510. 476. 386. 242.  87.
916. 781. 739. 669. 548. 489. 291. 229. 207.  81.
905. 858. 725. 574. 546. 467. 413. 280. 135.  47.
898. 907. 766. 635. 563. 445. 334. 241. 124.  37.
905. 847. 735. 665. 597. 403. 314. 274. 143.  67.
904. 740. 735. 533. 561. 468. 403. 296. 216.  94.
847. 801. 747. 673. 590. 456. 341. 251. 172.  72.
964. 903. 834. 703. 534. 422. 275. 180. 105.  30.
916. 867. 830. 631. 562. 432. 331. 208. 113.  60.
928. 865. 788. 723. 503. 469. 303. 215. 107.  49.
960. 852. 802. 660. 574. 432. 331. 188. 101.  50.
862. 764. 715. 610. 516. 488. 404. 302. 232.  57.
937. 875. 799. 637. 564. 436. 312. 225. 124.  41.
920. 797. 711. 628. 528. 476. 348. 305. 192.  45.
942. 900. 751. 652. 560. 400. 333. 241. 126.  45.
1005.  960.  861.  699.  542.  401.  263.  146.   61.   12.
911. 792. 719. 648. 505. 460. 418. 249. 176.  72.
911. 823. 711. 660. 596. 397. 335. 280. 186.  51.
932. 866. 713. 598. 549. 453. 401. 268. 134.  36.
951. 795. 723. 626. 558. 474. 339. 220. 200.  64.
937. 778. 732. 632. 499. 489. 346. 280. 195.  62.
913. 737. 644. 521. 524. 420. 429. 339. 326.  97.
972. 966. 859. 684. 556. 406. 292. 140.  56.  19.
938. 850. 734. 600. 525. 470. 379. 254. 162.  38.
894. 810. 642. 560. 477. 478. 425. 359. 222.  83.
1038.  942.  819.  635.  604.  401.  320.  124.   58.    9.
878. 834. 697. 625. 533. 466. 378. 284. 179.  76.
997. 963. 808. 631. 600. 417. 325. 146.  57.   6.
903. 782. 771. 624. 521. 496. 364. 261. 189.  39.
882. 846. 666. 625. 510. 484. 383. 300. 197.  57.
974. 781. 644. 553. 526. 460. 450. 378. 131.  53.
875. 849. 733. 642. 534. 473. 377. 265. 133.  69.
963. 834. 705. 698. 590. 452. 294. 243. 125.  46.
939. 783. 728. 569. 585. 455. 381. 306. 153.  51.
918. 838. 718. 591. 515. 488. 420. 279. 139.  44.
853. 762. 743. 619. 616. 430. 356. 264. 216.  91.
970. 839. 676. 585. 574. 472. 407. 269. 131.  27.
880. 777. 676. 655. 551. 462. 339. 303. 215.  92.
923. 825. 680. 532. 532. 475. 454. 309. 171.  49.
928. 872. 733. 615. 530. 459. 368. 264. 108.  73.
973. 847. 666. 560. 509. 508. 438. 294. 132.  23.
954. 849. 763. 612. 562. 468. 357. 238. 112.  35.
900. 855. 742. 642. 545. 468. 358. 262. 139.  39.
942. 933. 810. 683. 514. 429. 306. 184. 108.  41.
931. 853. 759. 587. 550. 495. 356. 271. 106.  42.
882. 772. 715. 607. 529. 461. 384. 298. 252.  50.
886. 789. 706. 571. 506. 483. 418. 328. 192.  71.
1025.  929.  824.  680.  556.  421.  295.  163.   52.    5.
1008.  824.  769.  602.  553.  440.  435.  175.  121.   23.
915. 772. 680. 589. 540. 451. 389. 358. 199.  57.
984. 917. 784. 679. 537. 451. 328. 193.  66.  11.
960. 793. 652. 681. 592. 408. 330. 294. 190.  50.
902. 800. 693. 670. 599. 471. 300. 265. 162.  88.
803. 745. 730. 642. 560. 443. 380. 380. 267.   0.
948. 828. 678. 626. 525. 495. 370. 285. 155.  40.
851. 832. 786. 658. 557. 460. 326. 255. 159.  66.
923. 753. 661. 665. 601. 448. 317. 296. 218.  68.
891. 794. 758. 718. 605. 420. 336. 274. 139.  15.
901. 856. 692. 697. 568. 437. 333. 263. 142.  61.
849. 810. 769. 642. 562. 460. 373. 245. 174.  66.
895. 855. 774. 634. 556. 463. 321. 262. 149.  41.
892. 833. 762. 654. 587. 459. 337. 215. 172.  39.
901. 798. 684. 614. 562. 417. 387. 308. 218.  61.
924. 802. 663. 594. 490. 476. 425. 326. 204.  46.
935. 858. 790. 708. 594. 423. 322. 194. 114.  12.
852. 708. 664. 629. 618. 457. 408. 302. 283.  29.
1056.  819.  764.  660.  514.  407.  300.  216.  165.   49.
958. 802. 686. 655. 560. 428. 359. 313. 176.  13.
942. 836. 798. 674. 539. 469. 337. 196. 126.  33.
895. 824. 782. 681. 502. 467. 365. 220. 159.  55.
999. 848. 796. 692. 563. 402. 270. 207. 140.  33.
936. 847. 779. 685. 560. 434. 305. 228. 139.  37.
966. 846. 834. 709. 510. 453. 293. 221.  89.  29.
1010.  876.  760.  692.  553.  405.  258.  259.  119.   18.
979. 763. 707. 597. 525. 455. 368. 332. 198.  26.
980. 813. 610. 508. 501. 534. 449. 324. 178.  53.
886. 689. 692. 691. 561. 524. 300. 256. 269.  82.
983. 931. 774. 670. 510. 439. 303. 191. 121.  28.
893. 758. 752. 656. 575. 493. 356. 327. 101.  39.
924. 869. 842. 639. 626. 377. 314. 182. 118.  59.
958. 882. 797. 716. 570. 406. 278. 202. 116.  25.
891. 840. 806. 618. 554. 458. 342. 273. 112.  56.
1036.  834.  748.  634.  578.  473.  389.  185.   61.   12.
921. 830. 723. 655. 564. 436. 348. 270. 160.  43.
943. 859. 737. 612. 540. 475. 372. 248. 127.  37.
961. 863. 779. 666. 558. 447. 324. 222. 115.  15.
928. 833. 708. 642. 574. 432. 350. 281. 178.  24.
938. 912. 784. 690. 572. 392. 320. 208. 104.  30.
944. 886. 722. 607. 550. 478. 395. 237. 107.  24.
879. 812. 732. 655. 501. 487. 344. 266. 189.  85.
947. 838. 745. 652. 517. 475. 368. 248. 121.  39.
964. 871. 737. 630. 571. 490. 347. 203. 106.  31.
902. 826. 734. 637. 561. 461. 358. 243. 164.  64.
907. 860. 757. 681. 550. 419. 326. 237. 150.  63.
970. 774. 643. 552. 535. 485. 400. 337. 200.  54.
915. 825. 774. 607. 575. 445. 380. 257. 113.  59.
868. 805. 668. 585. 538. 428. 407. 335. 201. 115.
935. 748. 651. 601. 517. 425. 410. 356. 240.  67.
962. 890. 797. 631. 546. 468. 330. 205. 102.  19.
922. 775. 786. 637. 611. 417. 325. 254. 159.  64.
964. 909. 844. 706. 541. 420. 278. 181.  81.  26.
933. 815. 697. 625. 553. 463. 390. 283. 167.  24.
835. 802. 727. 690. 600. 508. 319. 221. 178.  70.
898. 819. 708. 605. 517. 475. 382. 294. 167.  85.
929. 826. 796. 621. 534. 446. 307. 259. 177.  55.
908. 844. 783. 639. 558. 456. 357. 231. 124.  50.
946. 851. 679. 578. 527. 500. 398. 283. 142.  46.
913. 834. 785. 576. 572. 438. 382. 274. 108.  68.
880. 812. 717. 602. 531. 500. 417. 281. 161.  49.
947. 850. 722. 629. 543. 480. 387. 225. 119.  48.
918. 803. 770. 640. 520. 457. 366. 254. 131.  91.
900. 805. 736. 585. 490. 470. 393. 269. 212.  90.
935. 848. 706. 587. 552. 453. 405. 284. 143.  37.
949. 873. 743. 610. 553. 473. 351. 243. 121.  34.
921. 851. 794. 676. 544. 443. 318. 222. 143.  38.
913. 830. 749. 715. 582. 427. 281. 239. 156.  58.
884. 786. 772. 609. 623. 418. 341. 248. 163. 106.
971. 872. 684. 520. 531. 504. 435. 273. 142.  18.
977. 888. 784. 679. 551. 439. 335. 195.  86.  16.
1028.  880.  775.  720.  548.  402.  250.  215.  112.   20.
970. 824. 671. 555. 546. 466. 435. 293. 158.  32.
747. 684. 570. 487. 391. 408. 517. 591. 530.  25.
950. 760. 661. 612. 559. 420. 381. 300. 261.  46.
812. 714. 711. 648. 591. 481. 401. 257. 224. 111.
891. 849. 670. 639. 511. 489. 365. 304. 158.  74.
930. 829. 722. 694. 591. 437. 306. 232. 161.  48.
927. 860. 693. 604. 526. 479. 382. 268. 139.  72.
982. 800. 732. 562. 512. 506. 397. 300. 143.  16.
922. 758. 645. 678. 592. 440. 353. 300. 191.  71.
926. 819. 696. 645. 517. 465. 376. 328. 123.  55.
977. 887. 848. 710. 528. 436. 274. 134. 107.  49.
920. 846. 737. 633. 530. 455. 359. 238. 169.  63.
876. 839. 717. 601. 507. 516. 369. 252. 202.  71.
882. 866. 741. 603. 539. 482. 405. 256. 145.  31.
905. 835. 759. 638. 508. 447. 367. 247. 175.  69.
912. 860. 773. 664. 548. 451. 341. 240. 116.  45.
913. 842. 696. 621. 551. 469. 360. 263. 185.  50.
958. 784. 592. 567. 496. 430. 389. 358. 281.  95.
955. 883. 727. 618. 558. 470. 380. 249.  96.  14.
909. 814. 744. 664. 531. 488. 272. 322. 148.  58.
887. 873. 749. 717. 500. 476. 323. 225. 139.  61.
975. 837. 786. 666. 570. 416. 313. 234. 114.  39.
959. 841. 769. 747. 576. 392. 302. 209. 133.  22.
864. 815. 716. 613. 544. 430. 401. 277. 194.  96.
917. 828. 684. 588. 509. 465. 425. 298. 173.  63.
956. 812. 847. 609. 583. 452. 300. 252. 110.  29.
930. 817. 702. 565. 554. 463. 442. 286. 157.  34.
1000.  975.  815.  687.  545.  405.  284.  155.   80.    4.
909. 841. 787. 711. 574. 418. 333. 207. 111.  59.
894. 792. 745. 629. 522. 476. 352. 263. 208.  69.
973. 884. 770. 658. 581. 439. 326. 206.  96.  17.
929. 766. 770. 643. 483. 477. 389. 246. 182.  65.
888. 801. 714. 656. 570. 453. 333. 253. 202.  80.
901. 813. 680. 622. 508. 469. 371. 319. 198.  69.
946. 827. 780. 627. 525. 431. 341. 248. 161.  64.
757. 729. 657. 690. 677. 507. 595. 266.  72.   0.
959. 772. 696. 680. 543. 416. 342. 286. 210.  46.
893. 788. 773. 605. 521. 489. 364. 274. 178.  65.
970. 798. 664. 592. 551. 491. 408. 333. 135.   8.
927. 757. 658. 613. 529. 457. 386. 333. 246.  44.
888. 779. 701. 612. 501. 497. 389. 316. 211.  56.
965. 947. 814. 724. 548. 414. 257. 159. 104.  18.
960. 800. 699. 614. 535. 441. 412. 300. 158.  31.
912. 854. 755. 657. 523. 473. 337. 262. 129.  48.
872. 799. 715. 650. 548. 464. 352. 266. 193.  91.
964. 908. 751. 632. 578. 475. 372. 194.  65.  11.
917. 831. 690. 714. 558. 443. 319. 278. 156.  44.
1023.  878.  720.  656.  551.  474.  351.  199.   68.   30.
962. 917. 819. 700. 571. 396. 294. 180. 100.  11.
986. 817. 687. 669. 526. 448. 333. 227. 149. 108.
965. 884. 800. 698. 529. 444. 299. 221.  82.  28.
928. 872. 751. 695. 565. 406. 314. 225. 123.  71.
944. 884. 808. 698. 527. 427. 318. 180. 120.  44.
 407.  565.  566.  582.  729. 1004.  948.  149.    0.    0.
