 539.  585.  572.  523.  539.  657. 1029.  468.   38.    0.
 421.  447.  509.  501.  604.  732. 1423.  313.    0.    0.
 550.  760. 1144.  953.  537.  592.  225.  175.   14.    0.
478. 746. 970. 621. 781. 410. 528. 351.  65.   0.
570. 894. 820. 752. 685. 524. 377. 231.  86.  11.
569. 914. 796. 755. 588. 529. 402. 268. 109.  20.
 438.  482.  478.  506.  623. 1102.  808.  464.   49.    0.
454. 446. 478. 547. 577. 912. 821. 653.  62.   0.
 423.  463.  479.  538.  560.  740. 1299.  448.    0.    0.
 448.  446.  439.  523.  583.  755. 1282.  474.    0.    0.
 452.  437.  504.  468.  608.  756. 1278.  447.    0.    0.
 465.  453.  477.  535.  534.  731. 1318.  437.    0.    0.
407. 483. 478. 586. 722. 986. 553. 543. 192.   0.
 498.  893. 1035.  759.  575.  499.  325.  207.  115.   44.
417. 442. 501. 600. 692. 898. 763. 482. 155.   0.
479. 764. 978. 749. 595. 480. 373. 232. 181. 119.
 484.  536.  558.  595.  744. 1287.  684.   62.    0.    0.
668. 714. 652. 643. 588. 507. 538. 480. 160.   0.
