 386.  482.  460.  486.  492.  604. 1121.  859.   60.    0.
432. 476. 521. 588. 581. 733. 723. 630. 266.   0.
419. 458. 491. 539. 691. 987. 688. 505. 172.   0.
392. 683. 953. 967. 679. 512. 303. 399.  62.   0.
483. 886. 797. 984. 828. 420. 239. 234.  79.   0.
879. 787. 637. 602. 509. 405. 447. 405. 213.  66.
 451.  463.  452.  525.  600.  714. 1319.  426.    0.    0.
625. 723. 611. 587. 560. 560. 594. 573. 117.   0.
611. 646. 923. 859. 631. 504. 479. 258.  39.   0.
701. 929. 701. 700. 630. 445. 381. 286. 166.  11.
 482.  598. 1065.  883.  724.  437.  343.  259.  141.   18.
