 446.  486.  525.  611. 1195.  669.  479.  293.  246.    0.
5.470e+02 5.480e+02 5.680e+02 6.690e+02 7.740e+02 1.486e+03 3.570e+02
 1.000e+00 0.000e+00 0.000e+00
738. 759. 744. 713. 631. 642. 462. 209.  52.   0.
489. 583. 650. 985. 840. 592. 553. 257.   1.   0.
 528. 1057.  816.  687.  645.  469.  352.  275.  116.    5.
755. 757. 741. 735. 650. 537. 508. 208.  59.   0.
803. 760. 767. 759. 582. 477. 374. 283. 116.  29.
890. 772. 790. 641. 571. 413. 392. 217. 168.  96.
879. 847. 762. 672. 539. 455. 354. 241. 124.  77.
892. 811. 726. 640. 539. 442. 354. 272. 216.  58.
969. 891. 698. 581. 518. 489. 410. 236. 123.  35.
748. 718. 694. 622. 555. 471. 478. 416. 209.  39.
780. 743. 702. 677. 701. 515. 395. 257. 119.  61.
607. 979. 719. 708. 641. 455. 321. 271. 181.  68.
638. 869. 772. 652. 619. 446. 372. 315. 214.  53.
620. 911. 873. 621. 630. 459. 346. 262. 164.  64.
617. 949. 753. 636. 549. 472. 362. 322. 229.  61.
522. 588. 506. 944. 759. 518. 382. 375. 280.  76.
 476.  518.  569. 1260.  759.  521.  363.  276.  159.   49.
 457.  827. 1081.  768.  616.  464.  312.  231.  137.   57.
480. 848. 915. 675. 557. 474. 437. 311. 151. 102.
583. 723. 700. 582. 561. 486. 458. 357. 408.  92.
511. 749. 916. 688. 586. 567. 438. 310. 155.  30.
 556. 1162.  852.  720.  577.  440.  329.  190.   93.   31.
685. 967. 751. 663. 595. 440. 359. 308. 155.  27.
795. 817. 877. 887. 657. 478. 300. 127.  12.   0.
786. 835. 905. 777. 672. 505. 292. 160.  18.   0.
430. 454. 424. 522. 650. 916. 675. 708. 171.   0.
423. 447. 478. 523. 607. 949. 694. 577. 252.   0.
