 463.  445.  498.  519.  592.  879. 1259.  295.    0.    0.
604. 848. 722. 669. 571. 571. 543. 328.  92.   2.
449. 740. 928. 959. 767. 584. 430.  83.  10.   0.
727. 745. 630. 687. 645. 466. 451. 341. 258.   0.
 432.  449.  454.  559.  565.  786. 1343.  362.    0.    0.
 468.  501.  525.  547.  631.  789. 1147.  342.    0.    0.
 296.  697.  835. 1002.  862.  784.  368.  106.    0.    0.
 536. 1007.  660.  631.  473.  469.  370.  312.  322.  170.
 509. 1040.  706.  640.  530.  470.  364.  319.  205.  167.
397. 769. 894. 981. 935. 614. 279.  71.  10.   0.
409. 491. 582. 837. 730. 820. 824. 257.   0.   0.
 467.  604.  629.  944. 1009.  839.  426.   32.    0.    0.
 481.  485.  510.  593.  590.  825. 1175.  291.    0.    0.
 452.  453.  500.  537.  619.  865. 1191.  333.    0.    0.
 522.  513.  833. 1137.  787.  440.  373.  235.  110.    0.
406. 754. 738. 696. 702. 880. 544. 230.   0.   0.
 477.  499.  489.  541.  575.  726. 1159.  484.    0.    0.
 445.  537.  599.  507.  823.  760. 1052.  227.    0.    0.
 437.  467.  485.  496.  629.  701. 1250.  485.    0.    0.
647. 751. 821. 944. 524. 588. 403. 183.  79.  10.
275. 502. 763. 840. 724. 957. 410. 438.  41.   0.
269. 626. 745. 830. 881. 836. 545. 218.   0.   0.
300. 635. 725. 787. 761. 865. 504. 373.   0.   0.
551. 897. 732. 633. 612. 685. 659. 181.   0.   0.
548. 878. 987. 763. 597. 563. 337. 207.  67.   3.
 375.  690.  993. 1041.  975.  573.  244.   59.    0.    0.
437. 465. 483. 602. 780. 895. 755. 413. 120.   0.
 590.  719.  722. 1177.  653.  450.  282.  263.   88.    6.
532. 566. 790. 938. 591. 484. 416. 342. 237.  54.
 330.  353. 1027.  718. 1024.  603.  663.  232.    0.    0.
 566. 1001.  775.  642.  616.  482.  343.  319.  206.    0.
553. 747. 866. 736. 528. 461. 473. 321. 221.  44.
356. 513. 614. 557. 659. 888. 822. 511.  30.   0.
 519.  499.  611. 1270.  828.  550.  259.  217.  162.   35.
 300.  368. 1092.  774. 1095.  495.  565.  261.    0.    0.
 461.  450.  458.  502.  598.  686. 1186.  609.    0.    0.
 462. 1052.  965.  820.  612.  489.  267.  101.  103.   79.
681. 854. 991. 739. 583. 444. 353. 215.  83.   7.
 656. 1038.  719.  607.  527.  509.  416.  308.  132.   38.
504. 679. 729. 959. 650. 548. 648. 225.   8.   0.
 420.  461.  460.  532.  621.  759. 1235.  462.    0.    0.
 480.  445.  479.  500.  575.  762. 1196.  513.    0.    0.
485. 701. 916. 753. 606. 489. 447. 357. 182.  14.
487. 555. 835. 954. 755. 460. 348. 313. 193.  50.
 502.  628.  851. 1003.  603.  475.  351.  326.  183.   28.
 475.  655. 1044.  791.  581.  489.  415.  298.  145.   57.
 477. 1062.  772.  664.  606.  441.  372.  261.  204.   91.
403. 443. 533. 812. 864. 669. 819. 407.   0.   0.
434. 463. 519. 849. 909. 814. 635. 327.   0.   0.
 316.  474. 1027.  775.  928.  661.  524.  245.    0.    0.
 312.  431. 1040.  873. 1001.  600.  530.  163.    0.    0.
