 453.  446.  498.  506.  569.  722. 1303.  453.    0.    0.
 449.  391.  534.  507.  587.  677. 1343.  462.    0.    0.
 438.  463.  457.  508.  600.  750. 1283.  451.    0.    0.
 443.  450.  476.  567.  586.  700. 1256.  472.    0.    0.
 409.  529.  528.  557.  689.  982. 1090.  166.    0.    0.
 443.  563.  544.  567.  669. 1051.  991.  122.    0.    0.
885. 825. 722. 594. 523. 479. 387. 303. 151.  81.
933. 895. 849. 678. 580. 401. 291. 167. 104.  52.
 478. 1135.  868.  611.  546.  504.  407.  238.  125.   38.
 480. 1037.  682.  623.  547.  442.  367.  346.  280.  146.
 496. 1155.  858.  710.  577.  447.  337.  193.  128.   49.
 479. 1063.  805.  679.  615.  441.  329.  286.  147.  106.
