 368.  945.  978. 1202.  873.  387.  158.   32.    7.    0.
 428.  450.  455.  536.  604.  669. 1330.  478.    0.    0.
547. 753. 718. 823. 666. 498. 433. 331. 150.  31.
 407.  628.  682. 1001.  862.  550.  407.  271.  125.   17.
974. 848. 770. 685. 516. 408. 318. 213. 165.  53.
 519.  466.  401.  407.  611. 1060.  739.  504.  233.   10.
973. 930. 781. 641. 565. 452. 327. 194.  76.  11.
929. 885. 812. 672. 555. 417. 324. 181. 104.  71.
910. 826. 648. 684. 543. 436. 368. 283. 193.  59.
1049.  901.  801.  711.  504.  419.  310.  173.   70.   12.
1000.  712.  695.  565.  572.  467.  313.  339.  224.   63.
933. 863. 722. 710. 543. 452. 308. 247. 145.  27.
933. 840. 696. 606. 525. 442. 404. 289. 166.  49.
909. 821. 647. 604. 498. 476. 392. 347. 187.  69.
