 428.  466.  473.  513.  627.  807. 1141.  495.    0.    0.
 438.  471.  465.  531.  625.  819. 1038.  563.    0.    0.
 396.  477.  507.  636. 1086.  688.  480.  341.  339.    0.
 419.  459.  641. 1063.  819.  702.  616.  231.    0.    0.
 436.  481.  460.  552.  561.  679. 1078.  703.    0.    0.
 448.  466.  460.  533.  617.  682. 1395.  349.    0.    0.
 466.  445.  457.  465.  579.  788. 1361.  389.    0.    0.
490. 469. 867. 732. 784. 526. 426. 343. 313.   0.
480. 490. 619. 805. 873. 591. 486. 431. 175.   0.
464. 531. 615. 833. 729. 631. 488. 380. 257.  22.
461. 599. 510. 896. 861. 586. 373. 397. 248.  19.
346. 381. 429. 486. 538. 539. 970. 770. 396.  95.
 382.  404.  420.  504.  460.  487. 1064.  808.  372.   49.
376. 445. 403. 433. 537. 499. 852. 557. 697. 151.
808. 872. 703. 561. 490. 507. 411. 333. 188.  77.
 549.  468.  555. 1129.  809.  567.  444.  297.  132.    0.
 536.  531.  464.  482.  483.  596. 1438.  362.   58.    0.
 628.  612.  599.  596.  723. 1078.  586.  128.    0.    0.
 434.  694. 1111.  823.  542.  505.  359.  259.  182.   41.
504. 524. 504. 722. 933. 648. 515. 430. 143.  27.
 488.  523.  452.  682. 1027.  699.  496.  307.  254.   22.
450. 539. 615. 761. 686. 677. 580. 431. 211.   0.
 499.  605.  612. 1199.  780.  526.  289.  270.  164.    6.
 557.  598.  546.  593.  675.  878. 1000.  103.    0.    0.
 471.  476.  516.  816. 1050.  617.  392.  299.  290.   23.
473. 625. 782. 883. 614. 564. 467. 311. 183.  48.
 465.  608.  587.  648.  842. 1068.  687.   45.    0.    0.
