 398.  403.  422.  420.  452.  537.  540. 1213.  460.  105.
 363.  406.  427.  517.  463.  490.  504. 1317.  373.   90.
 428.  441.  473. 1005.  628.  510.  381.  400.  326.  358.
297. 713. 893. 941. 776. 675. 383. 206.  64.   2.
695. 936. 835. 613. 597. 437. 374. 224. 147.  92.
488. 922. 721. 704. 570. 517. 329. 246. 253. 200.
984. 904. 807. 687. 564. 404. 337. 155.  95.  13.
959. 761. 778. 613. 575. 483. 328. 213. 188.  52.
 447.  811. 1014.  994.  806.  599.  244.   35.    0.    0.
445. 525. 558. 755. 757. 897. 533. 359. 121.   0.
417. 516. 604. 805. 716. 719. 454. 616. 103.   0.
442. 512. 840. 851. 592. 494. 480. 340. 399.   0.
426. 489. 589. 973. 713. 605. 716. 385.  54.   0.
 400.  978. 1007.  951.  816.  541.  209.   41.    7.    0.
403. 500. 732. 753. 653. 653. 518. 665.  73.   0.
414. 498. 655. 972. 847. 753. 351. 407.  53.   0.
 499.  527.  974. 1011.  756.  481.  278.  222.  202.    0.
 461.  503.  549. 1292.  805.  475.  668.  169.   28.    0.
