 417.  455.  477.  543.  584.  712. 1299.  463.    0.    0.
897. 834. 781. 658. 556. 439. 304. 262. 168.  51.
917. 800. 721. 640. 533. 470. 358. 283. 166.  62.
923. 838. 772. 643. 531. 491. 325. 243. 145.  39.
934. 925. 789. 695. 554. 420. 298. 193.  96.  46.
940. 834. 773. 634. 541. 462. 362. 227. 117.  60.
926. 882. 806. 643. 583. 411. 349. 193. 117.  40.
956. 815. 761. 644. 589. 422. 337. 260. 125.  41.
920. 780. 673. 556. 489. 457. 444. 327. 202. 102.
949. 878. 769. 660. 552. 459. 340. 222.  97.  24.
1011.  956.  881.  697.  563.  366.  241.  130.   89.   16.
960. 867. 779. 696. 563. 422. 309. 226. 105.  23.
978. 863. 793. 676. 560. 438. 287. 212. 105.  38.
 464.  472.  471.  561.  637. 1155.  838.  352.    0.    0.
832. 756. 722. 622. 523. 524. 439. 335. 177.  20.
 425.  451.  481.  533.  573.  683. 1346.  458.    0.    0.
 431.  465.  467.  504.  574.  751. 1314.  444.    0.    0.
 477.  443.  504.  534.  583.  737. 1240.  432.    0.    0.
825. 700. 567. 565. 572. 520. 428. 367. 322.  84.
 456.  422.  440.  559.  586.  695. 1346.  446.    0.    0.
 429.  456.  491.  539.  557.  740. 1312.  426.    0.    0.
 441.  441.  484.  519.  600.  730. 1282.  453.    0.    0.
