939. 865. 825. 661. 557. 424. 339. 187. 117.  36.
899. 851. 740. 615. 558. 447. 363. 281. 137.  59.
955. 886. 847. 601. 546. 430. 329. 206.  97.  53.
929. 803. 681. 662. 508. 445. 332. 326. 200.  64.
926. 770. 696. 572. 461. 466. 447. 309. 198. 105.
932. 829. 742. 684. 568. 457. 312. 233. 150.  43.
 385.  360.  459.  440.  441.  550. 1118.  645.  438.  114.
 493. 1032.  681.  600.  561.  440.  362.  369.  229.  183.
 488. 1031.  790.  586.  573.  474.  364.  318.  212.  114.
 461. 1006.  752.  654.  490.  480.  425.  300.  220.  162.
 504. 1005.  678.  576.  497.  423.  402.  336.  284.  245.
 440.  443.  460.  539.  575.  688. 1356.  449.    0.    0.
 465.  449.  489.  525.  611.  708. 1258.  445.    0.    0.
 434.  467.  473.  509.  576.  731. 1311.  449.    0.    0.
 430.  438.  498.  511.  591.  729. 1299.  454.    0.    0.
 480.  474.  468.  527.  574.  694. 1319.  414.    0.    0.
 452.  428.  463.  524.  570.  733. 1309.  471.    0.    0.
 430.  468.  506.  494.  598.  735. 1259.  460.    0.    0.
 431.  461.  457.  503.  599.  722. 1311.  466.    0.    0.
 424.  445.  474.  542.  570.  710. 1321.  464.    0.    0.
 448.  470.  475.  484.  580.  678. 1331.  484.    0.    0.
 422.  471.  489.  501.  587.  709. 1308.  463.    0.    0.
 465.  487.  493.  538.  557.  693. 1269.  448.    0.    0.
 446.  456.  505.  522.  578.  707. 1297.  439.    0.    0.
 448.  437.  468.  526.  564.  757. 1284.  466.    0.    0.
 451.  437.  507.  530.  579.  710. 1278.  458.    0.    0.
 462.  447.  470.  517.  612.  687. 1315.  440.    0.    0.
