 567.  657. 1125.  992.  378.  590.  338.  163.  140.    0.
 487.  708.  983. 1002.  623.  541.  324.  186.   96.    0.
 407.  423.  503.  473.  537.  646. 1056.  905.    0.    0.
 399.  444.  463.  502.  588.  703. 1073.  778.    0.    0.
 422.  492.  588.  660.  912. 1052.  555.  269.    0.    0.
450. 519. 555. 689. 856. 975. 740. 166.   0.   0.
 389.  557.  558.  695.  875. 1042.  564.  270.    0.    0.
 420.  597.  557.  695.  866. 1003.  645.  167.    0.    0.
449. 561. 587. 689. 806. 866. 588. 404.   0.   0.
487. 554. 519. 522. 861. 918. 670. 419.   0.   0.
323. 498. 669. 650. 771. 755. 723. 409. 146.   6.
301. 444. 621. 717. 739. 810. 667. 410. 205.  36.
451. 864. 932. 765. 606. 457. 337. 256. 202.  80.
463. 820. 959. 697. 514. 501. 432. 284. 193.  87.
482. 770. 958. 562. 485. 488. 451. 383. 247. 124.
444. 793. 904. 709. 525. 510. 360. 313. 278. 114.
 401.  430.  514.  480.  758. 1034.  563.  412.  325.   33.
417. 478. 451. 595. 700. 742. 606. 401. 496.  64.
465. 519. 644. 832. 644. 515. 415. 458. 303. 155.
460. 447. 698. 951. 583. 554. 450. 417. 256. 134.
 390.  450.  486.  553.  691. 1013.  570.  446.  320.   31.
393. 472. 459. 540. 697. 993. 542. 450. 350.  54.
 454.  482.  694. 1071.  737.  606.  403.  280.  158.   65.
465. 556. 698. 982. 637. 545. 410. 255. 286. 116.
 378.  470.  513. 1031.  793.  675.  495.  278.  305.   12.
437. 506. 524. 984. 754. 782. 382. 337. 228.  16.
727. 632. 607. 661. 550. 547. 430. 447. 286.  63.
373. 405. 462. 460. 476. 552. 958. 831. 365.  68.
388. 386. 407. 512. 515. 527. 899. 833. 397.  86.
443. 881. 887. 591. 592. 462. 357. 352. 244. 141.
470. 879. 779. 662. 647. 537. 354. 241. 185. 196.
443. 878. 779. 691. 621. 479. 331. 273. 282. 173.
447. 819. 891. 701. 594. 464. 376. 297. 213. 148.
528. 946. 693. 541. 499. 424. 440. 383. 258. 238.
 462. 1068.  784.  640.  615.  453.  319.  272.  204.  133.
551. 834. 877. 683. 533. 541. 441. 291. 164.  35.
573. 706. 983. 676. 551. 508. 411. 300. 186.  56.
 610.  741. 1015.  792.  626.  421.  282.  239.  184.   40.
536. 842. 985. 671. 590. 512. 411. 283. 115.   5.
 424.  434.  496.  484.  617.  761. 1253.  481.    0.    0.
 428.  450.  462.  512.  595.  736. 1197.  570.    0.    0.
 442.  462.  565.  611. 1038.  727.  511.  365.  187.   42.
422. 485. 552. 670. 983. 731. 556. 353. 182.  16.
840. 773. 763. 697. 578. 495. 403. 254. 127.  20.
923. 943. 801. 705. 571. 443. 314. 162.  69.  19.
813. 723. 701. 619. 497. 534. 459. 364. 201.  39.
481. 534. 551. 759. 712. 557. 424. 438. 397.  97.
895. 724. 649. 542. 493. 529. 494. 416. 191.  17.
446. 527. 567. 879. 838. 577. 412. 398. 261.  45.
453. 468. 552. 632. 725. 727. 539. 505. 349.   0.
453. 492. 514. 609. 893. 738. 445. 477. 329.   0.
826. 766. 696. 611. 657. 402. 323. 295. 230. 144.
799. 870. 701. 570. 513. 446. 415. 330. 212.  94.
851. 870. 681. 597. 512. 456. 383. 322. 188.  90.
853. 950. 835. 683. 544. 461. 279. 216.  80.  49.
440. 480. 514. 493. 647. 861. 937. 430. 121.  27.
 420.  449.  472.  598.  531. 1046.  693.  422.  208.  111.
753. 728. 669. 663. 646. 532. 434. 304. 153.  68.
