516. 556. 786. 821. 665. 582. 434. 370. 220.   0.
758. 911. 665. 518. 569. 549. 450. 371. 152.   7.
 475.  438.  414.  504.  631.  751. 1232.  505.    0.    0.
 431.  483.  427.  502.  633.  743. 1271.  460.    0.    0.
 441.  445.  500.  513.  601.  718. 1295.  437.    0.    0.
 460.  456.  493.  503.  535.  670. 1323.  510.    0.    0.
 468.  479.  392.  491.  591.  787. 1288.  454.    0.    0.
 446. 1031.  728.  682.  557.  492.  422.  245.  215.  132.
774. 941. 669. 557. 527. 435. 381. 361. 215.  90.
821. 861. 754. 605. 560. 448. 379. 281. 148.  93.
 417.  445.  490.  530.  573.  734. 1299.  462.    0.    0.
 475.  456.  451.  525.  571.  690. 1318.  464.    0.    0.
 437.  468.  484.  492.  593.  743. 1286.  447.    0.    0.
 438.  449.  493.  497.  569.  743. 1334.  427.    0.    0.
 443.  420.  485.  511.  592.  741. 1311.  447.    0.    0.
 472.  468.  490.  537.  538.  716. 1292.  437.    0.    0.
 431.  496.  505.  511.  593.  705. 1278.  431.    0.    0.
 456.  459.  441.  484.  592.  743. 1333.  442.    0.    0.
 449.  421.  483.  543.  539.  725. 1341.  449.    0.    0.
 500.  492.  500.  550.  598.  671. 1242.  397.    0.    0.
 434.  483.  468.  518.  593.  694. 1301.  459.    0.    0.
 455.  469.  446.  520.  581.  737. 1293.  449.    0.    0.
