 437.  451.  474.  503.  573.  727. 1343.  442.    0.    0.
 568. 1077.  886.  593.  556.  552.  432.  239.   47.    0.
405. 456. 481. 731. 708. 570. 452. 284. 335. 528.
650. 626. 608. 631. 600. 444. 350. 391. 629.  21.
 377.  392.  384.  457.  569. 1030.  608.  358.  590.  185.
370. 400. 467. 472. 472. 787. 520. 415. 792. 255.
421. 462. 496. 996. 567. 484. 486. 344. 380. 314.
706. 740. 637. 585. 474. 392. 439. 547. 430.   0.
 389.  450.  443.  467.  509. 1126.  658.  354.  444.  110.
 337.  418.  446.  485.  475. 1050.  567.  452.  594.  126.
 463.  464.  442. 1068.  629.  506.  437.  370.  381.  190.
