477. 558. 903. 862. 565. 563. 477. 379. 166.   0.
536. 608. 747. 842. 654. 446. 404. 448. 265.   0.
 440.  545.  896. 1019.  613.  516.  417.  317.  150.   37.
 519.  583.  756. 1154. 1048.  557.  234.   73.   26.    0.
 510.  642. 1017.  732.  601.  459.  433.  334.  214.    8.
 548.  770. 1172.  771.  588.  585.  325.  154.   37.    0.
 615.  626. 1316.  862.  560.  466.  289.  173.   43.    0.
 485.  586.  628. 1393.  674.  537.  486.  155.    6.    0.
4.940e+02 6.030e+02 7.240e+02 1.027e+03 9.010e+02 5.710e+02 3.730e+02
 1.730e+02 8.300e+01 1.000e+00
506. 604. 749. 854. 941. 608. 430. 222.  36.   0.
 518.  553.  727. 1308.  743.  552.  373.  167.    9.    0.
475. 598. 686. 854. 875. 630. 436. 270. 126.   0.
460. 616. 689. 852. 799. 629. 480. 320. 105.   0.
 493.  602.  709. 1206.  766.  491.  469.  214.    0.    0.
 504.  638.  732. 1053.  916.  520.  369.  137.   79.    2.
475. 646. 758. 859. 805. 680. 412. 232.  83.   0.
485. 611. 576. 947. 975. 812. 344. 169.  31.   0.
547. 515. 669. 799. 835. 843. 437. 263.  42.   0.
 508. 1127.  715.  589.  577.  490.  400.  298.  183.   63.
