405. 427. 678. 961. 645. 506. 427. 334. 282. 285.
463. 841. 924. 652. 514. 410. 389. 250. 330. 177.
384. 435. 475. 459. 518. 834. 756. 455. 544.  90.
359. 455. 401. 537. 914. 679. 445. 383. 522. 255.
367. 423. 414. 478. 992. 726. 444. 398. 427. 281.
 375.  385.  415.  470. 1015.  752.  502.  371.  409.  256.
400. 445. 409. 460. 967. 743. 541. 407. 376. 202.
383. 396. 388. 412. 586. 493. 951. 680. 539. 122.
 364.  417.  467.  512.  495. 1017.  616.  447.  498.  117.
 430.  458.  456.  525.  569.  738. 1342.  432.    0.    0.
 478.  484.  437.  498.  608.  785. 1215.  445.    0.    0.
