400. 455. 438. 472. 539. 900. 961. 632. 153.   0.
 517.  516.  516.  504.  522.  492.  624. 1197.   62.    0.
711. 922. 743. 586. 611. 411. 414. 284. 194.  74.
761. 995. 779. 647. 545. 467. 380. 244.  98.  34.
435. 452. 496. 547. 453. 546. 872. 743. 356.  50.
407. 723. 868. 669. 537. 498. 448. 450. 272.  78.
 507.  741. 1055.  774.  615.  456.  345.  273.  150.   34.
 460.  431.  510.  545.  557.  793. 1317.  337.    0.    0.
971. 893. 757. 635. 564. 471. 350. 204.  82.  23.
701. 572. 566. 541. 543. 702. 431. 544. 350.   0.
 440.  587.  570.  579.  601.  981. 1011.  181.    0.    0.
 447.  432.  514.  525.  626.  918. 1060.  428.    0.    0.
 433.  474.  468.  551.  605.  883. 1041.  495.    0.    0.
475. 471. 498. 827. 874. 661. 546. 401. 197.   0.
454. 500. 512. 680. 955. 666. 527. 380. 276.   0.
445. 494. 554. 755. 771. 673. 549. 392. 285.  32.
441. 497. 588. 633. 921. 663. 495. 396. 290.  26.
548. 921. 880. 665. 567. 463. 380. 331. 177.  18.
556. 848. 775. 621. 542. 533. 457. 361. 223.  34.
533. 745. 946. 706. 546. 507. 416. 330. 188.  33.
890. 841. 728. 621. 499. 504. 413. 259. 150.  45.
664. 699. 622. 599. 553. 558. 595. 491. 169.   0.
726. 712. 593. 595. 719. 742. 659. 188.  16.   0.
434. 480. 470. 582. 648. 919. 756. 592.  69.   0.
 457.  477.  518.  574.  650. 1124.  678.  434.   38.    0.
 434.  503.  481.  533.  581.  702. 1271.  445.    0.    0.
 459.  480.  406.  501.  622.  750. 1234.  498.    0.    0.
 536. 1106.  824.  675.  726.  504.  321.  176.   78.    4.
497. 797. 975. 741. 589. 519. 370. 281. 165.  16.
713. 727. 704. 558. 462. 409. 483. 543. 267.  84.
732. 793. 660. 457. 377. 441. 493. 556. 361.  80.
 453.  527.  677. 1025.  714.  566.  419.  344.  196.   29.
512. 546. 610. 960. 620. 538. 454. 444. 241.  25.
870. 804. 735. 616. 512. 475. 409. 287. 195.  47.
447. 688. 689. 744. 868. 863. 452. 199.   0.   0.
 510.  498.  661.  686. 1116.  873.  433.  155.   18.    0.
589. 775. 942. 713. 583. 390. 333. 393. 215.  17.
783. 746. 643. 584. 565. 571. 567. 410.  81.   0.
586. 642. 415. 444. 546. 718. 992. 602.   5.   0.
499. 513. 373. 430. 537. 861. 875. 848.  14.   0.
745. 850. 743. 708. 578. 511. 412. 250. 151.   2.
701. 602. 666. 609. 490. 574. 548. 583. 177.   0.
812. 757. 659. 570. 579. 510. 467. 368. 170.  58.
904. 857. 739. 586. 547. 467. 373. 267. 138.  72.
915. 793. 711. 647. 546. 456. 355. 303. 152.  72.
821. 733. 642. 621. 602. 524. 450. 328. 192.  37.
962. 785. 646. 592. 529. 434. 403. 340. 208.  51.
546. 685. 680. 772. 722. 653. 610. 260.  22.   0.
320. 711. 745. 772. 930. 713. 491. 207.  61.   0.
