393. 473. 496. 502. 923. 598. 531. 676. 304.  54.
418. 468. 485. 530. 848. 711. 519. 673. 298.   0.
403. 433. 511. 510. 946. 839. 505. 517. 229.  57.
401. 406. 540. 538. 872. 788. 564. 530. 262.  49.
 492.  910. 1009. 1124.  653.  411.  218.  104.   29.    0.
427. 421. 476. 535. 953. 812. 476. 573. 277.   0.
405. 441. 444. 500. 854. 736. 451. 621. 367. 131.
386. 446. 483. 533. 863. 687. 500. 674. 320.  58.
 486.  933.  889. 1052.  619.  455.  311.  152.   53.    0.
 415.  455.  462.  555. 1009.  845.  516.  441.  252.    0.
401. 459. 475. 518. 816. 633. 445. 708. 386. 109.
