 429.  447.  470.  507.  586.  755. 1302.  454.    0.    0.
725. 675. 657. 622. 606. 542. 486. 432. 205.   0.
594. 520. 540. 542. 502. 610. 668. 974.   0.   0.
 453.  458.  464.  524.  581.  743. 1283.  444.    0.    0.
 425.  459.  471.  529.  591.  720. 1320.  435.    0.    0.
 452.  461.  487.  535.  569.  732. 1285.  429.    0.    0.
667. 733. 562. 547. 516. 510. 586. 589. 240.   0.
546. 568. 540. 509. 541. 566. 754. 926.   0.   0.
 673.  591.  467.  348.  428.  535. 1375.  533.    0.    0.
591. 593. 576. 586. 527. 406. 441. 824. 305. 101.
925. 829. 762. 630. 515. 443. 359. 273. 154.  60.
1000.  920.  773.  725.  569.  393.  231.  187.  112.   40.
980. 855. 773. 664. 517. 432. 316. 238. 141.  34.
957. 721. 669. 615. 523. 459. 351. 336. 265.  54.
 481.  507. 1044.  943.  672.  451.  401.  270.  133.   48.
 446.  492. 1116.  655.  629.  497.  339.  343.  252.  181.
801. 907. 765. 676. 570. 451. 333. 227. 143.  77.
852. 761. 585. 576. 477. 429. 437. 354. 301. 178.
 478. 1177.  805.  691.  569.  425.  343.  230.  150.   82.
774. 834. 721. 628. 529. 472. 348. 328. 199. 117.
 354.  361.  431.  471.  503.  508.  864. 1004.  351.  103.
 345.  362.  433.  490.  517.  504.  510. 1366.  323.  100.
472. 922. 889. 675. 554. 437. 431. 248. 171. 151.
387. 348. 423. 475. 517. 496. 788. 986. 394. 136.
 373.  382.  407.  365.  444.  465.  597. 1226.  481.  210.
458. 888. 779. 609. 517. 462. 423. 333. 233. 248.
