 747. 1046.  811.  593.  604.  460.  357.  219.   81.   32.
674. 976. 798. 706. 586. 445. 333. 251. 140.  41.
448. 426. 456. 935. 995. 655. 392. 471. 172.   0.
 380.  425.  450.  475.  582.  675. 1069.  636.  258.    0.
 493.  629.  945. 1000.  557.  444.  338.  244.  234.   66.
653. 835. 828. 656. 542. 445. 381. 325. 216.  69.
 515.  714. 1096.  703.  663.  562.  406.  222.   69.    0.
 465.  477.  487.  545.  603.  832. 1191.  350.    0.    0.
 461.  597.  765. 1039.  704.  509.  436.  277.  150.   12.
476. 858. 889. 698. 601. 485. 359. 267. 205. 112.
521. 706. 732. 680. 775. 813. 618. 105.   0.   0.
 422.  651.  809. 1050.  974.  587.  371.   82.    4.    0.
 437.  429.  470.  525.  588.  746. 1354.  401.    0.    0.
501. 677. 912. 817. 658. 476. 449. 243. 169.  48.
 415.  476.  497.  493.  592.  705. 1454.  318.    0.    0.
 454.  467.  516.  511.  589.  749. 1344.  320.    0.    0.
500. 648. 552. 583. 543. 576. 818. 634.  96.   0.
428. 762. 638. 617. 654. 644. 601. 526.  80.   0.
755. 894. 721. 609. 521. 475. 384. 318. 177.  96.
 412.  557.  560. 1016.  865.  563.  286.  391.  300.    0.
 430.  441.  523.  557.  646. 1072.  768.  476.   37.    0.
 464.  426.  474.  561.  598.  683. 1362.  382.    0.    0.
 467.  489.  513.  513.  588.  865. 1021.  494.    0.    0.
459. 460. 446. 592. 644. 951. 797. 502.  99.   0.
 469.  484.  467.  508.  575.  715. 1318.  414.    0.    0.
472. 461. 458. 541. 621. 861. 895. 641.   0.   0.
361. 402. 439. 475. 468. 721. 769. 531. 704.  80.
374. 393. 409. 465. 550. 811. 867. 435. 591.  55.
378. 419. 418. 519. 489. 634. 704. 504. 825.  60.
411. 381. 413. 441. 477. 739. 699. 624. 653. 112.
