488. 482. 705. 779. 686. 723. 857. 230.   0.   0.
 420.  538.  569. 1011.  533.  730.  870.  279.    0.    0.
 440.  467.  489.  503.  562.  735. 1532.  222.    0.    0.
414. 495. 610. 865. 649. 642. 947. 328.   0.   0.
398. 515. 551. 830. 687. 735. 957. 277.   0.   0.
 472.  472.  477.  548.  581.  735. 1568.   97.    0.    0.
 392. 1049. 1226. 1128.  752.  331.   72.    0.    0.    0.
297. 754. 796. 778. 901. 686. 510. 228.   0.   0.
354. 821. 928. 974. 930. 558. 325.  60.   0.   0.
367. 790. 778. 721. 651. 628. 507. 345. 154.   9.
255. 754. 924. 898. 878. 628. 405. 201.   7.   0.
 345.  995. 1226. 1058.  819.  380.  124.    3.    0.    0.
 354.  961. 1186. 1044.  804.  463.  136.    2.    0.    0.
467. 953. 834. 799. 778. 471. 338. 278.  32.   0.
429. 687. 722. 820. 791. 609. 324. 357. 202.   9.
275. 703. 789. 757. 943. 692. 529. 262.   0.   0.
 310.  789.  945. 1113.  894.  520.  297.   78.    4.    0.
 302.  814. 1016. 1024.  800.  542.  324.  128.    0.    0.
446. 928. 811. 705. 642. 675. 394. 315.  34.   0.
481. 814. 728. 663. 774. 541. 547. 349.  53.   0.
285. 664. 780. 740. 919. 761. 576. 225.   0.   0.
 320.  808.  996. 1126.  940.  454.  245.   58.    3.    0.
309. 695. 705. 718. 895. 815. 627. 186.   0.   0.
351. 664. 820. 960. 896. 808. 335. 110.   6.   0.
437. 832. 777. 807. 805. 491. 475. 254.  72.   0.
291. 698. 756. 835. 836. 845. 380. 309.   0.   0.
 441.  717. 1062.  634.  583.  435.  450.  313.  256.   59.
 515.  636.  621.  711. 1260.  773.  408.   26.    0.    0.
 417.  632.  649.  734. 1246.  817.  428.   27.    0.    0.
 468.  627.  784.  733. 1201.  759.  355.   23.    0.    0.
 425.  619.  639.  706. 1283.  814.  434.   30.    0.    0.
 484.  598.  708.  735. 1263.  779.  367.   16.    0.    0.
 447.  590.  747.  771. 1242.  766.  364.   23.    0.    0.
 403.  587.  647.  697. 1299.  741.  518.   58.    0.    0.
 487.  582.  645.  689. 1231.  764.  522.   30.    0.    0.
 453.  559.  810.  828. 1269.  669.  349.   13.    0.    0.
 499.  627.  776.  795. 1190.  773.  286.    4.    0.    0.
