 442.  432.  470. 1003.  777.  640.  501.  502.  183.    0.
 397.  509.  732. 1084.  632.  583.  422.  382.  209.    0.
 425.  546. 1154.  760.  616.  523.  442.  244.  201.   39.
 396.  509.  768. 1077.  764.  624.  378.  278.  156.    0.
473. 776. 827. 793. 627. 459. 301. 407. 287.   0.
 444.  483.  470.  574.  737. 1081.  586.  390.  185.    0.
444. 613. 929. 835. 605. 502. 462. 367. 193.   0.
921. 824. 613. 420. 454. 465. 469. 424. 237. 123.
896. 885. 698. 615. 536. 430. 382. 284. 176.  48.
802. 896. 636. 536. 471. 504. 454. 357. 224.  70.
453. 488. 525. 601. 905. 918. 505. 457.  98.   0.
466. 487. 509. 576. 734. 856. 608. 488. 226.   0.
471. 750. 765. 671. 573. 432. 481. 595. 212.   0.
407. 497. 500. 582. 741. 973. 625. 473. 152.   0.
453. 699. 821. 738. 545. 437. 549. 577. 129.   2.
954. 786. 745. 678. 576. 389. 388. 276. 147.  11.
913. 849. 727. 645. 551. 461. 363. 263. 134.  44.
829. 780. 747. 681. 492. 509. 354. 257. 239.  62.
 460.  503.  517.  647.  961. 1017.  554.  275.   16.    0.
434. 483. 512. 596. 913. 943. 523. 407. 139.   0.
716. 923. 816. 630. 563. 485. 372. 273. 121.  51.
758. 853. 764. 762. 526. 501. 356. 194. 153.  83.
790. 893. 756. 698. 587. 444. 355. 263. 142.  22.
