 421.  448.  497.  519.  609.  694. 1349.  413.    0.    0.
 416.  459.  471.  515.  595.  724. 1347.  423.    0.    0.
 417.  455.  449.  481.  511.  626.  795. 1216.    0.    0.
 419.  483.  470.  523.  596.  713. 1306.  440.    0.    0.
 440.  440.  497.  510.  571.  691. 1326.  475.    0.    0.
 434.  437.  473.  492.  609.  744. 1298.  463.    0.    0.
 464.  464.  498.  532.  604.  682. 1275.  431.    0.    0.
 445.  434.  516.  487.  615.  730. 1217.  506.    0.    0.
 455.  446.  502.  519.  637.  692. 1240.  459.    0.    0.
 459.  572.  673.  621. 1194.  611.  457.  224.  139.    0.
 448.  654.  683.  633. 1092.  579.  496.  221.  144.    0.
 441.  600.  632.  691. 1336.  597.  399.  131.  123.    0.
 494.  641.  625.  553. 1007.  609.  520.  277.  224.    0.
 448.  582.  617.  737. 1214.  597.  447.  182.  126.    0.
