 454.  978.  999. 1088.  806.  441.  151.   33.    0.    0.
 435.  812. 1036. 1049.  872.  539.  201.    6.    0.    0.
438. 579. 670. 726. 869. 939. 650.  79.   0.   0.
429. 733. 728. 913. 955. 854. 330.   8.   0.   0.
 493.  977. 1394. 1057.  561.  422.   46.    0.    0.    0.
 484.  946. 1155. 1091.  583.  444.  237.   10.    0.    0.
474. 620. 660. 843. 801. 875. 674.   3.   0.   0.
 525.  881. 1191. 1235.  731.  309.   76.    2.    0.    0.
 511. 1074.  997.  704.  586.  470.  396.  212.    0.    0.
 444.  914. 1063.  848.  638.  471.  327.  229.   16.    0.
 544. 1051. 1146.  976.  790.  402.   41.    0.    0.    0.
539. 823. 833. 840. 566. 514. 697. 128.  10.   0.
 409.  881. 1001. 1064.  934.  469.  147.   45.    0.    0.
434. 693. 768. 975. 972. 661. 320. 112.  15.   0.
381. 593. 589. 622. 775. 971. 904. 115.   0.   0.
316. 691. 882. 923. 764. 564. 374. 381.  55.   0.
401. 632. 598. 795. 991. 869. 361. 290.  13.   0.
 480.  869. 1066. 1029.  818.  549.  116.   23.    0.    0.
 401.  718.  983. 1105.  652.  545.  501.   45.    0.    0.
554. 855. 978. 850. 567. 600. 520.  26.   0.   0.
409. 609. 569. 795. 936. 796. 637. 199.   0.   0.
432. 778. 870. 946. 827. 661. 321. 115.   0.   0.
 372.  675.  871. 1082.  787.  622.  400.  134.    7.    0.
 507.  804.  863. 1046.  843.  640.  219.   28.    0.    0.
634. 859. 768. 824. 670. 805. 375.  15.   0.   0.
536. 770. 853. 868. 824. 912. 186.   1.   0.   0.
 513.  912. 1191.  967.  713.  444.  192.   18.    0.    0.
4.180e+02 8.740e+02 1.162e+03 1.191e+03 7.270e+02 4.280e+02 1.490e+02
 1.000e+00 0.000e+00 0.000e+00
439. 512. 565. 683. 876. 989. 731. 155.   0.   0.
354. 683. 644. 778. 909. 849. 626. 107.   0.   0.
297. 599. 757. 931. 861. 659. 452. 324.  67.   3.
 364.  710.  869. 1000.  849.  465.  348.  309.   36.    0.
349. 660. 784. 847. 925. 827. 512.  46.   0.   0.
 517.  867. 1341. 1028.  806.  358.   33.    0.    0.    0.
 610. 1197.  926.  617.  571.  530.  354.  145.    0.    0.
450. 867. 832. 695. 673. 519. 583. 324.   7.   0.
4.650e+02 1.023e+03 1.135e+03 9.620e+02 7.480e+02 3.960e+02 1.710e+02
 4.900e+01 1.000e+00 0.000e+00
403. 733. 722. 581. 612. 713. 618. 508.  60.   0.
333. 604. 891. 943. 914. 762. 347. 117.  37.   2.
 490.  741.  755. 1209. 1008.  522.  177.   46.    2.    0.
367. 613. 555. 636. 862. 983. 778. 156.   0.   0.
 484.  755. 1010. 1124.  616.  425.  423.  113.    0.    0.
394. 644. 688. 782. 953. 964. 324. 181.  20.   0.
 476.  771. 1067. 1035.  801.  568.  199.   33.    0.    0.
 387.  694.  853. 1120.  820.  588.  435.   53.    0.    0.
585. 869. 812. 681. 694. 913. 385.  11.   0.   0.
 467.  728.  675.  957. 1102.  756.  255.   10.    0.    0.
 496.  821.  973. 1046.  816.  532.  253.   13.    0.    0.
 483.  843. 1203. 1073.  794.  430.  124.    0.    0.    0.
 504. 1065. 1000. 1083.  798.  405.   92.    3.    0.    0.
 584. 1064. 1187.  828.  523.  587.  172.    5.    0.    0.
 515.  684. 1142.  981.  676.  788.  159.    5.    0.    0.
