787. 868. 721. 687. 563. 448. 349. 301. 180.  46.
688. 693. 648. 618. 583. 497. 431. 338. 334. 120.
458. 552. 812. 939. 744. 535. 358. 274. 215.  63.
443. 723. 893. 721. 725. 492. 312. 279. 197. 165.
 518.  516.  635.  587.  663. 1290.  615.  126.    0.    0.
 451.  434.  489.  513.  578.  709. 1333.  443.    0.    0.
 441.  476.  470.  531.  587.  713. 1291.  441.    0.    0.
 417.  564.  653. 1017.  989.  487.  253.  266.  256.   48.
779. 729. 724. 712. 612. 454. 432. 281. 199.  28.
833. 847. 784. 738. 615. 425. 301. 243. 134.  30.
