724. 735. 834. 947. 761. 461. 367. 116.   5.   0.
975. 819. 831. 705. 494. 455. 342. 179. 110.  40.
793. 688. 639. 665. 544. 544. 417. 273. 351.  36.
958. 828. 766. 683. 570. 420. 312. 239. 151.  23.
455. 445. 671. 782. 866. 863. 656. 170.  42.   0.
911. 853. 674. 663. 566. 400. 355. 290. 178.  60.
988. 851. 677. 665. 596. 464. 323. 246. 112.  28.
663. 804. 896. 784. 513. 387. 435. 217. 170.  81.
550. 871. 833. 751. 561. 556. 397. 264. 147.  20.
862. 667. 666. 578. 531. 433. 422. 561. 230.   0.
 491.  624.  693. 1137.  722.  483.  391.  242.  131.   36.
929. 769. 613. 619. 554. 400. 427. 333. 242.  64.
 606. 1094.  813.  658.  532.  458.  366.  255.  125.   43.
439. 461. 502. 527. 634. 929. 998. 423.  37.   0.
 465.  485.  512.  539.  598.  795. 1061.  495.    0.    0.
 404.  485.  506.  644.  523. 1141.  834.  287.  118.    8.
480. 594. 644. 825. 944. 897. 456. 110.   0.   0.
451. 529. 529. 519. 667. 848. 865. 326. 192.  24.
484. 611. 567. 849. 930. 486. 465. 407. 151.   0.
472. 434. 593. 617. 851. 988. 458. 314. 173.  50.
711. 981. 746. 726. 566. 402. 342. 301. 148.  27.
 600. 1040.  757.  683.  614.  408.  371.  265.  185.   27.
472. 450. 537. 701. 937. 946. 611. 226.  70.   0.
529. 643. 933. 926. 673. 578. 354. 290.  24.   0.
 441.  460.  473.  511.  580.  780. 1094.  611.    0.    0.
488. 664. 589. 675. 979. 952. 549.  54.   0.   0.
 517. 1052.  831.  691.  551.  483.  356.  275.  150.   44.
 619. 1021.  983.  644.  606.  420.  339.  178.  105.   35.
834. 888. 689. 567. 508. 461. 430. 321. 204.  48.
470. 671. 940. 941. 727. 536. 269. 165. 155.  76.
773. 838. 712. 614. 463. 480. 410. 292. 256. 112.
 444.  469.  470.  551.  654. 1220.  810.  314.   18.    0.
946. 770. 664. 650. 552. 422. 375. 307. 205.  59.
916. 806. 658. 600. 521. 442. 392. 323. 226.  66.
952. 751. 760. 672. 558. 427. 358. 256. 170.  46.
998. 803. 751. 592. 537. 487. 345. 247. 166.  24.
958. 852. 796. 657. 544. 447. 341. 212. 107.  36.
884. 778. 752. 663. 563. 479. 303. 219. 226.  83.
1009. 1023.  877.  718.  568.  359.  194.  139.   58.    5.
