370. 411. 472. 486. 573. 927. 770. 628. 276.  37.
407. 426. 469. 440. 493. 781. 715. 918. 276.  25.
5.360e+02 1.119e+03 1.077e+03 7.700e+02 5.650e+02 4.270e+02 2.630e+02
 1.460e+02 4.600e+01 1.000e+00
370. 395. 463. 452. 477. 511. 840. 676. 680.  86.
372. 418. 365. 406. 451. 530. 902. 556. 748. 202.
359. 780. 839. 971. 843. 650. 364. 124.  20.   0.
 265.  628.  590.  708.  643. 1018.  698.  290.   93.   17.
370. 816. 909. 860. 668. 513. 424. 243. 108.  39.
 260.  702.  619.  667.  816. 1034.  684.  168.    0.    0.
280. 585. 628. 803. 828. 574. 387. 473. 357.  35.
202. 633. 714. 925. 836. 705. 650. 240.  44.   1.
343. 907. 844. 823. 554. 493. 480. 321. 157.  28.
280. 644. 758. 994. 831. 747. 477. 218.   1.   0.
299. 715. 672. 813. 875. 773. 408. 272. 118.   5.
249. 634. 660. 878. 947. 625. 429. 342. 146.  40.
348. 675. 699. 807. 826. 816. 436. 217.  93.  33.
412. 661. 802. 899. 688. 660. 419. 239. 106.  64.
264. 642. 816. 926. 921. 726. 505. 148.   2.   0.
374. 852. 705. 684. 611. 602. 491. 384. 164.  83.
268. 595. 563. 654. 629. 872. 688. 439. 214.  28.
215. 624. 680. 875. 892. 681. 596. 308.  79.   0.
 480. 1041.  748.  615.  500.  490.  440.  321.  225.   90.
285. 554. 578. 626. 823. 958. 669. 335. 122.   0.
246. 669. 733. 916. 812. 728. 566. 272.   8.   0.
 414. 1016. 1025.  818.  477.  427.  356.  214.  169.   34.
483. 931. 684. 635. 542. 455. 379. 305. 281. 255.
324. 711. 754. 919. 874. 718. 379. 185.  86.   0.
371. 787. 798. 705. 686. 553. 429. 364. 204.  53.
462. 988. 726. 682. 544. 506. 359. 271. 245. 167.
 453. 1025.  780.  634.  522.  448.  424.  301.  219.  144.
 471. 1061.  750.  547.  495.  462.  442.  355.  254.  113.
259. 549. 586. 838. 865. 643. 676. 449.  83.   2.
382. 807. 887. 848. 609. 640. 334. 288. 147.   8.
247. 701. 633. 696. 846. 880. 678. 269.   0.   0.
362. 797. 754. 799. 752. 526. 325. 305. 269.  61.
318. 676. 838. 960. 746. 687. 467. 251.   7.   0.
240. 480. 741. 856. 817. 691. 511. 229. 297.  88.
269. 515. 752. 709. 769. 743. 597. 528.  68.   0.
451. 527. 590. 694. 797. 872. 816. 203.   0.   0.
