441. 635. 658. 960. 607. 509. 471. 416. 252.   1.
630. 941. 782. 702. 544. 468. 364. 228. 182. 109.
407. 503. 484. 522. 593. 985. 680. 699.  77.   0.
 424.  441.  494.  515.  601. 1038.  622.  731.   84.    0.
966. 948. 801. 704. 538. 435. 285. 179.  84.  10.
873. 824. 704. 645. 486. 498. 373. 286. 167.  94.
941. 869. 752. 646. 496. 451. 351. 236. 160.  48.
932. 840. 772. 676. 578. 422. 319. 243. 124.  44.
920. 837. 705. 603. 542. 454. 391. 302. 153.  43.
960. 859. 768. 719. 579. 378. 326. 226. 110.  25.
783. 804. 809. 658. 613. 439. 388. 230. 179.  47.
859. 903. 651. 525. 485. 540. 436. 339. 136.  76.
980. 892. 769. 712. 561. 416. 275. 173. 120.  52.
 633. 1073.  786.  789.  584.  389.  305.  240.  113.   38.
857. 862. 634. 588. 509. 452. 435. 331. 218.  64.
936. 817. 749. 661. 626. 406. 328. 217. 144.  66.
338. 395. 452. 486. 486. 983. 616. 463. 620. 111.
286. 742. 860. 935. 735. 537. 421. 274. 150.  10.
366. 418. 443. 383. 455. 544. 949. 816. 486.  90.
536. 690. 570. 709. 735. 513. 579. 470. 148.   0.
454. 623. 633. 698. 888. 556. 454. 330. 314.   0.
369. 367. 464. 531. 472. 490. 988. 619. 568.  82.
354. 392. 444. 471. 450. 534. 876. 584. 703. 142.
359. 389. 446. 470. 450. 505. 944. 596. 691. 100.
 484.  587.  615.  641. 1061.  775.  470.  197.   99.   21.
471. 547. 623. 819. 806. 624. 527. 352. 132.  49.
428. 513. 752. 859. 893. 624. 388. 310. 132.  51.
443. 545. 603. 762. 801. 589. 574. 375. 183.  75.
