381. 438. 444. 499. 863. 597. 496. 489. 478. 265.
 356.  361.  438.  486.  530.  468.  558. 1340.  342.   71.
 337.  395.  420.  413.  501.  483.  551. 1298.  418.  134.
 355.  411.  469.  471. 1000.  745.  484.  383.  393.  239.
 335.  374.  454.  438.  470.  525.  533. 1317.  402.  102.
 376.  425.  403.  486.  499.  521.  542. 1285.  330.   83.
367. 464. 443. 505. 851. 655. 470. 402. 498. 295.
 345.  366.  434.  461.  474.  448.  526. 1352.  408.  136.
 359.  378.  451.  396.  502.  469.  529. 1289.  429.  148.
404. 455. 457. 494. 929. 652. 469. 492. 409. 189.
 376.  449.  465.  487.  496.  518.  507. 1251.  335.   66.
 340.  408.  417.  429.  585.  555.  501. 1357.  287.   71.
451. 400. 958. 712. 540. 469. 420. 362. 299. 339.
 349.  382.  401.  484.  502.  495.  509. 1350.  367.  111.
 373.  393.  452.  455.  463.  528.  500. 1356.  350.   80.
388. 478. 974. 736. 607. 499. 391. 342. 269. 266.
 382.  362.  363.  514.  498.  463.  514. 1336.  394.  124.
422. 495. 867. 700. 626. 540. 352. 312. 256. 380.
 375.  394.  446.  452.  521.  462.  552. 1399.  284.   65.
453. 913. 933. 682. 615. 447. 339. 270. 178. 120.
 404.  448.  382.  432.  457.  458.  563. 1329.  361.  116.
 381.  379.  425.  460.  458.  504.  548. 1303.  378.  114.
441. 835. 862. 679. 556. 493. 383. 272. 211. 218.
 384.  424.  409.  497.  468.  492.  496. 1327.  353.  100.
417. 608. 928. 685. 536. 469. 427. 326. 266. 288.
 369.  414.  422.  492.  481.  554.  525. 1285.  328.   80.
427. 412. 473. 999. 657. 480. 413. 371. 424. 294.
 362.  422.  412.  452.  463.  476.  541. 1287.  414.  121.
408. 421. 472. 959. 714. 542. 401. 286. 367. 380.
 346.  373.  437.  497.  532.  546.  504. 1352.  306.   57.
399. 962. 810. 819. 794. 743. 351.  72.   0.   0.
379. 419. 427. 468. 983. 618. 484. 500. 449. 223.
 388.  418.  403.  471. 1068.  778.  482.  337.  411.  194.
 505. 1074.  776.  593.  568.  452.  397.  296.  192.   97.
 413.  399.  407.  446. 1105.  731.  509.  412.  350.  178.
 473. 1120.  824.  658.  556.  443.  370.  239.  190.   77.
395. 384. 421. 447. 949. 627. 403. 486. 522. 316.
 386.  376.  442.  467.  464.  413.  523. 1418.  342.  119.
 434.  446.  476. 1066.  676.  502.  439.  384.  288.  239.
421. 410. 440. 494. 920. 671. 470. 315. 447. 362.
 432.  423. 1006.  744.  594.  518.  337.  407.  180.  309.
 427.  476. 1018.  742.  615.  501.  390.  359.  238.  184.
478. 993. 846. 503. 423. 463. 453. 427. 217. 147.
 404.  434.  508. 1059.  736.  561.  363.  396.  228.  261.
400. 492. 510. 915. 578. 501. 386. 373. 374. 421.
 403.  456.  460. 1177.  751.  590.  397.  343.  179.  194.
 376.  492.  489. 1061.  653.  545.  418.  364.  318.  234.
367. 430. 462. 481. 992. 619. 530. 400. 468. 201.
400. 462. 532. 956. 604. 483. 435. 427. 281. 370.
 406.  425.  511. 1061.  560.  441.  527.  360.  352.  307.
 408.  444.  494. 1021.  631.  537.  446.  359.  296.  314.
 405.  460.  435. 1202.  773.  613.  363.  246.  234.  219.
379. 444. 454. 419. 960. 651. 484. 447. 432. 280.
382. 406. 436. 456. 923. 650. 463. 422. 510. 302.
 373.  371.  437.  449.  498.  455.  530. 1325.  378.  134.
 394.  407.  459.  489. 1046.  762.  542.  332.  318.  201.
 331.  394.  404.  460.  459.  541.  550. 1303.  399.  109.
374. 406. 465. 478. 896. 526. 496. 490. 510. 309.
 369.  421.  398.  470.  448.  522.  542. 1311.  386.   83.
481. 999. 738. 626. 523. 472. 361. 318. 230. 202.
401. 434. 447. 465. 904. 577. 513. 512. 496. 201.
 386.  368.  396.  583.  504.  515.  493. 1350.  289.   66.
 360.  403.  384.  452.  451.  475.  588. 1295.  398.  144.
 456.  957.  922. 1169. 1102.  318.   26.    0.    0.    0.
474. 939. 737. 684. 596. 536. 396. 342. 212.  34.
524. 828. 758. 626. 585. 520. 474. 330. 305.   0.
726. 725. 665. 619. 598. 506. 381. 315. 278. 137.
392. 784. 851. 640. 643. 716. 473. 329. 122.   0.
639. 924. 725. 608. 569. 464. 384. 336. 247.  54.
 483.  739. 1003.  767.  626.  468.  382.  257.  154.   71.
 573. 1067.  789.  667.  558.  488.  348.  257.  150.   53.
 370.  362.  406.  430.  444.  478.  556. 1306.  424.  174.
