 471.  491.  492.  519.  673.  920. 1298.   86.    0.    0.
533. 633. 689. 902. 903. 548. 402. 281.  59.   0.
 464.  493.  568.  568.  641.  919. 1221.   76.    0.    0.
962. 866. 835. 653. 547. 448. 315. 206. 106.  12.
936. 909. 772. 667. 537. 474. 325. 214.  74.  42.
899. 848. 722. 662. 527. 482. 330. 232. 192.  56.
932. 778. 791. 625. 535. 473. 333. 288. 158.  37.
967. 871. 672. 591. 580. 506. 367. 219. 136.  41.
884. 850. 746. 633. 540. 456. 363. 277. 150.  51.
902. 858. 775. 636. 520. 515. 308. 259. 143.  34.
915. 805. 739. 648. 568. 410. 338. 255. 218.  54.
953. 956. 752. 653. 548. 487. 311. 193.  77.  20.
936. 805. 663. 644. 539. 401. 422. 311. 184.  45.
 493.  441.  554.  533.  670.  779. 1337.  143.    0.    0.
566. 642. 775. 737. 772. 626. 507. 286.  39.   0.
915. 776. 614. 507. 464. 450. 427. 405. 292. 100.
973. 833. 719. 506. 544. 432. 472. 279. 181.  11.
916. 842. 760. 691. 600. 393. 291. 252. 154.  51.
866. 857. 746. 659. 548. 463. 334. 257. 151.  69.
887. 904. 774. 687. 587. 406. 296. 233. 117.  59.
845. 827. 655. 604. 472. 498. 392. 334. 211. 112.
933. 855. 820. 632. 576. 422. 347. 196. 151.  18.
955. 922. 759. 651. 536. 447. 347. 240.  73.  20.
914. 856. 732. 599. 574. 440. 392. 254. 154.  35.
966. 874. 811. 741. 561. 381. 304. 202.  90.  20.
