 441.  546.  591. 1105. 1068.  614.  415.  161.    9.    0.
 480.  560.  644. 1017.  950.  623.  455.  211.   10.    0.
338. 405. 466. 424. 497. 487. 926. 724. 587.  96.
445. 916. 820. 683. 590. 448. 346. 308. 236. 158.
473. 950. 791. 642. 548. 467. 383. 296. 215. 185.
 359.  421.  416.  466.  476. 1079.  590.  461.  527.  155.
 476. 1050.  689.  448.  435.  421.  450.  420.  335.  226.
362. 405. 421. 471. 550. 938. 501. 366. 735. 201.
 448. 1115.  790.  703.  583.  431.  356.  279.  178.   67.
372. 436. 426. 432. 527. 842. 529. 468. 736. 182.
489. 944. 673. 592. 560. 465. 369. 305. 331. 222.
346. 421. 422. 438. 495. 915. 571. 478. 663. 201.
471. 900. 756. 643. 534. 453. 429. 281. 227. 256.
 359.  431.  417.  466.  448. 1016.  567.  479.  619.  148.
