365. 413. 407. 436. 520. 866. 589. 495. 676. 183.
 438.  454.  503.  484.  572.  702. 1329.  468.    0.    0.
481. 402. 538. 557. 610. 996. 646. 594. 126.   0.
 413.  449.  580.  563.  579. 1015.  746.  392.  163.   50.
461. 713. 855. 898. 971. 626. 194. 228.   4.   0.
358. 587. 514. 659. 752. 994. 897. 189.   0.   0.
 669. 1034.  834.  736.  645.  438.  348.  168.   75.    3.
 607.  674. 1022.  884.  687.  451.  332.  199.   82.   12.
 543. 1050. 1269.  919.  663.  274.  127.   82.   19.    4.
 608.  862. 1009.  741.  544.  474.  325.  233.   94.   60.
492. 547. 655. 981. 809. 535. 382. 289. 197.  63.
422. 438. 486. 570. 565. 872. 681. 687. 228.   1.
344. 824. 676. 601. 696. 718. 731. 312.  48.   0.
 389.  793.  902. 1026.  759.  612.  258.  156.   55.    0.
 534. 1054.  799.  631.  562.  482.  387.  300.  168.   33.
512. 778. 974. 870. 701. 627. 283. 135.  70.   0.
447. 451. 533. 557. 714. 991. 675. 471. 111.   0.
428. 519. 538. 627. 866. 691. 586. 462. 233.   0.
 441.  422.  479.  524.  557.  793. 1367.  367.    0.    0.
 467.  435.  416.  548.  601.  740. 1257.  486.    0.    0.
428. 712. 899. 874. 699. 552. 278. 392. 116.   0.
780. 821. 959. 752. 521. 456. 343. 173. 116.  29.
886. 810. 752. 633. 522. 503. 377. 267. 144.  56.
 619.  670.  966. 1010.  743.  465.  305.  161.   11.    0.
 449.  472.  502.  507.  593.  671. 1282.  474.    0.    0.
339. 670. 712. 942. 933. 651. 364. 264.  75.   0.
290. 629. 848. 906. 751. 598. 451. 367. 110.   0.
298. 677. 954. 959. 787. 599. 340. 246.  90.   0.
467. 686. 854. 756. 527. 494. 389. 471. 300.   6.
 456.  841.  926. 1152.  961.  459.  138.   17.    0.    0.
320. 594. 636. 738. 818. 935. 818.  91.   0.   0.
495. 888. 872. 836. 778. 770. 301.  10.   0.   0.
372. 564. 851. 926. 833. 940. 438.  26.   0.   0.
 445.  754.  993. 1088.  962.  463.  197.   48.    0.    0.
499. 726. 857. 639. 496. 515. 471. 697.  50.   0.
313. 600. 811. 959. 740. 861. 495. 143.  28.   0.
336. 549. 786. 802. 856. 618. 555. 395.  53.   0.
 472.  847. 1209.  964.  803.  448.  181.   26.    0.    0.
 357.  727. 1013. 1072.  815.  565.  340.   61.    0.    0.
 449.  972. 1175.  999.  632.  428.  262.   33.    0.    0.
 342.  605.  683.  761.  780. 1017.  660.  102.    0.    0.
 403.  885. 1118. 1012.  743.  588.  187.   14.    0.    0.
421. 714. 782. 589. 673. 757. 809. 194.  11.   0.
553. 805. 942. 962. 871. 617. 188.  12.   0.   0.
368. 581. 750. 738. 744. 618. 473. 537. 140.   1.
385. 579. 781. 991. 851. 641. 512. 201.   9.   0.
457. 834. 903. 862. 844. 781. 254.  15.   0.   0.
4.06e+02 9.24e+02 1.03e+03 1.08e+03 9.59e+02 4.29e+02 1.21e+02 1.00e+00
 0.00e+00 0.00e+00
505. 945. 886. 848. 830. 752. 183.   1.   0.   0.
 442.  902. 1018. 1090.  655.  443.  387.   13.    0.    0.
413. 484. 631. 670. 716. 881. 992. 163.   0.   0.
423. 583. 693. 734. 506. 714. 700. 501.  82.  14.
497. 756. 925. 834. 886. 685. 330.  37.   0.   0.
 408.  671.  987. 1011.  927.  526.  350.   70.    0.    0.
440. 700. 810. 922. 784. 766. 510.  18.   0.   0.
 451. 1029. 1272.  910.  708.  514.   64.    2.    0.    0.
3.960e+02 1.050e+03 1.158e+03 1.058e+03 9.390e+02 2.800e+02 6.800e+01
 1.000e+00 0.000e+00 0.000e+00
519. 798. 778. 941. 761. 720. 418.  15.   0.   0.
483. 694. 904. 873. 738. 511. 428. 225.  94.   0.
924. 871. 825. 662. 556. 442. 303. 224. 101.  42.
863. 860. 744. 697. 539. 460. 341. 268. 117.  61.
891. 768. 683. 662. 547. 440. 372. 308. 170. 109.
906. 802. 768. 645. 562. 440. 371. 246. 156.  54.
884. 832. 758. 644. 586. 429. 355. 288. 139.  35.
887. 806. 759. 571. 556. 466. 413. 281. 156.  55.
949. 858. 720. 609. 509. 471. 395. 241. 161.  37.
898. 815. 709. 648. 536. 468. 360. 291. 185.  40.
1028.  919.  732.  658.  538.  432.  324.  221.   81.   17.
940. 808. 732. 611. 560. 474. 348. 272. 160.  45.
943. 767. 665. 616. 527. 465. 376. 353. 203.  35.
907. 841. 763. 660. 565. 442. 347. 264. 128.  33.
927. 805. 723. 560. 563. 461. 408. 302. 155.  46.
923. 864. 776. 618. 573. 428. 343. 239. 123.  63.
930. 854. 792. 651. 537. 453. 357. 214. 125.  37.
970. 805. 688. 706. 667. 435. 233. 210. 152.  84.
910. 849. 784. 614. 570. 430. 351. 220. 164.  58.
921. 818. 780. 662. 505. 448. 351. 219. 180.  66.
923. 779. 717. 661. 630. 429. 306. 219. 199.  87.
843. 772. 688. 591. 494. 475. 395. 328. 232. 132.
996. 881. 826. 720. 545. 407. 311. 155.  80.  29.
521. 783. 943. 918. 745. 516. 318. 157.  49.   0.
936. 855. 786. 658. 562. 471. 300. 206. 138.  38.
941. 846. 693. 604. 521. 470. 434. 252. 162.  27.
920. 843. 823. 652. 572. 437. 334. 190. 139.  40.
917. 732. 729. 580. 590. 399. 369. 314. 244.  76.
989. 924. 850. 699. 533. 426. 261. 164. 104.   0.
960. 729. 636. 646. 589. 415. 357. 331. 225.  62.
