417. 559. 828. 942. 649. 573. 434. 314. 212.  22.
372. 577. 933. 956. 663. 552. 444. 194. 224.  35.
439. 634. 941. 841. 627. 469. 433. 286. 212.  68.
381. 527. 842. 814. 600. 592. 497. 341. 331.  25.
 426.  410.  476.  489.  476.  588. 1010.  804.  260.   11.
409. 405. 411. 481. 548. 551. 995. 862. 253.  35.
395. 402. 454. 492. 539. 594. 902. 968. 191.  13.
969. 797. 671. 607. 543. 453. 390. 295. 175.  50.
 540. 1008.  767.  639.  536.  466.  407.  322.  181.   84.
932. 802. 823. 716. 496. 446. 367. 175. 133.  60.
911. 867. 838. 697. 508. 445. 335. 185. 107.  57.
469. 483. 963. 844. 649. 503. 382. 330. 248.  79.
370. 437. 439. 529. 482. 564. 898. 929. 291.  11.
 452.  497. 1020.  756.  619.  515.  405.  382.  216.   88.
393. 412. 452. 487. 497. 530. 992. 921. 262.   4.
384. 410. 432. 466. 524. 591. 952. 938. 242.  11.
361. 407. 468. 490. 549. 545. 977. 899. 231.  23.
868. 762. 711. 626. 618. 413. 360. 247. 226. 119.
 585. 1122.  866.  755.  633.  423.  241.  166.  133.   26.
982. 847. 671. 593. 492. 540. 400. 276. 114.  35.
965. 919. 817. 654. 545. 387. 293. 188. 120.  62.
 501.  489. 1017.  895.  727.  504.  355.  216.  173.   73.
380. 434. 448. 418. 502. 588. 832. 892. 424.  32.
441. 582. 976. 819. 641. 458. 411. 353. 206.  63.
389. 363. 411. 504. 576. 496. 916. 910. 365.  20.
 372.  410.  450.  486.  543.  545. 1159.  753.  213.   19.
 393.  413.  446.  510.  525.  564. 1064.  859.  172.    4.
966. 823. 733. 713. 564. 411. 341. 263. 118.  18.
590. 962. 846. 657. 527. 499. 382. 264. 187.  36.
894. 878. 777. 696. 532. 451. 320. 209. 136.  57.
939. 866. 781. 642. 552. 412. 324. 247. 140.  47.
455. 607. 890. 766. 653. 515. 363. 409. 238.  54.
378. 398. 390. 460. 499. 473. 948. 948. 400.  56.
456. 569. 958. 810. 727. 445. 396. 334. 205.  50.
