307. 659. 683. 713. 817. 705. 598. 315. 117.  36.
261. 574. 741. 747. 806. 659. 598. 362. 144.  58.
426. 664. 883. 915. 885. 849. 265.  63.   0.   0.
427. 636. 932. 820. 860. 912. 276.  87.   0.   0.
370. 444. 557. 832. 886. 643. 468. 259. 460.  31.
 427.  444.  473.  530.  622.  778. 1196.  480.    0.    0.
 530.  569.  911. 1080.  719.  509.  338.  294.    0.    0.
367. 418. 445. 491. 533. 707. 995. 709. 285.   0.
452. 524. 974. 767. 640. 590. 563. 373.  67.   0.
639. 995. 823. 705. 602. 423. 330. 268. 144.  21.
460. 841. 938. 708. 651. 471. 309. 293. 164. 115.
 493. 1000.  824.  719.  628.  563.  414.  267.   42.    0.
435. 579. 844. 782. 680. 610. 517. 357. 146.   0.
489. 533. 906. 902. 550. 546. 431. 418. 175.   0.
436. 540. 983. 802. 596. 543. 389. 350. 236.  75.
 389.  780. 1004.  868.  621.  540.  393.  209.  129.   17.
359. 613. 686. 829. 898. 636. 400. 315. 214.   0.
 492.  610. 1125.  758.  589.  551.  404.  400.   21.    0.
 507.  552.  874. 1048.  689.  615.  373.  196.   96.    0.
304. 652. 873. 946. 991. 729. 235. 220.   0.   0.
486. 473. 519. 874. 692. 669. 343. 209. 678.   7.
439. 505. 480. 531. 669. 959. 658. 588. 121.   0.
 453.  457.  480.  502.  571.  694. 1304.  489.    0.    0.
 424.  461.  502.  527.  604.  862. 1080.  490.    0.    0.
443. 446. 479. 578. 674. 884. 816. 555.  75.   0.
 457.  457.  480.  519.  588.  692. 1303.  454.    0.    0.
 472.  467.  496.  517.  606.  866. 1074.  452.    0.    0.
733. 609. 545. 569. 376. 387. 366. 972. 355.  38.
405. 372. 427. 495. 535. 892. 911. 399. 482.  32.
371. 410. 402. 479. 517. 656. 732. 537. 736. 110.
356. 397. 416. 472. 498. 781. 826. 483. 608. 113.
392. 371. 442. 475. 556. 702. 855. 442. 650.  65.
