507. 774. 907. 722. 529. 473. 388. 401. 151.  98.
398. 403. 529. 541. 977. 607. 557. 343. 524.  71.
384. 465. 487. 506. 889. 649. 551. 483. 507.  29.
 605. 1139.  767.  735.  601.  393.  297.  275.  122.   16.
389. 402. 486. 501. 989. 797. 512. 384. 490.   0.
974. 851. 694. 632. 545. 474. 369. 265. 117.  29.
941. 908. 791. 630. 582. 435. 332. 208. 101.  22.
957. 841. 633. 488. 489. 524. 441. 340. 160.  77.
921. 821. 722. 610. 527. 472. 384. 254. 170.  69.
891. 801. 694. 606. 519. 451. 412. 302. 184.  90.
853. 781. 708. 654. 575. 471. 350. 270. 205.  83.
934. 826. 742. 692. 599. 392. 318. 260. 157.  30.
909. 776. 705. 628. 572. 440. 364. 278. 225.  53.
 408.  407.  460.  487. 1016.  905.  504.  284.  460.   19.
977. 919. 813. 683. 553. 407. 299. 187.  87.  25.
951. 800. 686. 558. 521. 457. 421. 297. 219.  40.
910. 847. 735. 682. 567. 431. 333. 262. 130.  53.
1010.  844.  788.  660.  594.  407.  351.  202.   90.    4.
933. 865. 788. 628. 576. 431. 344. 234. 122.  29.
909. 857. 719. 661. 518. 464. 340. 277. 142.  63.
944. 828. 693. 584. 489. 501. 415. 306. 132.  58.
943. 862. 842. 698. 514. 437. 333. 173. 108.  40.
921. 794. 749. 650. 514. 465. 364. 271. 168.  54.
957. 892. 785. 729. 532. 429. 282. 197. 118.  29.
905. 852. 914. 662. 594. 406. 301. 161. 107.  48.
941. 786. 677. 567. 486. 463. 428. 328. 214.  60.
422. 389. 467. 545. 847. 724. 508. 379. 661.   8.
1028.  934.  883.  701.  530.  405.  222.  122.   79.   46.
954. 796. 647. 557. 501. 479. 428. 340. 192.  56.
876. 824. 740. 665. 550. 449. 337. 262. 169.  78.
1024.  790.  703.  602.  517.  539.  314.  223.  189.   49.
955. 898. 762. 649. 551. 434. 359. 199. 121.  22.
967. 835. 756. 608. 552. 513. 331. 240. 109.  39.
969. 878. 785. 660. 583. 409. 291. 196. 119.  60.
927. 892. 790. 648. 567. 441. 330. 211. 112.  32.
965. 808. 756. 713. 577. 428. 284. 230. 159.  30.
916. 875. 734. 616. 555. 457. 370. 253. 137.  37.
974. 827. 936. 648. 580. 408. 269. 184. 100.  24.
933. 811. 760. 689. 558. 440. 318. 231. 167.  43.
940. 901. 789. 691. 546. 439. 308. 219. 104.  13.
868. 887. 829. 612. 589. 429. 346. 244. 108.  38.
750. 897. 732. 623. 529. 451. 377. 283. 201. 107.
561. 596. 853. 698. 582. 477. 452. 448. 268.  15.
 511. 1043.  808.  682.  518.  487.  366.  258.  158.  119.
424. 471. 560. 901. 456. 425. 507. 451. 446. 309.
421. 420. 461. 992. 696. 515. 407. 370. 436. 232.
 510. 1079.  651.  607.  548.  435.  421.  348.  243.  108.
603. 780. 806. 723. 642. 475. 392. 374. 142.  13.
911. 867. 634. 541. 577. 477. 424. 277. 183.  59.
 435.  623. 1096.  777.  538.  521.  413.  237.  197.  113.
 419.  490. 1063.  920.  794.  542.  337.  207.  178.    0.
406. 457. 908. 766. 865. 607. 387. 331. 223.   0.
403. 467. 912. 784. 681. 644. 457. 368. 234.   0.
412. 492. 853. 785. 514. 512. 446. 379. 291. 266.
1010.  910.  828.  712.  559.  402.  242.  161.  101.   25.
945. 829. 685. 624. 502. 496. 406. 244. 156.  63.
857. 783. 706. 664. 496. 445. 370. 302. 202. 125.
 436.  548.  582.  648.  730. 1096.  665.  174.   71.    0.
 412.  472.  471.  568.  632.  784. 1350.  261.    0.    0.
897. 814. 782. 671. 544. 470. 332. 223. 178.  39.
861. 773. 674. 576. 532. 450. 402. 339. 241. 102.
 450.  692. 1028.  785.  644.  449.  392.  306.  163.   41.
941. 888. 766. 674. 528. 491. 329. 193. 110.  30.
437. 469. 474. 509. 751. 897. 501. 590. 322.   0.
408. 509. 580. 626. 856. 767. 485. 497. 214.   8.
390. 417. 417. 450. 986. 739. 394. 311. 383. 463.
400. 412. 459. 891. 835. 609. 489. 338. 199. 318.
444. 829. 737. 697. 431. 482. 459. 287. 294. 290.
 435.  461. 1163.  784.  490.  465.  455.  278.  235.  184.
438. 831. 808. 655. 581. 478. 377. 316. 253. 213.
820. 891. 738. 663. 560. 445. 333. 263. 145.  92.
343. 365. 428. 470. 460. 501. 900. 886. 440. 157.
483. 699. 667. 900. 695. 365. 316. 492. 323.  10.
840. 912. 820. 694. 584. 419. 284. 217. 143.  37.
 450.  493. 1233.  809.  659.  481.  301.  258.  180.   86.
 456.  577. 1056.  852.  693.  471.  382.  220.  141.  102.
483. 941. 849. 719. 614. 497. 308. 195. 246.  98.
466. 517. 732. 963. 632. 654. 711. 226.  48.   1.
434. 514. 583. 775. 817. 781. 572. 375.  98.   1.
403. 446. 511. 561. 619. 925. 500. 403. 571.  11.
490. 560. 544. 703. 960. 880. 412. 307.  94.   0.
 417.  487.  462.  512.  550.  752. 1107.  663.    0.    0.
423. 499. 523. 969. 665. 533. 422. 360. 553.   3.
906. 980. 771. 674. 499. 460. 301. 214.  98.  47.
 491.  533. 1065.  669.  562.  523.  384.  345.  262.  116.
