383. 419. 381. 413. 463. 498. 828. 869. 523. 173.
358. 375. 455. 410. 438. 571. 857. 894. 472. 120.
 392.  349.  414.  494.  431.  469.  719. 1142.  419.  121.
 442.  453.  461.  553.  623.  675. 1336.  407.    0.    0.
 437.  438.  471.  524.  586.  717. 1313.  464.    0.    0.
 430.  471.  457.  513.  568.  728. 1315.  468.    0.    0.
 432.  451.  483.  511.  568.  746. 1300.  459.    0.    0.
961. 813. 668. 681. 554. 408. 352. 295. 174.  44.
888. 850. 718. 618. 530. 476. 357. 295. 147.  71.
273. 639. 807. 961. 817. 570. 491. 248. 144.   0.
378. 399. 415. 501. 490. 958. 711. 438. 551. 109.
357. 401. 429. 423. 461. 980. 747. 498. 519. 135.
373. 395. 445. 509. 500. 961. 758. 449. 485.  75.
374. 398. 421. 439. 452. 890. 691. 465. 642. 178.
366. 374. 465. 423. 556. 804. 656. 500. 728.  78.
374. 422. 402. 396. 505. 869. 721. 509. 609. 143.
355. 387. 441. 438. 444. 954. 707. 502. 591. 131.
352. 397. 446. 461. 469. 992. 787. 474. 459. 113.
376. 379. 413. 443. 559. 927. 737. 456. 549. 111.
345. 396. 441. 486. 497. 946. 721. 419. 581. 118.
356. 403. 400. 457. 516. 937. 769. 413. 566. 133.
 381.  405.  463.  472.  480. 1043.  835.  466.  352.   53.
357. 404. 441. 454. 474. 779. 618. 493. 762. 168.
395. 445. 447. 462. 475. 719. 618. 505. 768. 116.
