926. 843. 699. 662. 552. 491. 313. 257. 143.  64.
 404.  454.  499. 1096.  565.  457.  450.  461.  294.  270.
419. 421. 921. 854. 599. 504. 496. 336. 250. 150.
404. 438. 448. 798. 801. 559. 461. 397. 385. 259.
918. 884. 764. 694. 548. 432. 309. 215. 151.  35.
921. 774. 818. 610. 611. 418. 312. 300. 131.  55.
875. 853. 747. 697. 564. 418. 313. 255. 163.  65.
885. 816. 802. 657. 529. 474. 337. 224. 174.  52.
858. 777. 799. 613. 624. 433. 315. 247. 172. 112.
970. 921. 815. 664. 548. 418. 291. 202.  82.  39.
865. 811. 738. 706. 534. 432. 373. 210. 151. 130.
866. 835. 733. 589. 631. 390. 359. 294. 160.  93.
923. 808. 748. 605. 525. 439. 415. 294. 134.  59.
895. 843. 734. 629. 539. 443. 378. 248. 177.  64.
926. 765. 682. 501. 463. 518. 412. 340. 258.  85.
956. 806. 732. 670. 516. 467. 376. 235. 127.  65.
861. 754. 695. 557. 528. 435. 399. 352. 221. 148.
918. 819. 705. 708. 551. 437. 327. 273. 152.  60.
947. 778. 789. 676. 599. 426. 260. 248. 164.  63.
867. 836. 735. 643. 550. 450. 374. 262. 154.  79.
966. 870. 759. 585. 499. 462. 345. 272. 125.  67.
949. 779. 769. 697. 582. 427. 300. 220. 170.  57.
900. 826. 733. 580. 549. 461. 409. 272. 146.  74.
998. 869. 694. 547. 523. 485. 417. 249. 118.  50.
979. 872. 760. 617. 577. 445. 344. 223. 106.  27.
924. 862. 713. 628. 567. 437. 369. 290. 132.  28.
913. 825. 744. 677. 548. 427. 368. 249. 148.  51.
891. 805. 736. 609. 568. 448. 356. 307. 163.  67.
940. 881. 791. 668. 547. 444. 318. 226. 105.  30.
956. 803. 783. 663. 619. 420. 286. 213. 141.  66.
910. 892. 772. 642. 526. 445. 323. 233. 139.  68.
974. 917. 777. 651. 547. 451. 333. 194.  88.  18.
900. 819. 724. 685. 601. 439. 302. 249. 156.  75.
893. 799. 699. 633. 521. 470. 364. 298. 198.  75.
960. 858. 763. 713. 493. 450. 350. 208.  82.  73.
894. 871. 775. 699. 584. 416. 306. 171. 151.  83.
946. 862. 739. 660. 561. 463. 338. 204. 128.  49.
910. 821. 675. 582. 534. 420. 403. 345. 161.  99.
971. 848. 791. 694. 575. 398. 323. 219. 101.  30.
962. 801. 632. 629. 524. 457. 395. 354. 158.  38.
935. 882. 744. 617. 572. 429. 392. 218. 122.  39.
 447.  493.  455.  535.  577.  744. 1282.  417.    0.    0.
943. 810. 650. 593. 520. 474. 412. 310. 179.  59.
963. 917. 779. 664. 560. 442. 323. 200.  74.  28.
924. 849. 672. 537. 521. 491. 435. 317. 162.  42.
903. 843. 727. 626. 545. 464. 374. 257. 151.  60.
989. 883. 790. 695. 568. 448. 261. 184. 102.  30.
905. 835. 741. 649. 529. 461. 362. 262. 160.  46.
923. 796. 693. 553. 493. 473. 409. 326. 216.  68.
964. 900. 810. 722. 568. 399. 268. 183. 104.  32.
942. 843. 749. 621. 523. 482. 364. 263. 141.  22.
970. 877. 822. 692. 517. 456. 303. 186.  98.  29.
1008.  863.  732.  570.  575.  474.  380.  206.  120.   22.
992. 906. 835. 664. 558. 398. 298. 204.  86.   9.
936. 883. 807. 697. 540. 434. 300. 223.  96.  34.
984. 902. 707. 661. 529. 387. 333. 265. 143.  39.
