826. 916. 790. 661. 582. 437. 329. 220. 161.  28.
914. 805. 720. 625. 524. 478. 342. 297. 183.  62.
 499. 1089.  994.  790.  639.  407.  273.  210.   46.    3.
 483.  495.  745. 1105.  668.  555.  369.  313.  169.   48.
 451.  456.  440.  491.  613.  742. 1400.  357.    0.    0.
 477.  473.  451.  484.  526.  770. 1181.  575.   13.    0.
 419.  434.  521.  563.  609.  689. 1358.  330.   27.    0.
 423.  469.  512.  514.  540.  787. 1319.  370.   16.    0.
 437.  445.  507.  567.  649.  651. 1333.  333.   28.    0.
 446.  471.  527.  499.  554.  930. 1168.  336.   19.    0.
 472.  500.  516.  499.  563.  876. 1219.  301.    4.    0.
 473.  461.  513.  575.  620.  914. 1147.  239.    8.    0.
 448.  453.  485.  521.  592.  736. 1288.  372.   55.    0.
 427.  447.  499.  525.  548.  741. 1169.  520.   74.    0.
 407.  459.  517.  573.  587.  726. 1366.  304.   11.    0.
