397. 432. 478. 941. 841. 570. 496. 325. 339. 131.
 466.  436.  461.  514.  628.  684. 1320.  441.    0.    0.
 352.  377.  456.  431.  481.  525.  509. 1359.  386.   74.
895. 840. 621. 467. 458. 478. 486. 370. 258.  77.
439. 466. 476. 961. 752. 601. 458. 464. 241.  92.
1026.  840.  797.  649.  525.  417.  305.  218.  152.   21.
936. 821. 719. 596. 553. 449. 369. 264. 178.  65.
 369.  403.  457.  483.  499.  470.  523. 1271.  357.  118.
 358.  383.  397.  512.  483.  476.  546. 1322.  365.  108.
876. 807. 715. 636. 548. 461. 346. 287. 171. 103.
895. 892. 782. 646. 566. 446. 333. 228. 123.  39.
980. 882. 776. 651. 580. 435. 338. 186. 107.  15.
