 497.  507.  538.  720. 1169.  637.  352.  252.  180.   98.
578. 441. 603. 861. 820. 598. 518. 214. 225.  92.
 551.  579.  575.  694. 1199. 1089.  227.   36.    0.    0.
477. 579. 684. 686. 912. 591. 473. 302. 212.  34.
 499.  535.  560.  789. 1221.  595.  347.  218.  156.   30.
517. 599. 558. 644. 923. 611. 455. 339. 236.  68.
 500.  552.  528.  783. 1007.  659.  383.  260.  188.   90.
466. 600. 713. 712. 871. 646. 475. 286. 168.  13.
450. 577. 674. 841. 999. 624. 404. 252.  90.  39.
 506.  559.  699.  752. 1072.  610.  369.  211.  152.   20.
488. 574. 713. 733. 963. 645. 408. 282.  99.  45.
 543.  620.  733.  755.  955. 1088.  228.   28.    0.    0.
 504.  553.  674.  716. 1108. 1086.  242.   67.    0.    0.
 492.  598.  714.  760.  997. 1164.  191.   34.    0.    0.
 506.  616.  709.  761.  998. 1133.  206.   21.    0.    0.
504. 596. 593. 725. 790. 634. 466. 366. 222.  54.
 453.  543.  674.  730. 1031.  608.  437.  255.  154.   65.
 480.  479.  686.  698. 1152.  627.  395.  221.  147.   65.
 513.  623.  577.  710. 1013.  645.  411.  265.  141.   52.
 480.  526.  791.  757. 1009.  598.  407.  231.  121.   30.
 461.  572.  667.  770. 1002.  589.  426.  257.  151.   55.
477. 559. 696. 692. 983. 614. 455. 279. 141.  54.
 467.  524.  710.  797. 1008.  618.  405.  238.  147.   36.
 513.  587.  645.  710. 1062. 1086.  308.   39.    0.    0.
 518.  605.  687.  694. 1132. 1057.  214.   43.    0.    0.
 536.  589.  603.  658. 1137. 1112.  265.   50.    0.    0.
 545.  526.  660.  680.  990. 1297.  208.   44.    0.    0.
 557.  556.  575.  722. 1029. 1177.  286.   48.    0.    0.
 514.  607.  559.  743. 1048. 1105.  269.  105.    0.    0.
 521.  546.  647.  712.  938. 1249.  248.   89.    0.    0.
 536.  593.  647.  671. 1037. 1146.  260.   60.    0.    0.
 421.  651.  628.  715. 1032.  599.  417.  303.  149.   35.
469. 567. 698. 839. 893. 593. 441. 278. 129.  43.
 531.  571.  587.  813. 1187.  608.  330.  203.  103.   17.
502. 532. 668. 656. 828. 629. 465. 317. 274.  79.
 473.  530.  711.  746. 1025.  637.  386.  263.  140.   39.
488. 721. 621. 669. 765. 599. 492. 384. 169.  42.
 472.  589.  748.  653. 1073.  627.  418.  249.  101.   20.
 474.  562.  723.  741. 1050.  610.  437.  246.   88.   19.
459. 635. 570. 765. 976. 618. 425. 277. 169.  56.
514. 626. 632. 606. 760. 620. 488. 393. 237.  74.
 463.  604.  632.  691. 1115.  609.  398.  274.  124.   40.
 493.  527.  704.  822. 1162.  589.  332.  186.   96.   39.
 464.  565.  547.  873. 1125.  612.  375.  216.  129.   44.
 481.  543.  704.  829. 1086.  646.  357.  203.   80.   21.
 476.  573.  734.  616. 1008.  656.  442.  283.  133.   29.
481. 569. 727. 731. 867. 630. 453. 315. 146.  31.
 493.  525.  615.  804. 1152.  626.  356.  195.  136.   48.
455. 607. 732. 726. 984. 642. 411. 232. 137.  24.
 502.  582.  673.  688. 1088. 1047.  299.   71.    0.    0.
 511.  573.  705.  757.  925. 1195.  241.   43.    0.    0.
 512.  583.  685.  718. 1084. 1157.  197.   14.    0.    0.
 542.  617.  522.  705. 1042. 1086.  380.   56.    0.    0.
 505.  565.  667.  662. 1110. 1128.  248.   65.    0.    0.
 539.  567.  574.  684. 1184. 1090.  257.   55.    0.    0.
 543.  558.  686.  699.  966. 1122.  284.   92.    0.    0.
 555.  599.  614.  646.  858. 1309.  303.   66.    0.    0.
 534.  566.  650.  750.  985. 1267.  179.   19.    0.    0.
 508.  500.  648.  680. 1209.  643.  337.  236.  133.   56.
 451.  592.  652.  785. 1054.  615.  419.  233.  121.   28.
 506.  535.  675.  755. 1174.  609.  371.  196.  100.   29.
 524.  504.  625.  760. 1162.  588.  400.  216.  143.   28.
501. 508. 771. 747. 989. 584. 444. 233. 134.  39.
491. 506. 738. 749. 969. 626. 420. 251. 145.  55.
503. 544. 701. 621. 851. 619. 477. 338. 208.  88.
 492.  523.  714.  767. 1104.  598.  372.  224.  112.   44.
