 368.  392.  421.  465.  445.  576.  500. 1350.  363.   70.
 570.  620.  709.  724. 1180.  792.  180.  117.   58.    0.
676. 598. 545. 574. 707. 786. 492. 567.   5.   0.
861. 772. 662. 576. 525. 468. 427. 348. 233.  78.
881. 808. 713. 643. 547. 464. 347. 304. 184.  59.
997. 887. 829. 675. 554. 407. 330. 188.  70.  13.
876. 839. 815. 711. 554. 453. 362. 188. 115.  37.
748. 778. 801. 693. 637. 549. 382. 188. 144.  30.
923. 775. 634. 562. 523. 447. 414. 374. 236.  62.
908. 746. 720. 650. 569. 436. 377. 255. 237.  52.
913. 744. 714. 644. 499. 491. 369. 286. 223.  67.
926. 743. 767. 573. 579. 445. 395. 227. 249.  46.
889. 825. 674. 558. 508. 476. 428. 321. 195.  76.
905. 825. 745. 636. 509. 482. 382. 248. 177.  41.
879. 742. 678. 645. 595. 463. 304. 265. 207. 172.
838. 831. 725. 667. 585. 472. 350. 238. 185.  59.
 521. 1005.  886.  666.  558.  532.  407.  244.  104.   27.
491. 705. 642. 692. 800. 914. 524. 174.   8.   0.
733. 985. 771. 532. 510. 537. 405. 342. 131.   4.
730. 815. 534. 514. 729. 545. 615. 260. 169.  39.
375. 643. 623. 655. 913. 940. 449. 342.  10.   0.
