497. 521. 501. 530. 653. 935. 600. 513. 200.   0.
 444.  455.  459.  538.  656. 1296.  548.  390.  164.    0.
 403.  485.  458.  529.  602.  801. 1201.  471.    0.    0.
 451.  433.  467.  493.  661.  758. 1168.  519.    0.    0.
 433.  477.  483.  508.  633.  791. 1246.  379.    0.    0.
 447.  424.  483.  528.  606.  808. 1198.  456.    0.    0.
862. 862. 752. 722. 619. 405. 289. 195. 158.  86.
794. 918. 730. 567. 571. 470. 420. 291. 158.  31.
1022.  886.  657.  587.  518.  553.  369.  230.  111.   17.
888. 805. 686. 553. 513. 488. 413. 342. 202.  60.
 475. 1110.  779.  684.  599.  435.  346.  302.  157.   63.
 522. 1146.  813.  659.  568.  459.  393.  236.  124.   30.
495. 550. 671. 861. 946. 661. 369. 361.  36.   0.
 596.  804. 1010.  738.  604.  456.  359.  235.  128.   20.
 501.  668. 1119.  811.  639.  485.  344.  205.  123.   55.
