505. 783. 973. 683. 573. 476. 390. 317. 204.  46.
 451.  448.  446.  512.  596.  737. 1298.  462.    0.    0.
 443.  441.  445.  517.  616.  722. 1308.  458.    0.    0.
 576.  600.  565.  594.  582.  643. 1213.  177.    0.    0.
 462.  415.  504.  509.  593.  720. 1308.  439.    0.    0.
495. 498. 509. 615. 973. 853. 493. 367. 147.   0.
443. 516. 545. 631. 954. 797. 552. 378. 134.   0.
439. 497. 528. 675. 919. 830. 573. 334. 155.   0.
682. 965. 783. 687. 591. 451. 320. 228. 173.  70.
 691. 1013.  764.  649.  544.  482.  374.  257.  134.   42.
411. 460. 498. 524. 655. 972. 893. 508.  29.   0.
 472.  430.  497.  558.  697. 1131.  604.  491.   70.    0.
461. 450. 446. 554. 655. 996. 769. 607.  12.   0.
401. 338. 482. 484. 476. 575. 975. 927. 292.   0.
385. 441. 469. 459. 548. 643. 934. 877. 194.   0.
 443.  465.  480.  547.  701. 1037.  632.  441.  204.    0.
502. 546. 719. 755. 616. 501. 582. 466. 234.  29.
 453.  477.  494.  534.  639. 1058.  499.  552.  244.    0.
461. 485. 637. 821. 749. 630. 526. 384. 226.  31.
