585. 529. 522. 890. 652. 809. 500. 248. 145.  70.
 442.  534.  568.  718.  824. 1066.  446.  248.   89.   15.
 457.  490.  669.  617.  803. 1033.  484.  270.  111.   16.
 416.  492.  648.  614.  729. 1059.  452.  315.  135.   90.
 443.  476.  583.  745.  817. 1147.  391.  239.   72.   37.
 510.  495.  454.  613.  959. 1029.  479.  209.  144.   58.
461. 550. 592. 668. 577. 914. 544. 367. 218.  59.
 424.  542.  546.  636.  827. 1147.  426.  238.  111.   53.
 481.  538.  459.  547.  797. 1107.  439.  307.  217.   58.
474. 466. 521. 729. 807. 988. 462. 250. 188.  65.
 455.  523.  566.  647.  755. 1053.  459.  273.  155.   64.
 458.  539.  560.  547.  710. 1206.  412.  314.  171.   33.
 444.  472.  582.  672.  774. 1056.  474.  260.  131.   85.
 492.  510.  518.  532.  835. 1143.  438.  273.  185.   24.
485. 548. 455. 590. 778. 982. 468. 304. 254.  86.
 455.  493.  577.  594.  846. 1070.  429.  291.  154.   41.
480. 547. 508. 684. 762. 893. 488. 289. 214.  85.
478. 529. 523. 638. 758. 859. 530. 312. 227.  96.
747. 868. 770. 595. 535. 462. 377. 259. 196. 141.
843. 729. 646. 659. 497. 427. 431. 308. 258. 152.
592. 906. 786. 683. 591. 467. 448. 239. 218.  20.
591. 744. 735. 609. 655. 611. 638. 300.  67.   0.
728. 901. 769. 679. 559. 461. 368. 258. 169.  58.
573. 745. 693. 612. 601. 659. 705. 351.  11.   0.
716. 876. 671. 638. 573. 470. 363. 368. 197.  78.
869. 946. 846. 598. 613. 398. 376. 186.  87.  31.
561. 712. 672. 776. 710. 609. 457. 324. 129.   0.
704. 829. 742. 672. 529. 481. 371. 299. 236.  87.
540. 679. 834. 666. 754. 676. 483. 280.  38.   0.
651. 730. 828. 873. 530. 509. 421. 252. 117.  39.
717. 918. 778. 611. 566. 459. 338. 349. 158.  56.
