 549.  632.  818. 1251.  854.  557.  284.    5.    0.    0.
 536.  623.  728. 1191.  903.  682.  284.    3.    0.    0.
 449.  705.  822. 1209.  963.  556.  234.   12.    0.    0.
 450.  797.  897. 1273.  863.  495.  162.   13.    0.    0.
 499.  728.  920. 1353.  854.  486.  110.    0.    0.    0.
 476.  606.  811. 1259.  933.  567.  294.    4.    0.    0.
 457.  663.  856. 1286.  856.  576.  252.    4.    0.    0.
5.210e+02 6.120e+02 8.220e+02 1.336e+03 8.720e+02 5.150e+02 2.710e+02
 1.000e+00 0.000e+00 0.000e+00
 462.  756.  952. 1291.  852.  462.  170.    5.    0.    0.
 465.  615.  744. 1230.  948.  621.  309.   18.    0.    0.
 505.  561.  732. 1268.  933.  659.  283.    9.    0.    0.
 476.  746.  930. 1331.  862.  463.  140.    2.    0.    0.
 481.  591.  738. 1230.  952.  656.  283.   19.    0.    0.
 500.  446.  533.  583.  628.  783. 1470.    7.    0.    0.
 474.  500.  498.  555.  648.  800. 1463.   12.    0.    0.
 453.  462.  452.  511.  572.  720. 1238.  542.    0.    0.
 470.  426.  494.  592.  586. 1011.  739.  617.   15.    0.
 516. 1020.  813.  634.  578.  502.  367.  276.  208.   36.
431. 457. 371. 348. 453. 929. 600. 536. 651. 174.
472. 558. 573. 974. 995. 571. 410. 258. 131.   8.
 419.  474.  489.  527.  641. 1049.  793.  528.   30.    0.
475. 542. 574. 930. 860. 601. 462. 322. 175.   9.
850. 683. 637. 578. 495. 491. 530. 406. 261.  19.
 528. 1017.  786.  676.  529.  459.  428.  306.  192.   29.
