504. 603. 741. 971. 669. 539. 416. 278. 171.  58.
536. 730. 631. 758. 598. 563. 503. 395. 203.  33.
 382.  371.  396.  447.  435.  465.  581. 1307.  386.  180.
517. 560. 775. 993. 690. 529. 414. 254. 178.  40.
497. 581. 738. 942. 669. 527. 456. 278. 195.  67.
 350.  366.  422.  463.  504.  531.  506. 1360.  344.  104.
441. 682. 711. 913. 717. 545. 429. 298. 159.  55.
 500.  526.  740. 1094.  764.  551.  337.  227.  137.   74.
 370.  397.  448.  452.  520.  467.  549. 1325.  348.   74.
498. 632. 630. 981. 767. 563. 373. 276. 187.  43.
488. 553. 822. 928. 680. 580. 417. 277. 144.  61.
 342.  389.  413.  491.  446.  484.  526. 1342.  405.  112.
 506.  582.  746. 1019.  790.  580.  359.  227.  122.   19.
512. 701. 818. 923. 658. 550. 345. 274. 109.  60.
 368.  416.  394.  398.  415.  493.  578. 1245.  467.  176.
512. 643. 697. 808. 694. 585. 455. 316. 185.  55.
514. 629. 743. 752. 710. 542. 466. 328. 210.  56.
 383.  375.  417.  439.  572.  485.  492. 1402.  292.   93.
522. 590. 784. 920. 655. 542. 445. 275. 147.  70.
 483.  631.  579. 1126.  761.  512.  341.  278.  176.   63.
 360.  406.  433.  400.  434.  536.  570. 1273.  436.  102.
581. 593. 619. 817. 651. 560. 453. 339. 274.  63.
492. 675. 717. 933. 710. 555. 433. 277. 126.  32.
 339.  366.  423.  492.  510.  482.  536. 1341.  369.   92.
524. 601. 761. 956. 648. 581. 424. 299. 130.  26.
 528.  612.  577. 1157.  803.  497.  311.  297.  146.   22.
 366.  371.  444.  413.  517.  509.  485. 1353.  398.   94.
541. 572. 689. 987. 638. 575. 437. 271. 170.  70.
544. 569. 789. 815. 691. 550. 454. 289. 200.  49.
 352.  401.  396.  430.  515.  475.  534. 1318.  423.  106.
 568.  477.  766. 1259.  710.  537.  349.  116.  118.   50.
 485.  679.  728. 1180.  731.  503.  355.  207.   69.   13.
 336.  401.  455.  464.  533.  482.  536. 1317.  367.   59.
543. 622. 644. 882. 718. 500. 425. 331. 229.  56.
513. 653. 684. 917. 672. 563. 433. 293. 170.  52.
 347.  375.  411.  455.  477.  462.  531. 1354.  369.  169.
 449.  651.  687. 1112.  734.  517.  360.  249.  131.   60.
486. 689. 765. 942. 618. 552. 421. 285. 158.  34.
 370.  384.  402.  458.  475.  467.  540. 1292.  446.  116.
 498.  581.  653. 1174.  770.  532.  333.  230.  131.   48.
 477.  630.  697. 1024.  747.  532.  389.  274.  139.   41.
 385.  363.  398.  477.  554.  513.  484. 1406.  291.   79.
 481.  633.  598. 1056.  699.  543.  381.  286.  191.   82.
 485.  603.  682. 1051.  735.  548.  384.  253.  162.   47.
 361.  386.  397.  462.  508.  440.  524. 1322.  386.  164.
 566.  635.  579. 1015.  713.  581.  357.  281.  179.   44.
548. 572. 634. 966. 614. 544. 434. 319. 250.  69.
 359.  381.  439.  450.  462.  538.  572. 1257.  402.   90.
483. 628. 629. 988. 714. 532. 419. 289. 158. 110.
528. 706. 822. 968. 658. 524. 386. 238.  98.  22.
 397.  387.  419.  481.  508.  529.  529. 1333.  295.   72.
469. 642. 776. 851. 631. 549. 455. 329. 173.  75.
496. 700. 703. 875. 716. 560. 445. 285. 141.  29.
 406.  354.  364.  463.  479.  485.  556. 1326.  400.  117.
 493.  686.  709. 1009.  681.  574.  409.  268.  105.   16.
 502.  550.  860. 1097.  708.  531.  373.  187.  113.   29.
 361.  382.  450.  476.  510.  481.  538. 1333.  329.   90.
508. 599. 768. 934. 684. 540. 455. 252. 163.  47.
 492.  646.  752. 1180.  795.  518.  302.  166.   78.   21.
 339.  377.  430.  480.  502.  497.  524. 1338.  367.   96.
489. 683. 759. 849. 617. 575. 468. 317. 150.  43.
 534.  549.  746. 1071.  670.  551.  382.  237.  147.   63.
 380.  334.  422.  457.  473.  449.  559. 1334.  346.  196.
495. 703. 776. 942. 711. 554. 410. 252.  87.  20.
 505.  558.  717. 1168.  826.  529.  314.  173.  105.   55.
 368.  415.  410.  364.  401.  519.  583. 1236.  511.  143.
 515.  529.  682. 1136.  804.  493.  332.  221.  157.   81.
 507.  574.  733. 1075.  668.  554.  399.  248.  149.   43.
 382.  378.  383.  475.  573.  521.  489. 1412.  274.   63.
516. 637. 733. 969. 670. 535. 425. 284. 145.  36.
528. 582. 922. 800. 710. 581. 488. 218. 104.  17.
 331.  384.  434.  463.  451.  527.  534. 1322.  404.  100.
 534.  561.  738. 1010.  661.  563.  415.  249.  166.   53.
494. 618. 785. 967. 684. 571. 432. 255. 116.  28.
 392.  386.  360.  430.  527.  539.  504. 1339.  385.   88.
 493.  554.  777. 1084.  681.  550.  383.  247.  145.   36.
513. 613. 721. 853. 601. 556. 452. 321. 208. 112.
 362.  397.  414.  518.  443.  502.  534. 1287.  365.  128.
499. 671. 704. 947. 750. 562. 386. 248. 135.  48.
 527.  581.  654. 1060.  639.  561.  378.  291.  210.   49.
 388.  400.  422.  418.  423.  516.  593. 1216.  474.  100.
