703. 906. 707. 632. 541. 476. 372. 254. 231. 128.
 490. 1155.  811.  671.  563.  455.  369.  242.  132.   62.
 615. 1024.  757.  661.  555.  445.  345.  250.  177.  121.
410. 482. 877. 803. 601. 512. 431. 328. 272. 234.
433. 502. 945. 786. 601. 500. 417. 336. 289. 141.
441. 809. 772. 635. 574. 484. 374. 297. 253. 311.
464. 903. 814. 639. 467. 462. 375. 375. 250. 201.
 439. 1000.  739.  657.  520.  478.  362.  350.  243.  162.
748. 860. 709. 694. 545. 481. 332. 255. 239.  87.
720. 779. 751. 709. 484. 459. 429. 248. 169. 202.
855. 834. 744. 708. 535. 455. 330. 260. 130.  99.
257. 532. 727. 582. 773. 782. 726. 433. 138.   0.
303. 610. 775. 962. 806. 901. 386. 207.   0.   0.
355. 801. 970. 977. 722. 500. 356. 253.  16.   0.
300. 448. 779. 646. 824. 713. 691. 403. 136.  10.
 421.  586. 1101.  691.  594.  482.  384.  318.  209.  164.
282. 577. 747. 817. 746. 885. 609. 287.   0.   0.
268. 525. 715. 765. 813. 763. 540. 427.  99.  35.
 316.  697.  912.  876. 1017.  575.  365.  137.   55.    0.
