 433.  485.  439.  508.  589.  745. 1299.  452.    0.    0.
463. 602. 729. 640. 895. 851. 675.  95.   0.   0.
487. 685. 643. 608. 923. 940. 612.  52.   0.   0.
470. 589. 738. 784. 889. 898. 533.  49.   0.   0.
490. 538. 754. 860. 729. 874. 630.  75.   0.   0.
 448.  453.  459.  490.  598.  736. 1337.  429.    0.    0.
457. 584. 733. 914. 727. 907. 588.  40.   0.   0.
464. 598. 751. 761. 909. 884. 542.  41.   0.   0.
459. 656. 669. 757. 765. 941. 614.  89.   0.   0.
535. 614. 823. 917. 899. 652. 462.  48.   0.   0.
