472. 522. 809. 745. 566. 542. 400. 423. 393.  78.
 453.  577.  674.  885. 1142.  771.  406.   42.    0.    0.
 540. 1075.  793.  668.  582.  464.  357.  274.  148.   49.
549. 585. 657. 562. 700. 578. 491. 461. 367.   0.
 520.  510.  507.  601. 1016.  816.  560.  381.   39.    0.
 428.  426.  536. 1048.  556.  512.  559.  286.  435.  164.
423. 425. 603. 913. 820. 676. 887. 203.   0.   0.
449. 415. 725. 972. 701. 502. 473. 245. 273. 195.
951. 938. 835. 686. 561. 422. 289. 169.  84.  15.
422. 491. 569. 738. 801. 870. 646. 391.  22.   0.
 429.  443.  472.  453.  533. 1055.  741.  602.  222.    0.
568. 804. 893. 795. 665. 600. 379. 235.  11.   0.
 525.  526.  551.  556.  934. 1017.  609.  232.    0.    0.
 442.  464.  492.  535.  621.  834. 1073.  489.    0.    0.
 458.  443.  527.  597.  609. 1134.  808.  374.    0.    0.
432. 502. 482. 520. 638. 890. 996. 490.   0.   0.
 455.  437.  442.  522.  592.  766. 1311.  425.    0.    0.
 460.  563.  614.  730. 1009.  662.  578.  334.    0.    0.
460. 584. 713. 863. 564. 662. 686. 387.  31.   0.
 491.  627.  896. 1010.  667.  543.  334.  217.  121.   44.
956. 879. 810. 640. 519. 455. 331. 209. 123.  28.
 605. 1116.  694.  558.  506.  525.  471.  304.  150.   21.
 514.  540.  535.  607.  817. 1041.  698.  196.    2.    0.
613. 630. 609. 601. 554. 527. 446. 442. 524.   4.
688. 674. 695. 637. 533. 604. 461. 352. 275.  31.
 509.  638.  869. 1180.  752.  551.  294.  123.   34.    0.
860. 811. 696. 615. 545. 516. 431. 297. 135.  44.
756. 972. 787. 659. 563. 456. 339. 239. 141.  38.
801. 810. 686. 639. 585. 458. 361. 296. 226.  88.
909. 897. 763. 667. 540. 481. 347. 211. 100.  35.
888. 871. 737. 680. 519. 487. 346. 272. 115.  35.
893. 874. 685. 629. 541. 427. 383. 315. 163.  40.
827. 842. 695. 580. 537. 474. 393. 301. 217.  84.
830. 847. 714. 666. 528. 460. 365. 284. 178.  78.
911. 849. 720. 605. 559. 424. 404. 281. 148.  49.
528. 653. 961. 666. 564. 476. 425. 319. 226. 132.
475. 542. 661. 964. 579. 544. 492. 448. 245.   0.
 497.  434. 1080.  888.  702.  484.  296.  273.  296.    0.
 461.  529. 1144.  961.  669.  499.  327.  199.  161.    0.
