 410.  447.  478. 1102.  759.  549.  490.  327.  199.  189.
390. 564. 942. 874. 719. 588. 349. 178. 171. 175.
 358.  423.  447.  441.  504. 1013.  581.  544.  519.  120.
 361.  405.  426.  410.  470. 1027.  555.  525.  580.  191.
 430.  459.  474.  500.  616.  694. 1307.  470.    0.    0.
 469.  451.  487.  477.  601.  693. 1321.  451.    0.    0.
 443.  453.  499.  494.  576.  716. 1335.  434.    0.    0.
 441.  457.  478.  482.  605.  704. 1310.  473.    0.    0.
 435.  452.  467.  517.  555.  787. 1311.  426.    0.    0.
378. 451. 485. 878. 714. 552. 444. 368. 321. 359.
385. 507. 994. 684. 613. 467. 396. 347. 318. 239.
 354.  417.  400.  487.  482.  507. 1070.  822.  341.   70.
350. 414. 435. 445. 463. 517. 847. 963. 375. 141.
371. 429. 488. 394. 545. 736. 658. 436. 791. 102.
350. 411. 416. 435. 470. 880. 744. 497. 616. 131.
 409.  471.  497. 1066.  760.  565.  406.  306.  255.  215.
 436.  675. 1015. 1031.  628.  399.  405.  169.   65.  127.
 369.  424.  407.  458.  532. 1011.  552.  454.  621.  122.
 375.  422.  445.  455.  503. 1083.  617.  411.  522.  117.
 425.  450.  490.  484.  593.  739. 1321.  448.    0.    0.
 433.  456.  484.  508.  570.  714. 1327.  458.    0.    0.
 461.  483.  512.  520.  595.  738. 1231.  410.    0.    0.
 432.  463.  486.  492.  583.  729. 1321.  444.    0.    0.
 442.  456.  484.  493.  608.  693. 1315.  459.    0.    0.
406. 488. 534. 804. 528. 420. 365. 479. 393. 533.
 444.  480. 1001.  835.  599.  517.  426.  288.  186.  174.
353. 367. 450. 450. 528. 491. 993. 862. 389.  67.
 376.  395.  462.  388.  402.  580.  760. 1102.  409.   76.
375. 386. 398. 432. 440. 933. 854. 497. 487. 148.
371. 368. 429. 464. 521. 823. 754. 465. 621. 134.
