 391.  882.  970. 1175.  949.  457.  126.    0.    0.    0.
 312.  815.  957. 1042.  993.  599.  227.    5.    0.    0.
 356.  823.  922. 1096.  999.  551.  203.    0.    0.    0.
5.820e+02 1.187e+03 1.234e+03 9.760e+02 5.740e+02 2.570e+02 1.140e+02
 2.500e+01 1.000e+00 0.000e+00
4.530e+02 9.700e+02 1.140e+03 1.231e+03 6.700e+02 2.990e+02 1.420e+02
 4.400e+01 1.000e+00 0.000e+00
 762. 1322. 1143.  963.  475.  187.   70.   26.    2.    0.
 577. 1107. 1163. 1101.  597.  245.  120.   35.    5.    0.
 688. 1115. 1163. 1142.  576.  182.   64.   20.    0.    0.
 677. 1019. 1133. 1202.  608.  199.   94.   18.    0.    0.
6.390e+02 1.266e+03 1.215e+03 1.008e+03 5.340e+02 1.970e+02 7.100e+01
 1.900e+01 1.000e+00 0.000e+00
 589. 1153. 1261. 1058.  544.  224.   91.   28.    2.    0.
 660.  976. 1028.  663.  458.  363.  300.  325.  167.   10.
 452.  836.  960. 1110.  714.  454.  258.  118.   48.    0.
427. 858. 986. 991. 756. 455. 276. 168.  33.   0.
873. 879. 703. 664. 545. 468. 367. 250. 118.  83.
841. 866. 731. 637. 572. 462. 370. 283. 156.  32.
795. 859. 803. 678. 598. 424. 366. 234. 117.  76.
838. 852. 796. 621. 585. 440. 401. 237. 142.  38.
857. 819. 677. 591. 529. 451. 402. 328. 218.  78.
805. 890. 737. 630. 547. 491. 414. 266. 136.  34.
874. 853. 738. 702. 641. 405. 300. 235. 189.  13.
936. 777. 680. 589. 485. 493. 440. 317. 189.  44.
