 416.  474.  470.  502.  587.  749. 1276.  476.    0.    0.
 327.  817. 1106. 1105.  872.  546.  174.    3.    0.    0.
3.450e+02 8.370e+02 1.131e+03 1.107e+03 9.020e+02 4.580e+02 1.690e+02
 1.000e+00 0.000e+00 0.000e+00
319. 740. 990. 983. 930. 691. 285.  12.   0.   0.
4.890e+02 4.590e+02 4.960e+02 5.800e+02 6.570e+02 1.171e+03 7.200e+02
 3.770e+02 1.000e+00 0.000e+00
 482.  466.  515.  596.  737. 1187.  745.  222.    0.    0.
 476.  485.  461.  624.  692. 1076.  922.  214.    0.    0.
517. 448. 528. 568. 633. 798. 936. 522.   0.   0.
 438.  470.  487.  568.  647. 1009.  838.  475.   18.    0.
 507.  467.  453.  532.  646.  878. 1416.   51.    0.    0.
 524.  498.  736. 1179.  691.  592.  391.  212.  127.    0.
 472.  420.  404.  574.  594.  671. 1369.  446.    0.    0.
 440.  455.  431.  541.  613.  699. 1343.  428.    0.    0.
571. 893. 767. 671. 596. 596. 445. 336.  75.   0.
 438.  575.  808. 1060.  749.  485.  414.  322.   99.    0.
652. 946. 752. 607. 552. 467. 409. 337. 178.  50.
 668. 1030.  788.  707.  668.  372.  329.  230.  132.   26.
