466. 891. 700. 653. 739. 730. 588. 176.   7.   0.
 356.  746.  925. 1006.  896.  644.  352.   25.    0.    0.
 329.  704.  867. 1070.  757.  783.  364.   76.    0.    0.
 301.  767.  990. 1006.  759.  642.  354.  123.    8.    0.
303. 571. 750. 978. 796. 754. 457. 253.  84.   4.
263. 622. 800. 828. 936. 893. 436. 172.   0.   0.
4.290e+02 7.180e+02 8.520e+02 1.062e+03 7.570e+02 4.370e+02 3.130e+02
 2.180e+02 1.630e+02 1.000e+00
374. 661. 812. 913. 745. 467. 600. 261. 117.   0.
279. 645. 832. 916. 867. 786. 559.  66.   0.   0.
 364.  825.  996. 1169.  737.  712.  134.   13.    0.    0.
431. 989. 930. 869. 682. 549. 388. 112.   0.   0.
531. 973. 838. 602. 512. 574. 455. 303. 162.   0.
408. 649. 977. 983. 828. 643. 407.  55.   0.   0.
 478.  698. 1117.  729.  493.  540.  355.  264.  276.    0.
 300.  545. 1003.  921.  899.  727.  429.  120.    6.    0.
274. 538. 897. 881. 802. 735. 446. 267. 110.   0.
 309.  900. 1076. 1116.  844.  477.  163.   65.    0.    0.
285. 812. 911. 913. 791. 699. 468.  71.   0.   0.
541. 895. 926. 553. 463. 561. 492. 334. 185.   0.
544. 893. 869. 689. 594. 412. 492. 339. 118.   0.
441. 695. 987. 809. 848. 671. 399.  98.   2.   0.
608. 815. 790. 570. 443. 496. 512. 427. 247.  42.
530. 690. 922. 936. 646. 504. 524. 174.  24.   0.
552. 772. 941. 694. 620. 557. 383. 208. 181.  42.
 453.  473.  442.  510.  586.  724. 1362.  400.    0.    0.
 486.  469.  615. 1078.  744.  588.  415.  318.  222.   15.
494. 625. 910. 924. 731. 435. 308. 282. 204.  37.
497. 614. 791. 874. 551. 515. 429. 357. 278.  44.
593. 882. 961. 604. 600. 453. 398. 267. 147.  45.
470. 509. 550. 666. 959. 780. 509. 416.  91.   0.
578. 754. 793. 632. 435. 448. 493. 373. 267. 177.
531. 526. 628. 921. 605. 550. 498. 374. 309.   8.
 520.  565.  962. 1021.  745.  462.  328.  208.  123.   16.
