 429.  557.  603.  610.  801. 1235.  623.   92.    0.    0.
 457.  683. 1041.  782.  603.  543.  373.  254.  207.    7.
510. 816. 909. 809. 807. 519. 261. 230.  89.   0.
 486. 1009.  967.  813.  631.  469.  335.  191.   49.    0.
522. 683. 900. 615. 496. 564. 480. 429. 222.  39.
 455.  466.  502.  525.  621.  859. 1296.  226.    0.    0.
 445.  525.  723. 1174.  954.  565.  371.  173.   20.    0.
499. 567. 763. 897. 613. 603. 494. 356. 156.   2.
 430.  475.  483.  491.  574.  708. 1326.  463.    0.    0.
 443.  462.  454.  515.  599.  776. 1244.  457.    0.    0.
 452.  400.  497.  552.  526.  771. 1340.  412.    0.    0.
 455.  392.  505.  516.  587.  724. 1322.  449.    0.    0.
 429.  429.  494.  523.  577.  794. 1286.  418.    0.    0.
 438.  466.  451.  516.  589.  730. 1290.  470.    0.    0.
 456.  575.  552.  756. 1168.  651.  408.  306.   78.    0.
474. 534. 704. 978. 706. 613. 471. 246. 198.  26.
 486.  528.  516.  743. 1171.  655.  428.  288.  135.    0.
 478.  531.  683. 1087.  822.  621.  379.  208.  117.   24.
