523. 558. 892. 923. 670. 464. 395. 312. 152.  61.
533. 556. 933. 889. 656. 496. 421. 272. 180.  14.
592. 529. 611. 817. 800. 611. 497. 343. 150.   0.
527. 701. 645. 795. 893. 777. 425. 152.  35.   0.
 382.  411.  487.  487. 1013.  645.  526.  400.  343.  256.
 267.  790.  850. 1006.  867.  616.  372.  128.   54.    0.
337. 793. 907. 745. 692. 550. 409. 268. 161.  88.
290. 617. 810. 923. 644. 509. 400. 417. 159. 181.
 295.  842. 1086. 1110.  755.  459.  251.   86.   44.   22.
527. 640. 908. 825. 648. 501. 440. 320. 134.   7.
492. 649. 979. 770. 629. 567. 425. 286. 131.  22.
524. 611. 719. 862. 698. 676. 517. 272.  71.   0.
581. 598. 709. 714. 747. 704. 515. 293.  89.   0.
 392.  424.  450.  468. 1065.  730.  552.  342.  327.  200.
431. 931. 812. 467. 476. 607. 468. 485. 171. 102.
435. 956. 962. 629. 542. 441. 343. 299. 204. 139.
 272.  864. 1101. 1043.  667.  507.  287.  147.   57.    5.
392. 915. 943. 735. 589. 519. 365. 329. 121.  42.
369. 742. 869. 732. 681. 508. 307. 310. 227. 205.
 283.  826. 1043.  986.  708.  496.  302.  188.   89.   29.
