943. 911. 797. 699. 562. 384. 292. 233. 105.  24.
638. 811. 880. 636. 490. 510. 503. 310. 172.   0.
593. 780. 997. 646. 629. 423. 414. 280. 188.   0.
896. 866. 743. 625. 535. 454. 383. 249. 166.  33.
 580.  752. 1039.  704.  526.  558.  362.  290.  139.    0.
556. 939. 885. 795. 616. 453. 314. 200. 192.   0.
937. 848. 798. 684. 522. 448. 280. 213. 166.  54.
 603.  669. 1157.  680.  557.  512.  415.  246.   96.   15.
483. 828. 948. 743. 591. 488. 363. 287. 150.  69.
850. 835. 746. 645. 555. 466. 339. 276. 154.  84.
 523.  720. 1015.  657.  541.  482.  419.  332.  187.   74.
592. 720. 917. 674. 555. 467. 427. 309. 239.  50.
916. 846. 742. 684. 610. 409. 290. 263. 143.  47.
 563.  792. 1177.  737.  561.  508.  326.  198.   88.    0.
 609.  816. 1111.  748.  561.  461.  371.  164.  109.    0.
859. 873. 722. 610. 501. 496. 401. 279. 171.  38.
578. 803. 942. 690. 618. 486. 336. 336. 161.   0.
 579.  837. 1085.  823.  585.  422.  277.  254.   88.    0.
910. 826. 697. 613. 595. 361. 380. 316. 188.  64.
584. 853. 873. 788. 701. 428. 252. 254. 169.  48.
534. 827. 909. 642. 561. 494. 434. 319. 155.  75.
 427.  455.  481.  509.  593.  719. 1303.  463.    0.    0.
 439.  469.  455.  558.  638. 1102.  906.  367.   16.    0.
443. 556. 735. 775. 688. 490. 528. 430. 275.  30.
 492.  429.  659. 1002.  737.  481.  472.  398.  240.   40.
 510.  515.  692. 1157.  789.  539.  332.  222.  183.   11.
 431.  463.  461.  503.  594.  715. 1340.  443.    0.    0.
 474.  451.  491.  507.  541.  692. 1321.  473.    0.    0.
 519.  448.  443.  494.  494.  712. 1376.  464.    0.    0.
 426.  471.  475.  518.  610.  794. 1102.  554.    0.    0.
 431.  445.  474.  510.  620.  729. 1296.  445.    0.    0.
 456.  446.  461.  518.  587.  739. 1270.  473.    0.    0.
 451.  461.  493.  466.  616.  705. 1288.  470.    0.    0.
 418.  461.  473.  554.  583.  794. 1128.  539.    0.    0.
