368. 387. 683. 978. 892. 475. 862. 305.   0.   0.
574. 898. 791. 659. 546. 472. 400. 256. 236. 118.
 407.  418.  473.  476.  522.  507.  505. 1289.  293.   60.
 351.  393.  434.  486.  516.  498.  550. 1361.  310.   51.
 343.  412.  425.  469.  468.  531.  608. 1303.  362.   29.
 406.  927. 1035.  921.  736.  518.  296.  101.   10.    0.
 413.  404.  482.  519.  560.  712. 1078.  630.  143.    9.
618. 962. 731. 619. 494. 509. 382. 366. 177.  92.
785. 804. 606. 485. 476. 504. 522. 488. 247.  33.
404. 487. 742. 783. 738. 575. 467. 351. 324.  79.
 368.  371.  401.  450.  467.  478.  560. 1296.  408.  151.
 547. 1113.  774.  747.  598.  427.  298.  259.  119.   68.
 379.  375.  387. 1259.  488.  589. 1098.  375.    0.    0.
 391.  339.  501. 1272.  703.  528.  901.  315.    0.    0.
 390.  380.  579. 1068.  822.  497.  894.  320.    0.    0.
 345.  427.  802.  938. 1039.  401.  721.  277.    0.    0.
547. 642. 826. 942. 679. 573. 338. 320.  83.   0.
434. 519. 622. 753. 806. 854. 494. 402.  66.   0.
 244.  705.  623.  644.  870. 1148.  526.  190.    0.    0.
 497.  701. 1052. 1029.  663.  476.  306.  143.   83.    0.
 362.  609.  572.  642.  799. 1059.  794.  113.    0.    0.
 384.  345.  495. 1306.  707.  499.  928.  286.    0.    0.
 413.  351.  480. 1042.  682.  560. 1029.  393.    0.    0.
 391.  398.  478.  960.  658.  578. 1118.  369.    0.    0.
460. 540. 677. 987. 749. 532. 483. 390. 132.   0.
