355. 427. 422. 503. 993. 766. 517. 383. 373. 211.
 360.  362.  449.  428.  455.  498.  574. 1333.  385.  106.
 376.  367.  436.  404.  446.  563.  497. 1347.  420.   94.
391. 399. 402. 450. 962. 624. 475. 492. 482. 273.
 404.  372.  394.  416.  497.  496.  604. 1307.  328.  132.
 355.  407.  388.  467.  562.  475.  488. 1372.  351.   85.
390. 414. 522. 454. 789. 560. 498. 408. 576. 339.
 380.  411.  415.  432.  442.  439.  587. 1250.  449.  145.
 348.  429.  412.  452.  410.  551.  538. 1229.  441.  140.
 374.  398.  450.  474. 1060.  673.  497.  426.  384.  214.
 352.  403.  392.  451.  455.  545.  541. 1281.  412.  118.
 344.  402.  418.  465.  513.  526.  505. 1353.  335.   89.
 429.  477. 1057.  723.  602.  446.  415.  333.  294.  174.
 354.  432.  400.  448.  432.  473.  578. 1278.  454.  101.
 373.  350.  470.  460.  518.  505.  516. 1379.  325.   54.
440. 487. 955. 722. 628. 514. 400. 306. 239. 259.
 381.  378.  439.  443.  488.  543.  529. 1315.  365.   69.
437. 504. 970. 635. 560. 433. 421. 387. 356. 247.
 370.  417.  411.  394.  468.  467.  545. 1274.  466.  138.
 454.  456. 1022.  820.  615.  509.  425.  243.  206.  200.
 402.  435.  376.  416.  415.  498.  584. 1250.  424.  150.
370. 694. 646. 779. 936. 803. 523. 199.   0.   0.
397. 410. 465. 453. 965. 613. 468. 456. 474. 249.
365. 420. 440. 508. 944. 601. 517. 491. 381. 283.
 525. 1028.  733.  540.  500.  454.  415.  378.  228.  149.
378. 421. 452. 463. 965. 633. 477. 435. 443. 283.
 470. 1034.  696.  677.  596.  502.  309.  250.  269.  147.
397. 386. 369. 529. 941. 687. 473. 354. 504. 310.
 350.  402.  422.  451.  458.  511.  553. 1352.  375.   76.
407. 455. 465. 996. 594. 501. 448. 354. 309. 421.
404. 398. 449. 450. 948. 588. 504. 424. 504. 281.
391. 483. 992. 763. 607. 522. 418. 310. 240. 224.
485. 399. 957. 690. 513. 476. 483. 358. 249. 340.
416. 888. 845. 683. 567. 471. 377. 295. 242. 166.
 419.  451.  456. 1092.  745.  590.  421.  265.  242.  269.
 409.  470.  390. 1017.  624.  525.  378.  372.  378.  387.
428. 424. 463. 959. 659. 508. 438. 390. 336. 345.
 391.  449.  456. 1006.  704.  562.  378.  280.  342.  382.
363. 436. 426. 451. 911. 659. 470. 419. 497. 318.
 421.  418.  530. 1040.  660.  506.  440.  293.  272.  370.
 396.  435.  480. 1066.  641.  484.  435.  388.  367.  258.
399. 471. 485. 995. 627. 531. 457. 343. 273. 369.
 411.  438.  457. 1124.  705.  570.  361.  301.  361.  222.
387. 448. 421. 506. 860. 660. 499. 375. 475. 319.
380. 409. 472. 436. 910. 638. 521. 426. 494. 264.
 341.  420.  413.  376.  442.  561.  552. 1250.  488.  107.
363. 476. 420. 492. 856. 562. 464. 452. 527. 338.
 361.  380.  402.  471.  528.  530.  498. 1364.  329.   87.
 389.  445.  455.  462. 1202.  737.  541.  393.  233.   93.
 353.  398.  421.  456.  475.  508.  527. 1320.  373.  119.
 466. 1140.  814.  697.  578.  439.  342.  257.  154.   63.
355. 420. 484. 466. 958. 707. 514. 391. 412. 243.
 361.  376.  419.  436.  514.  526.  521. 1315.  383.   99.
 367.  371.  380.  489.  496.  465.  542. 1344.  384.  112.
 405.  955.  901. 1123. 1092.  404.   70.    0.    0.    0.
564. 801. 673. 545. 530. 479. 478. 405. 425.  50.
507. 983. 849. 701. 610. 521. 358. 278. 143.   0.
675. 726. 616. 631. 528. 517. 422. 326. 327. 182.
393. 511. 706. 637. 768. 925. 599. 319.  92.   0.
 586. 1021.  787.  700.  649.  446.  267.  273.  187.   34.
556. 700. 981. 714. 555. 528. 353. 303. 198.  62.
653. 993. 776. 739. 557. 440. 355. 258. 130.  49.
 358.  397.  394.  485.  485.  468.  525. 1341.  371.  126.
