 418.  415.  448. 1028.  842.  640.  396.  282.  194.  287.
 424.  462.  539. 1033.  675.  538.  463.  327.  361.  128.
 412.  452.  528. 1116.  774.  575.  376.  357.  313.   47.
507. 942. 737. 585. 496. 466. 383. 372. 250. 212.
 464.  434.  454.  518.  602.  712. 1333.  433.    0.    0.
 457.  426.  473.  543.  557.  745. 1311.  438.    0.    0.
419. 964. 748. 580. 545. 495. 384. 340. 271. 204.
 385.  473.  688.  575.  602. 1146.  729.  352.    0.    0.
 395.  506.  686.  589.  622. 1241.  628.  283.    0.    0.
 418.  463.  487.  516.  610.  721. 1400.  335.    0.    0.
 507.  560.  541.  839. 1323.  695.  282.  195.    8.    0.
 434.  618.  590.  950. 1088.  639.  408.  195.   28.    0.
 512.  579.  569.  910. 1378.  506.  297.  181.   18.    0.
 509.  467.  588.  936. 1026.  669.  442.  251.   62.    0.
 475.  395.  488.  513.  616.  698. 1323.  442.    0.    0.
 459.  424.  456.  541.  599.  681. 1343.  447.    0.    0.
 426.  398.  447.  528. 1085.  690.  425.  248.  301.  402.
 420.  419.  409.  474. 1268.  659.  529.  344.  221.  207.
 356.  407.  445.  428.  457.  544.  542. 1280.  403.   88.
 366.  427.  448.  466.  514.  493.  522. 1246.  375.   93.
488. 782. 816. 653. 658. 485. 330. 270. 213. 255.
418. 797. 835. 651. 600. 504. 311. 357. 250. 227.
 474.  441.  462.  491.  605.  726. 1263.  488.    0.    0.
 343.  391.  425.  449.  500.  541.  519. 1323.  369.   90.
 466.  406.  479.  528.  568.  775. 1273.  455.    0.    0.
 348.  383.  407.  439.  459.  492.  511. 1315.  442.  154.
 415.  439.  477. 1155.  750.  653.  324.  307.  258.  172.
440. 523. 836. 657. 507. 500. 440. 389. 318. 340.
 566. 1033.  610.  466.  345.  427.  564.  428.  279.  232.
 404.  448.  478. 1017.  617.  529.  390.  420.  334.  313.
412. 508. 861. 705. 682. 482. 312. 347. 370. 271.
