 436.  452.  470.  543.  601.  695. 1317.  436.    0.    0.
 454.  441.  498.  496.  594.  734. 1273.  460.    0.    0.
 475.  491.  495.  543.  596.  694. 1232.  424.    0.    0.
 520. 1044.  788.  645.  579.  445.  405.  336.  130.   58.
447. 612. 948. 746. 530. 514. 436. 270. 197. 250.
439. 592. 683. 743. 827. 990. 622.  54.   0.   0.
 514. 1079.  845.  719.  552.  495.  340.  233.  122.   51.
 496. 1096.  788.  748.  598.  467.  309.  225.  169.   54.
 506.  515.  557.  684.  647.  790. 1126.  125.    0.    0.
 453.  649. 1087.  687.  577.  507.  404.  277.  191.  118.
518. 956. 792. 687. 551. 515. 309. 300. 226.  96.
 543. 1007.  758.  710.  640.  441.  289.  274.  226.   62.
493. 597. 586. 745. 751. 998. 744.  36.   0.   0.
448. 822. 808. 652. 568. 454. 372. 439. 251. 136.
505. 533. 584. 630. 779. 890. 909. 120.   0.   0.
