836. 855. 794. 623. 593. 495. 390. 260.  98.   6.
791. 748. 655. 604. 575. 482. 443. 378. 254.  20.
824. 774. 737. 713. 582. 492. 377. 293. 149.   9.
792. 824. 752. 645. 564. 491. 417. 327. 129.   9.
814. 740. 730. 710. 571. 528. 354. 281. 202.  20.
803. 816. 709. 672. 573. 506. 403. 310. 146.  12.
790. 725. 752. 586. 550. 499. 436. 384. 210.  18.
817. 720. 657. 596. 482. 545. 425. 441. 247.  20.
901. 785. 722. 620. 506. 490. 512. 278. 130.   6.
 503.  540.  578. 1049.  698.  740.  573.  269.    0.    0.
 521.  574.  566. 1024.  864.  758.  507.  136.    0.    0.
493. 567. 618. 856. 872. 759. 600. 185.   0.   0.
798. 872. 729. 640. 579. 463. 336. 282. 192.  59.
 807. 1000.  790.  718.  598.  409.  265.  210.  133.   20.
 447.  572.  894. 1022.  700.  487.  362.  311.  155.    0.
 742. 1004.  797.  714.  581.  405.  333.  238.  126.   10.
521. 735. 860. 879. 620. 609. 426. 200. 100.   0.
638. 973. 768. 735. 587. 434. 328. 299. 173.  15.
648. 961. 781. 642. 571. 423. 389. 270. 178.  87.
967. 923. 807. 682. 563. 423. 293. 177.  86.  29.
885. 831. 731. 665. 574. 427. 334. 257. 173.  73.
888. 989. 850. 625. 593. 450. 316. 172.  47.  20.
854. 947. 694. 603. 545. 511. 410. 238. 117.  31.
832. 928. 715. 642. 502. 439. 355. 295. 172.  70.
