651. 791. 682. 651. 522. 479. 365. 312. 365. 132.
421. 436. 502. 621. 801. 881. 613. 572. 103.   0.
 445.  484.  633. 1071.  672.  569.  348.  417.  264.   47.
956. 883. 794. 622. 475. 421. 349. 239. 168.  43.
4.36e+02 5.04e+02 5.87e+02 6.84e+02 6.46e+02 1.13e+03 5.68e+02 2.88e+02
 1.06e+02 1.00e+00
447. 581. 992. 767. 634. 513. 433. 265. 234.  84.
679. 849. 665. 597. 526. 453. 371. 328. 288. 194.
459. 483. 534. 643. 847. 694. 626. 425. 239.   0.
 467.  520.  546.  572. 1028.  691.  497.  425.  204.    0.
450. 460. 518. 623. 975. 716. 520. 395. 293.   0.
 555. 1009.  706.  672.  550.  463.  341.  329.  205.  120.
472. 469. 547. 723. 869. 653. 558. 490. 169.   0.
 442.  524.  542.  569.  717. 1096.  927.  133.    0.    0.
 439.  563.  586.  575.  709. 1163.  802.  113.    0.    0.
 450.  554.  549.  529.  719. 1220.  795.  134.    0.    0.
 451.  518.  666. 1033.  733.  640.  494.  274.  141.    0.
487. 549. 629. 961. 794. 535. 470. 361. 164.   0.
480. 551. 664. 876. 683. 595. 519. 414. 168.   0.
438. 946. 800. 617. 455. 501. 446. 346. 245. 156.
 548. 1001.  714.  682.  565.  463.  325.  283.  237.  132.
 516. 1048.  733.  624.  533.  470.  364.  304.  234.  124.
 632. 1014.  708.  594.  538.  469.  399.  314.  177.  105.
658. 986. 723. 584. 529. 459. 406. 314. 241.  50.
 631. 1074.  869.  735.  521.  477.  281.  178.  111.   73.
683. 869. 744. 627. 552. 470. 366. 287. 226. 126.
827. 833. 740. 652. 608. 472. 321. 223. 170. 104.
836. 853. 690. 652. 537. 451. 358. 313. 219.  41.
848. 805. 695. 611. 532. 443. 415. 312. 202.  87.
803. 824. 731. 712. 532. 489. 301. 256. 189. 113.
832. 817. 742. 610. 500. 458. 451. 266. 182.  92.
832. 837. 666. 608. 555. 430. 386. 317. 235.  84.
805. 862. 757. 569. 576. 428. 405. 306. 152.  90.
827. 811. 708. 663. 585. 466. 297. 276. 253.  64.
851. 869. 668. 543. 512. 481. 427. 321. 212.  66.
825. 931. 795. 686. 595. 428. 289. 216. 121.  64.
856. 898. 794. 711. 594. 415. 293. 226. 134.  29.
841. 859. 764. 623. 505. 490. 369. 252. 167.  80.
834. 911. 720. 639. 530. 469. 402. 250. 144.  51.
784. 876. 775. 723. 552. 438. 317. 235. 131. 119.
836. 914. 756. 656. 525. 473. 381. 227. 139.  43.
905. 865. 756. 672. 544. 444. 319. 244. 144.  57.
969. 901. 794. 631. 562. 455. 333. 203.  97.   5.
904. 802. 705. 676. 539. 472. 311. 279. 197.  65.
922. 845. 774. 689. 515. 458. 328. 217. 152.  50.
1037.  851.  653.  504.  542.  553.  426.  259.  100.   25.
928. 881. 774. 680. 543. 450. 322. 204. 116.  52.
345. 508. 839. 876. 926. 736. 487. 233.   0.   0.
 533.  514.  523.  799. 1063.  570.  541.  390.   17.    0.
367. 450. 790. 807. 802. 790. 624. 320.   0.   0.
 478.  493.  582.  702. 1135.  692.  353.  501.   14.    0.
359. 547. 880. 964. 956. 675. 436. 133.   0.   0.
 474.  488.  563.  751. 1118.  592.  464.  474.   26.    0.
347. 490. 876. 854. 909. 680. 553. 241.   0.   0.
 477.  495.  542.  704. 1058.  536.  590.  535.   13.    0.
334. 494. 922. 915. 883. 757. 480. 165.   0.   0.
 477.  495.  492.  693. 1102.  623.  584.  453.   31.    0.
357. 521. 682. 806. 834. 749. 717. 284.   0.   0.
 495.  518.  497.  754. 1234.  597.  515.  329.   11.    0.
