425. 503. 956. 700. 609. 490. 373. 294. 262. 338.
 437.  475. 1158.  734.  669.  523.  305.  244.  257.  148.
 470. 1113.  786.  610.  546.  499.  385.  262.  202.   77.
 506. 1047.  751.  524.  504.  465.  447.  375.  232.   99.
301. 600. 785. 747. 744. 615. 490. 322. 267.  79.
 438. 1026.  827.  668.  498.  525.  321.  349.  155.  143.
385. 861. 760. 749. 528. 457. 403. 337. 276. 194.
347. 730. 849. 793. 751. 567. 307. 192. 276. 138.
341. 890. 851. 838. 572. 471. 469. 350. 160.   8.
292. 795. 881. 886. 813. 526. 301. 247. 151.  58.
323. 675. 796. 807. 734. 506. 284. 268. 370. 187.
346. 779. 915. 639. 472. 494. 480. 459. 235. 131.
411. 933. 840. 696. 533. 499. 393. 336. 202. 107.
323. 848. 741. 749. 690. 474. 344. 258. 354. 169.
335. 699. 860. 651. 429. 453. 527. 445. 373. 178.
 458. 1004.  803.  638.  618.  478.  334.  266.  185.  166.
429. 866. 832. 759. 478. 460. 361. 366. 294. 105.
