357. 445. 640. 720. 724. 682. 528. 434. 420.   0.
 462.  684. 1092.  789.  535.  550.  358.  268.  177.   35.
 543.  630. 1098.  580.  524.  566.  567.  436.    6.    0.
 552.  806. 1117.  611.  550.  576.  427.  243.   68.    0.
 530.  760. 1113.  625.  564.  574.  423.  289.   72.    0.
 464.  418.  460.  512.  588.  730. 1309.  469.    0.    0.
 457.  423.  462.  494.  610.  757. 1212.  535.    0.    0.
 240.  734.  665.  751.  913. 1104.  411.  132.    0.    0.
362. 582. 565. 575. 758. 998. 930. 180.   0.   0.
 446.  467.  472.  527.  570.  698. 1304.  466.    0.    0.
 420.  447.  462.  535.  579.  711. 1306.  490.    0.    0.
 493.  556.  624. 1126.  910.  575.  436.  230.    0.    0.
 525.  566.  606. 1396.  801.  439.  371.  246.    0.    0.
 505.  538.  928. 1157.  729.  444.  396.  253.    0.    0.
