 360.  553.  813. 1038.  784.  743.  561.   98.    0.    0.
 478.  591.  567.  915. 1087.  560.  472.  235.   45.    0.
376. 616. 732. 881. 758. 743. 601. 243.   0.   0.
 506. 1003. 1124. 1035.  728.  405.  129.   20.    0.    0.
 572.  822.  973. 1199.  872.  404.   98.   10.    0.    0.
 463.  673. 1103. 1177.  645.  606.  273.   10.    0.    0.
 458.  824. 1196. 1121.  734.  482.  132.    3.    0.    0.
 506.  959. 1074.  981.  766.  490.  160.   14.    0.    0.
652. 948. 848. 758. 546. 609. 482. 107.   0.   0.
 447.  692. 1163. 1196.  640.  587.  221.    4.    0.    0.
 505.  759. 1111. 1187.  773.  461.  131.   23.    0.    0.
415. 471. 988. 750. 732. 511. 450. 249. 278. 106.
416. 454. 820. 799. 603. 474. 413. 366. 338. 267.
 356.  408.  434.  494.  526.  514.  649. 1175.  318.   76.
400. 480. 900. 819. 642. 521. 412. 251. 235. 290.
