605. 912. 513. 560. 627. 309. 324. 503. 504.  93.
 421.  862. 1069.  971.  781.  471.  227.  119.   29.    0.
 393.  668.  862. 1100.  834.  526.  342.  188.   37.    0.
402. 577. 705. 773. 727. 578. 492. 538. 158.   0.
324. 544. 742. 875. 879. 653. 386. 412. 135.   0.
 310.  562.  735. 1002.  855.  588.  401.  349.  141.    7.
 388.  590.  571.  678.  863. 1091.  690.   79.    0.    0.
439. 755. 782. 910. 807. 729. 449.  79.   0.   0.
338. 619. 641. 777. 845. 850. 565. 197.  99.  19.
427. 808. 831. 537. 411. 401. 461. 468. 333. 273.
438. 696. 682. 765. 985. 802. 415. 134.  32.   1.
396. 780. 829. 619. 365. 378. 492. 407. 218. 466.
376. 679. 797. 999. 810. 698. 420. 143.  28.   0.
373. 710. 848. 910. 811. 787. 386. 112.  13.   0.
392. 757. 804. 649. 517. 452. 384. 356. 345. 294.
 414.  570.  568.  572.  729. 1065.  912.  120.    0.    0.
 346.  599.  816. 1001.  859.  573.  489.  199.   50.   18.
487. 855. 874. 966. 886. 596. 230.  56.   0.   0.
514. 781. 781. 779. 735. 455. 477. 393.  35.   0.
416. 783. 779. 566. 505. 416. 331. 384. 484. 286.
 389.  614.  580.  592.  711. 1019.  885.  160.    0.    0.
409. 679. 739. 754. 850. 870. 451. 139.  56.   3.
444. 845. 793. 552. 430. 466. 403. 395. 306. 316.
399. 742. 678. 590. 697. 666. 585. 465. 122.   6.
384. 706. 731. 616. 720. 604. 425. 575. 172.  17.
353. 592. 661. 982. 907. 436. 393. 491. 135.   0.
446. 509. 595. 568. 746. 996. 981. 109.   0.   0.
479. 831. 840. 783. 888. 709. 328.  92.   0.   0.
438. 718. 701. 656. 651. 430. 488. 629. 227.  12.
4.350e+02 8.910e+02 1.049e+03 9.650e+02 7.610e+02 5.680e+02 2.390e+02
 4.100e+01 1.000e+00 0.000e+00
