493. 507. 588. 771. 741. 787. 577. 369. 117.   0.
 513.  516.  601.  868. 1054.  622.  474.  252.   50.    0.
 536.  526.  553.  649. 1091.  587.  418.  391.  197.    2.
 486.  505.  630.  656. 1137.  754.  442.  279.   61.    0.
498. 554. 638. 900. 908. 674. 423. 254. 101.   0.
 479.  539.  561.  843. 1108.  582.  437.  295.  106.    0.
419. 435. 479. 529. 577. 685. 894. 911.  21.   0.
594. 654. 590. 662. 649. 631. 717. 422.  31.   0.
640. 648. 644. 566. 646. 659. 743. 323.  81.   0.
934. 791. 692. 696. 609. 461. 305. 270. 153.  39.
865. 851. 726. 648. 545. 475. 361. 285. 157.  37.
931. 778. 593. 503. 489. 437. 454. 431. 262.  72.
894. 915. 808. 703. 552. 437. 302. 198.  97.  44.
943. 892. 791. 644. 540. 471. 344. 219.  99.   7.
968. 863. 716. 559. 520. 525. 393. 263. 125.  18.
893. 908. 828. 661. 576. 410. 321. 190. 120.  43.
 428.  457.  491.  515.  591.  705. 1348.  415.    0.    0.
 453.  467.  444.  524.  610.  716. 1316.  420.    0.    0.
529. 633. 832. 823. 611. 525. 455. 346. 170.  26.
 433.  436.  469.  545.  579.  782. 1269.  437.    0.    0.
 472.  439.  471.  526.  588.  719. 1333.  402.    0.    0.
 500.  420.  513.  442.  552.  731. 1339.  453.    0.    0.
 505.  591.  855. 1143.  715.  506.  359.  176.   89.   11.
 454.  439.  461.  531.  593.  755. 1205.  512.    0.    0.
