 445.  582. 1014.  727.  614.  486.  398.  270.  304.  110.
500. 808. 971. 694. 611. 465. 408. 268. 180.  45.
805. 821. 574. 659. 682. 598. 455. 260.  86.  10.
 605. 1052. 1103.  776.  502.  414.  251.  188.   59.    0.
1044. 1162.  885.  809.  462.  258.  182.  115.   29.    4.
932. 761. 697. 678. 514. 471. 367. 288. 197.  45.
964. 940. 834. 720. 527. 432. 262. 162.  92.  17.
956. 825. 749. 644. 559. 431. 384. 266. 105.  31.
864. 812. 728. 634. 532. 477. 384. 264. 182.  73.
426. 499. 616. 977. 790. 866. 631. 145.   0.   0.
 469.  615.  556.  759.  726. 1075.  664.   86.    0.    0.
491. 525. 603. 934. 745. 817. 718. 117.   0.   0.
 469.  628. 1088.  799.  636.  465.  363.  296.  150.   56.
469. 523. 599. 899. 779. 921. 667.  93.   0.   0.
434. 501. 648. 913. 754. 912. 594. 194.   0.   0.
456. 519. 608. 993. 820. 931. 528.  95.   0.   0.
469. 602. 994. 668. 600. 511. 402. 372. 287.  45.
 449.  504.  621. 1004.  907.  773.  607.   85.    0.    0.
477. 505. 564. 900. 676. 911. 778. 139.   0.   0.
 466.  462.  544. 1004.  686.  860.  788.  140.    0.    0.
 445.  640. 1173.  742.  618.  485.  401.  286.  140.   20.
471. 496. 561. 708. 739. 803. 827. 271.  74.   0.
 455.  487.  524.  832. 1127.  688.  326.  275.  218.   18.
 529. 1002.  719.  653.  592.  423.  356.  329.  267.   80.
 480.  539.  683. 1120.  770.  592.  428.  251.   87.    0.
 428.  451.  466.  515.  591.  726. 1309.  464.    0.    0.
 425.  477.  476.  486.  581.  722. 1320.  463.    0.    0.
 473.  438.  451.  512.  628.  706. 1277.  465.    0.    0.
