 471.  571.  575.  607.  765. 1095.  837.   29.    0.    0.
4.860e+02 5.640e+02 1.122e+03 8.290e+02 6.950e+02 5.490e+02 3.980e+02
 1.860e+02 1.200e+02 1.000e+00
476. 836. 941. 722. 686. 638. 299. 278.  74.   0.
545. 980. 966. 797. 615. 427. 375. 210.  35.   0.
 444.  597. 1120.  880.  617.  490.  383.  218.  135.   66.
 465.  450.  503.  509.  585.  707. 1362.  369.    0.    0.
 470.  450.  458.  669. 1042.  832.  533.  350.  146.    0.
814. 876. 625. 616. 573. 472. 393. 357. 189.  35.
 428.  469.  471.  499.  578.  717. 1348.  440.    0.    0.
 431.  482.  481.  543.  576.  768. 1265.  404.    0.    0.
 424.  468.  486.  494.  600.  717. 1291.  470.    0.    0.
 437.  460.  481.  522.  610.  727. 1268.  445.    0.    0.
 434.  450.  510.  500.  621.  748. 1283.  404.    0.    0.
 435.  466.  477.  522.  566.  682. 1334.  468.    0.    0.
