 429.  452.  517.  496.  656. 1209.  571.  390.  230.    0.
 428.  433.  464. 1137.  741.  597.  398.  331.  253.  168.
 452.  501. 1048.  885.  665.  497.  423.  276.  155.   48.
525. 589. 709. 909. 577. 588. 500. 372. 167.  14.
 459.  503. 1075.  700.  626.  475.  478.  300.  254.   80.
930. 870. 758. 694. 580. 432. 294. 215. 135.  42.
 474.  558. 1210.  779.  657.  505.  316.  286.   95.   70.
 631. 1052.  744.  568.  584.  455.  439.  304.  130.   43.
453. 492. 541. 683. 859. 633. 524. 438. 327.   0.
370. 397. 448. 491. 717. 740. 496. 467. 618. 206.
546. 754. 978. 743. 592. 548. 455. 248.  81.   5.
 519.  681. 1289.  876.  657.  422.  284.  152.   67.    3.
 494.  425.  446.  540.  705. 1134.  690.  484.   32.    0.
 446.  483.  441.  504.  643. 1075.  778.  514.   66.    0.
 378.  410.  463.  492.  554.  548. 1065.  792.  222.   26.
 656. 1088.  892.  704.  547.  451.  305.  189.  100.   18.
 442.  630. 1090.  736.  589.  496.  431.  299.  181.   56.
548. 929. 839. 648. 523. 479. 448. 279. 186.  71.
452. 459. 542. 754. 955. 678. 661. 449.   0.   0.
 489.  484.  427.  512.  624.  741. 1314.  359.    0.    0.
479. 611. 817. 942. 834. 762. 505.   0.   0.   0.
 420.  457.  498.  519.  566.  758. 1294.  438.    0.    0.
