433. 496. 552. 711. 880. 637. 550. 414. 215.  62.
 449.  519.  479.  572. 1012.  675.  497.  393.  264.   90.
 492.  455.  476.  510.  560.  743. 1302.  412.    0.    0.
 436.  457.  484.  541.  571.  733. 1309.  419.    0.    0.
 484.  449.  406.  504.  601.  736. 1292.  478.    0.    0.
 420.  460.  480.  544.  559.  716. 1319.  452.    0.    0.
 460.  426.  489.  549.  674. 1279.  673.  322.   78.    0.
 433.  458.  488.  537.  610. 1087.  784.  497.   56.    0.
442. 434. 504. 561. 652. 930. 945. 452.  30.   0.
624. 807. 710. 658. 614. 546. 453. 338. 200.   0.
617. 853. 723. 665. 616. 525. 419. 344. 171.  17.
632. 853. 673. 764. 601. 514. 401. 302. 168.  42.
537. 965. 654. 594. 507. 505. 499. 399. 217.  73.
 432.  478.  474.  550.  564.  720. 1368.  364.    0.    0.
674. 699. 704. 702. 622. 576. 461. 383. 129.   0.
400. 540. 646. 650. 785. 946. 592. 391.   0.   0.
464. 513. 852. 840. 590. 617. 494. 407. 173.   0.
547. 525. 698. 777. 665. 581. 431. 382. 259.  85.
 393.  500.  607. 1039.  748.  591.  436.  378.  214.   44.
402. 467. 508. 807. 812. 571. 554. 380. 409.  40.
 399.  483.  539.  540. 1093.  654.  471.  510.  261.    0.
473. 470. 589. 535. 891. 761. 630. 476. 125.   0.
453. 536. 605. 679. 831. 904. 596. 294.  52.   0.
 446.  459.  494.  548.  622. 1025.  706.  442.  208.    0.
547. 719. 904. 678. 554. 490. 437. 269. 262.  90.
 420.  455.  492.  564.  751. 1098.  635.  359.  176.    0.
490. 747. 931. 718. 551. 536. 362. 303. 172. 140.
 497.  423.  434.  546.  622.  630. 1383.  415.    0.    0.
505. 786. 691. 626. 659. 575. 498. 454. 156.   0.
624. 671. 625. 563. 519. 515. 490. 519. 424.   0.
662. 710. 664. 561. 526. 551. 519. 464. 293.   0.
647. 747. 670. 648. 564. 521. 491. 369. 268.  25.
700. 859. 688. 668. 545. 472. 481. 334. 171.  32.
