458. 615. 633. 966. 955. 834. 388. 101.   0.   0.
414. 622. 567. 692. 867. 889. 572. 274.  53.   0.
526. 629. 595. 683. 739. 826. 557. 305.  88.   2.
442. 625. 560. 725. 884. 833. 486. 278. 117.   0.
465. 851. 863. 867. 774. 528. 386. 172.  44.   0.
509. 599. 718. 827. 811. 487. 477. 344. 178.   0.
490. 532. 677. 813. 812. 569. 520. 343. 190.   4.
415. 421. 433. 483. 555. 709. 972. 700. 262.   0.
388. 428. 427. 446. 451. 922. 585. 530. 650. 123.
347. 412. 430. 460. 479. 467. 891. 972. 402.  90.
 413.  423.  553. 1044.  676.  583.  497.  320.  248.  193.
385. 459. 467. 995. 744. 557. 389. 389. 342. 223.
 402.  456.  527. 1064.  796.  594.  357.  369.  202.  183.
440. 482. 538. 696. 805. 642. 529. 386. 364.  68.
953. 871. 697. 575. 530. 513. 401. 260. 127.  23.
876. 828. 717. 681. 552. 472. 345. 222. 177.  80.
1215.  815.  426.   10.    0.    0.    0.    0.  390. 2094.
 556. 1095.  862.  674.  582.  483.  342.  211.  111.   34.
487. 509. 584. 695. 595. 944. 903. 227.   6.   0.
389. 606. 630. 930. 995. 706. 357. 293.  44.   0.
474. 577. 784. 851. 631. 486. 411. 419. 259.  58.
 479.  576.  771. 1179.  737.  496.  321.  218.  150.   23.
 381.  394.  436.  403.  454.  473.  589. 1298.  404.  118.
418. 490. 548. 561. 663. 978. 588. 486. 202.  16.
394. 611. 784. 874. 802. 544. 418. 354. 169.   0.
 579.  987. 1044.  863.  587.  438.  265.   87.   79.   21.
 527.  509.  545.  803. 1245.  749.  364.  172.   36.    0.
 489.  495.  549.  488.  703. 1001.  659.  432.  134.    0.
383. 653. 735. 762. 917. 650. 485. 256. 107.   2.
 687. 1102. 1281.  907.  487.  297.  116.   49.   20.    4.
587. 510. 602. 747. 983. 757. 570. 159.  35.   0.
 466.  503.  512.  594.  898. 1130.  435.  312.  100.    0.
409. 740. 772. 903. 736. 666. 355. 289.  80.   0.
 683. 1086. 1192.  830.  531.  359.  134.   97.   36.    2.
 474.  530.  651.  874. 1146.  675.  404.  163.   33.    0.
502. 485. 586. 686. 787. 928. 617. 330.  29.   0.
520. 994. 892. 700. 560. 500. 361. 272. 118.  33.
792. 876. 743. 625. 589. 472. 438. 290. 103.  22.
 674. 1310. 1311.  852.  418.  253.   90.   29.   13.    0.
928. 793. 687. 609. 500. 558. 465. 277. 130.   3.
908. 941. 799. 686. 557. 433. 327. 190.  92.  17.
 459.  477.  541.  580.  737. 1002.  580.  370.  204.    0.
350. 650. 799. 953. 927. 595. 375. 214.  85.   2.
6.450e+02 1.091e+03 1.209e+03 8.940e+02 5.490e+02 3.210e+02 1.450e+02
 6.200e+01 3.300e+01 1.000e+00
 539.  506.  575.  933. 1125.  666.  366.  185.   55.    0.
440. 476. 516. 629. 550. 962. 670. 428. 266.  13.
348. 658. 829. 973. 827. 591. 380. 265.  79.   0.
 675. 1130. 1189.  865.  492.  334.  178.   58.   24.    5.
 475.  495.  589.  791. 1205.  730.  397.  198.   68.    2.
434. 737. 763. 819. 826. 622. 441. 226.  82.   0.
478. 759. 721. 981. 750. 573. 427. 201.  60.   0.
751. 952. 807. 694. 563. 442. 311. 227. 156.  47.
736. 949. 705. 552. 541. 447. 456. 283. 221.  60.
785. 960. 821. 661. 591. 403. 349. 232. 117.  31.
491. 509. 564. 827. 947. 578. 432. 359. 243.   0.
503. 550. 707. 950. 739. 505. 387. 329. 250.  30.
 485.  536. 1276.  912.  652.  461.  348.  195.   81.    4.
892. 860. 767. 665. 516. 452. 353. 230. 143.  72.
519. 931. 895. 886. 680. 592. 352.  92.   3.   0.
3.740e+02 7.370e+02 1.032e+03 8.850e+02 1.008e+03 6.790e+02 2.340e+02
 1.000e+00 0.000e+00 0.000e+00
