 418.  489. 1079.  780.  651.  514.  373.  253.  192.  201.
 366.  397.  439.  439.  494. 1036.  592.  558.  535.   94.
449. 882. 786. 652. 492. 492. 405. 308. 272. 212.
950. 817. 802. 639. 548. 454. 345. 233. 127.  35.
923. 749. 678. 590. 576. 444. 380. 271. 224. 115.
982. 864. 737. 620. 559. 444. 384. 236. 113.  11.
893. 817. 734. 600. 552. 441. 387. 261. 185.  80.
253. 593. 700. 766. 856. 697. 552. 375. 130.  28.
440. 934. 825. 848. 737. 680. 337. 149.   0.   0.
 433.  463. 1070.  711.  523.  456.  486.  344.  268.  196.
378. 492. 497. 524. 934. 748. 502. 424. 443.   8.
