 381.  389.  427.  473.  673. 1066.  562.  385.  460.  134.
378. 428. 489. 903. 703. 560. 401. 407. 347. 334.
425. 723. 935. 699. 620. 470. 362. 295. 235. 186.
677. 839. 753. 681. 570. 564. 395. 309. 162.   0.
608. 952. 733. 665. 590. 487. 384. 326. 193.  12.
799. 915. 738. 710. 651. 399. 292. 207. 165.  74.
 440.  520. 1018.  793.  676.  546.  471.  379.  107.    0.
372. 871. 938. 683. 518. 490. 433. 332. 181. 132.
935. 799. 689. 567. 486. 481. 396. 328. 217.  52.
372. 360. 440. 464. 519. 993. 695. 396. 574. 137.
