900. 810. 714. 570. 540. 452. 406. 315. 171.  72.
923. 857. 750. 614. 545. 472. 373. 262. 124.  30.
 348.  400.  368.  425.  457.  464.  578. 1296.  442.  172.
508. 755. 878. 733. 571. 509. 505. 251. 160.  80.
454. 446. 462. 579. 793. 916. 821. 397.  82.   0.
377. 398. 403. 431. 485. 631. 927. 495. 653. 150.
959. 839. 771. 673. 550. 437. 348. 260.  97.  16.
459. 505. 526. 528. 880. 661. 489. 510. 349.  43.
443. 469. 520. 597. 702. 866. 655. 555. 143.   0.
459. 488. 819. 784. 684. 573. 471. 311. 333.  28.
381. 399. 534. 471. 545. 768. 722. 832. 231.  67.
580. 923. 809. 566. 528. 514. 420. 315. 252.  43.
920. 897. 788. 623. 567. 429. 361. 221. 113.  31.
440. 472. 482. 636. 881. 685. 529. 507. 318.   0.
388. 419. 442. 480. 915. 730. 487. 421. 401. 267.
 414.  486.  548.  567. 1074.  609.  655.  394.  203.    0.
 486.  627. 1042.  778.  594.  475.  459.  291.  140.   58.
 350.  406.  448.  489.  502.  529. 1004.  563.  571.   88.
733. 975. 937. 723. 550. 426. 278. 167. 133.  28.
 742. 1037.  817.  661.  537.  437.  379.  198.  107.   35.
 362.  466.  526.  593. 1160.  648.  404.  360.  383.   48.
426. 493. 515. 945. 780. 494. 439. 475. 282. 101.
 443.  642.  835. 1074.  836.  649.  336.  120.   15.    0.
668. 976. 772. 750. 572. 485. 352. 222. 146.   7.
911. 867. 788. 665. 593. 419. 291. 237. 111.  68.
891. 850. 666. 649. 585. 398. 371. 314. 179.  47.
768. 895. 739. 638. 522. 479. 373. 265. 181.  90.
953. 904. 687. 556. 526. 490. 412. 270. 122.  30.
915. 785. 758. 677. 497. 494. 328. 250. 179.  67.
938. 922. 786. 684. 572. 408. 311. 198.  88.  43.
 475.  527. 1068.  760.  590.  500.  448.  321.  179.   82.
412. 564. 753. 941. 660. 557. 366. 394. 297.   6.
 384.  423.  480.  537.  505.  687. 1055.  666.  213.    0.
518. 450. 651. 605. 980. 781. 521. 297. 147.   0.
 388.  440.  501.  497.  517.  500. 1171.  671.  226.   39.
 455.  515.  666. 1051.  907.  666.  363.  301.   26.    0.
402. 498. 547. 540. 769. 896. 711. 447. 140.   0.
435. 440. 530. 590. 876. 651. 571. 437. 395.  25.
471. 490. 565. 845. 875. 775. 496. 301. 132.   0.
886. 830. 719. 689. 593. 432. 302. 258. 196.  45.
 391.  405.  367.  444.  535.  549.  676. 1177.  289.  117.
356. 843. 955. 859. 706. 469. 322. 229. 145.  66.
 493.  624.  721.  930. 1023.  618.  337.  167.   37.    0.
 421.  444. 1070.  811.  676.  481.  377.  322.  167.  181.
903. 898. 790. 713. 582. 405. 269. 221. 112.  57.
374. 387. 460. 476. 472. 991. 678. 481. 500. 131.
399. 426. 509. 558. 654. 832. 753. 673. 146.   0.
331. 560. 938. 909. 765. 662. 355. 292. 124.  14.
934. 913. 791. 661. 536. 442. 311. 209. 109.  44.
467. 984. 795. 667. 583. 413. 452. 313. 216.  60.
869. 813. 663. 550. 483. 528. 421. 300. 238.  85.
887. 921. 785. 713. 582. 420. 300. 221. 114.   7.
461. 724. 803. 852. 621. 487. 385. 316. 218.  83.
 462.  472.  620. 1032.  625.  507.  492.  352.  288.  100.
 429.  491.  529. 1083.  643.  506.  410.  294.  245.  320.
 359.  445.  446.  498.  565. 1013.  637.  547.  346.   94.
324. 410. 701. 931. 833. 637. 630. 384.  70.  30.
332. 561. 786. 717. 744. 703. 571. 408. 116.  12.
438. 436. 571. 654. 906. 868. 490. 275. 290.  22.
 500.  871. 1059.  832.  646.  422.  282.  222.   89.   27.
311. 771. 947. 907. 698. 604. 434. 258.  20.   0.
636. 879. 814. 679. 558. 455. 443. 331. 130.  25.
 287.  632.  908. 1007.  779.  766.  342.  179.   47.    3.
440. 431. 415. 489. 490. 901. 916. 674. 181.  13.
437. 483. 730. 993. 915. 422. 347. 341. 282.   0.
913. 893. 711. 732. 561. 429. 293. 236. 137.  45.
474. 500. 558. 910. 662. 484. 417. 419. 352. 174.
512. 453. 748. 970. 653. 552. 438. 312. 307.   5.
897. 840. 785. 621. 521. 481. 357. 236. 146.  66.
949. 907. 800. 609. 552. 449. 350. 224.  86.  24.
459. 502. 756. 818. 738. 532. 445. 379. 235.  86.
997. 848. 712. 601. 531. 517. 360. 286.  97.   1.
430. 533. 604. 685. 789. 959. 633. 257.  60.   0.
 370.  635. 1015.  893.  586.  565.  384.  268.  218.   16.
 399.  598.  808. 1000.  695.  585.  301.  293.  232.   39.
497. 497. 602. 759. 713. 912. 663. 201. 106.   0.
 351.  905. 1052.  806.  620.  482.  353.  263.  112.    6.
355. 622. 847. 858. 705. 528. 471. 316. 184.  64.
5.030e+02 5.630e+02 6.080e+02 1.062e+03 7.310e+02 5.740e+02 4.650e+02
 2.790e+02 1.640e+02 1.000e+00
436. 720. 830. 645. 508. 493. 413. 433. 302. 170.
403. 802. 769. 834. 645. 588. 461. 292. 150.   6.
385. 645. 916. 895. 637. 498. 501. 221. 200.  52.
320. 807. 976. 905. 719. 488. 391. 244.  96.   4.
390. 449. 449. 447. 579. 693. 897. 617. 363.  66.
390. 762. 918. 679. 739. 485. 428. 230. 269.  50.
 467.  752. 1012.  639.  522.  493.  453.  304.  220.   88.
463. 903. 845. 737. 549. 480. 379. 294. 188. 112.
 450.  735. 1010.  811.  642.  447.  438.  401.   16.    0.
567. 730. 922. 803. 753. 704. 265. 147.  59.   0.
868. 807. 752. 533. 559. 490. 383. 304. 149. 105.
873. 953. 819. 667. 588. 438. 295. 180. 109.  28.
401. 684. 837. 672. 720. 628. 444. 345. 213.   6.
447. 490. 649. 903. 755. 576. 394. 362. 235. 139.
405. 548. 847. 912. 700. 528. 332. 337. 182. 159.
764. 865. 654. 636. 511. 423. 395. 427. 222.  53.
488. 703. 984. 786. 654. 459. 361. 215. 221.  79.
 418.  495.  525.  573.  702. 1136.  613.  363.  125.    0.
 525.  558.  770. 1163. 1004.  490.  257.  118.   62.    3.
889. 967. 788. 643. 534. 429. 343. 228. 112.  17.
323. 748. 805. 885. 683. 518. 412. 318. 154. 104.
927. 847. 752. 619. 570. 430. 364. 269. 142.  30.
466. 504. 603. 731. 889. 631. 532. 365. 216.  13.
 723. 1009.  817.  660.  583.  441.  344.  223.  115.   35.
 422.  457.  572. 1043.  780.  535.  367.  325.  358.   91.
533. 757. 925. 727. 459. 484. 411. 276. 222. 156.
946. 828. 695. 559. 519. 475. 415. 312. 159.  42.
 484. 1015.  804.  682.  610.  441.  347.  268.  181.  118.
437. 870. 919. 658. 536. 501. 408. 367. 172.  82.
937. 861. 852. 674. 547. 435. 311. 170. 121.  42.
885. 852. 758. 653. 542. 458. 345. 237. 146.  74.
444. 450. 555. 552. 919. 838. 538. 371. 283.   0.
401. 736. 642. 745. 915. 812. 458. 184.  57.   0.
503. 650. 869. 967. 628. 538. 408. 250. 112.  25.
 392.  755.  985. 1091.  965.  491.  244.   27.    0.    0.
 419.  454.  465.  521.  627.  856. 1142.  377.   89.    0.
451. 449. 411. 619. 886. 970. 426. 442. 242.  54.
881. 820. 750. 689. 563. 449. 306. 280. 171.  41.
398. 449. 531. 556. 683. 968. 804. 550.  11.   0.
915. 881. 769. 653. 533. 450. 336. 250. 110.  53.
895. 969. 818. 694. 560. 416. 310. 175. 103.  10.
412. 495. 519. 604. 823. 808. 520. 470. 281.  18.
413. 475. 593. 507. 873. 859. 709. 298. 153.  70.
444. 449. 768. 891. 987. 496. 343. 308. 230.  34.
529. 718. 909. 811. 564. 484. 434. 323. 151.  27.
393. 636. 997. 766. 593. 544. 468. 371. 162.  20.
1005.  937.  791.  680.  552.  411.  300.  179.   66.   29.
 585. 1142.  839.  694.  564.  463.  335.  208.   91.   29.
 426.  558. 1078.  663.  595.  445.  354.  355.  282.  194.
468. 521. 586. 771. 785. 845. 524. 333. 117.   0.
930. 856. 808. 653. 584. 433. 314. 208. 102.  62.
457. 765. 870. 903. 631. 540. 509. 270.   5.   0.
856. 835. 774. 662. 581. 521. 375. 233.  96.  17.
406. 440. 538. 690. 769. 925. 682. 401.  99.   0.
425. 524. 566. 660. 665. 944. 750. 379.  37.   0.
 514.  519.  615.  711. 1142.  794.  348.  163.  129.   15.
814. 965. 753. 659. 488. 451. 326. 274. 153.  67.
 596.  578. 1124.  906.  663.  478.  233.  194.  148.   30.
664. 903. 691. 543. 570. 477. 396. 399. 230.  77.
 522.  731. 1104.  811.  606.  425.  396.  287.   68.    0.
575. 697. 676. 772. 961. 596. 418. 219.  36.   0.
 571.  715.  581.  680. 1135.  994.  207.   64.    3.    0.
953. 796. 761. 694. 545. 440. 385. 186. 150.  40.
650. 921. 830. 725. 595. 451. 331. 251. 153.  43.
456. 493. 943. 814. 559. 466. 440. 340. 275. 164.
528. 633. 923. 975. 859. 629. 319.  84.   0.   0.
877. 812. 751. 633. 510. 480. 383. 234. 203.  67.
965. 876. 825. 674. 567. 415. 298. 206.  99.  25.
607. 754. 854. 988. 832. 480. 247. 144.  39.   5.
 467.  694. 1048.  773.  619.  540.  405.  266.  123.   15.
756. 918. 779. 699. 565. 477. 312. 187. 179.  78.
423. 494. 916. 680. 544. 476. 404. 352. 326. 335.
484. 578. 702. 988. 614. 465. 481. 326. 230.  82.
576. 929. 844. 709. 602. 491. 325. 259. 195.  20.
885. 771. 738. 628. 509. 456. 407. 268. 183. 105.
 455.  733.  911.  832. 1045.  672.  282.   20.    0.    0.
443. 622. 749. 832. 661. 439. 404. 317. 262. 221.
 661.  836. 1029.  798.  590.  481.  288.  167.   88.   12.
858. 916. 773. 666. 550. 437. 340. 201. 151.  58.
927. 815. 767. 691. 599. 410. 304. 201. 143.  93.
 421.  601.  731.  945. 1095.  682.  310.  142.   23.    0.
898. 826. 731. 687. 541. 441. 322. 260. 177.  67.
777. 847. 930. 663. 617. 403. 295. 210. 142.  66.
560. 977. 799. 600. 481. 528. 466. 365. 158.  16.
449. 485. 504. 604. 697. 674. 772. 562. 203.   0.
537. 787. 865. 719. 623. 413. 342. 281. 277. 106.
471. 710. 911. 882. 560. 519. 347. 261. 172. 117.
579. 672. 980. 680. 616. 525. 414. 292. 157.  35.
 449.  688.  630.  665.  679. 1008.  426.  288.  117.    0.
 413.  413.  456. 1103.  639.  558.  426.  324.  366.  252.
4.300e+02 9.000e+02 1.168e+03 9.390e+02 7.020e+02 4.720e+02 2.490e+02
 8.900e+01 1.000e+00 0.000e+00
797. 880. 653. 699. 546. 490. 318. 263. 230.  74.
461. 882. 797. 799. 713. 468. 390. 307. 132.   1.
 551. 1018. 1184.  980.  620.  408.  154.   35.    0.    0.
465. 570. 729. 951. 729. 640. 730. 136.   0.   0.
515. 810. 878. 740. 590. 493. 358. 273. 191. 102.
493. 611. 723. 879. 881. 639. 453. 188.  83.   0.
647. 786. 865. 656. 516. 509. 436. 317. 166.  52.
 463. 1054.  773.  613.  561.  464.  392.  275.  198.  157.
550. 815. 990. 790. 547. 473. 338. 263. 161.  23.
477. 575. 716. 895. 937. 730. 501. 118.   1.   0.
965. 875. 760. 648. 522. 461. 361. 226. 111.  21.
928. 912. 742. 664. 550. 436. 316. 247. 132.  23.
929. 816. 704. 663. 577. 411. 364. 253. 204.  29.
942. 824. 676. 626. 549. 428. 353. 310. 194.  48.
 379.  448.  475. 1178.  645.  583.  410.  334.  286.  212.
 448.  833. 1147. 1118.  710.  363.  198.   86.   32.   15.
585. 625. 746. 786. 734. 463. 355. 267. 229. 160.
884. 733. 677. 560. 577. 424. 400. 299. 307.  89.
856. 857. 741. 634. 591. 452. 335. 279. 148.  57.
933. 811. 663. 685. 552. 408. 377. 298. 196.  27.
691. 833. 692. 523. 499. 396. 394. 489. 311. 122.
703. 975. 809. 655. 552. 493. 363. 243. 132.  25.
 926. 1000.  757.  624.  595.  443.  309.  211.   60.   25.
885. 897. 753. 663. 539. 437. 360. 239. 110.  67.
963. 899. 791. 670. 575. 429. 303. 196. 104.  20.
856. 940. 641. 565. 527. 487. 470. 321. 115.  28.
947. 890. 748. 670. 580. 432. 323. 220. 117.  23.
939. 827. 697. 706. 550. 435. 367. 272. 122.  35.
997. 806. 561. 553. 525. 425. 434. 386. 209.  54.
890. 814. 745. 702. 567. 449. 290. 253. 168.  72.
958. 853. 737. 656. 513. 457. 354. 238. 162.  22.
900. 818. 788. 709. 521. 450. 348. 186. 158.  72.
826. 935. 727. 668. 551. 464. 358. 251. 126.  44.
958. 727. 587. 621. 538. 391. 379. 401. 263.  85.
1020.  830.  724.  645.  554.  514.  342.  175.  100.   46.
887. 844. 738. 610. 536. 465. 365. 270. 189.  46.
872. 856. 750. 662. 551. 448. 341. 245. 157.  68.
920. 866. 796. 687. 556. 443. 278. 222. 153.  29.
925. 778. 683. 537. 489. 479. 439. 318. 239.  63.
938. 852. 728. 630. 545. 456. 362. 257. 152.  30.
850. 828. 693. 570. 488. 481. 409. 338. 211.  82.
910. 821. 708. 552. 535. 456. 425. 336. 184.  23.
904. 860. 774. 718. 563. 411. 319. 238. 131.  32.
911. 930. 826. 677. 537. 469. 285. 208.  82.  25.
556. 526. 502. 455. 575. 905. 912. 401. 116.   2.
915. 854. 761. 611. 503. 483. 368. 260. 160.  35.
978. 802. 715. 534. 531. 499. 388. 327. 151.  25.
904. 923. 711. 592. 498. 478. 424. 276. 123.  21.
894. 837. 706. 651. 547. 463. 336. 284. 172.  60.
896. 870. 661. 603. 528. 457. 393. 317. 174.  51.
958. 868. 713. 633. 528. 479. 372. 262. 115.  22.
661. 984. 835. 610. 597. 446. 368. 265. 127.  57.
907. 845. 731. 609. 611. 471. 352. 251. 135.  38.
940. 843. 723. 688. 577. 408. 359. 263. 124.  25.
928. 810. 675. 579. 521. 469. 443. 322. 161.  42.
947. 916. 827. 692. 563. 409. 304. 179.  89.  24.
949. 913. 787. 637. 516. 473. 327. 221.  97.  30.
 565.  809. 1053.  785.  707.  447.  293.  205.   83.    3.
874. 828. 679. 672. 578. 435. 351. 244. 191.  98.
852. 870. 714. 599. 502. 519. 390. 299. 173.  32.
877. 940. 735. 641. 580. 463. 343. 242.  96.  33.
885. 844. 800. 673. 559. 463. 296. 244. 151.  35.
391. 592. 703. 863. 780. 689. 487. 353.  92.   0.
766. 910. 717. 637. 569. 419. 415. 309. 154.  54.
556. 595. 521. 731. 800. 590. 572. 429. 149.   7.
824. 802. 679. 590. 535. 456. 389. 342. 221. 112.
820. 853. 664. 610. 487. 473. 395. 363. 192.  93.
391. 484. 606. 660. 635. 999. 491. 386. 263.  35.
999. 805. 719. 727. 631. 392. 267. 197. 179.  34.
940. 883. 762. 711. 560. 417. 297. 204. 130.  46.
839. 940. 783. 736. 561. 438. 285. 215. 117.  36.
892. 820. 754. 623. 533. 472. 368. 274. 130.  84.
535. 696. 782. 893. 673. 607. 424. 240. 100.   0.
620. 941. 791. 715. 549. 458. 393. 271. 177.  35.
701. 852. 675. 625. 596. 423. 417. 372. 237.  52.
557. 626. 774. 837. 630. 512. 363. 301. 259.  91.
955. 849. 649. 597. 478. 522. 408. 297. 164.  31.
525. 775. 758. 774. 892. 576. 428. 164.  47.  11.
669. 854. 853. 551. 457. 445. 375. 369. 246. 131.
433. 743. 910. 867. 673. 553. 295. 238. 187.  51.
730. 777. 694. 546. 529. 412. 406. 317. 303. 236.
426. 563. 638. 780. 557. 486. 432. 391. 301. 376.
477. 627. 554. 741. 552. 499. 466. 536. 324. 174.
546. 731. 829. 738. 700. 509. 417. 369. 111.   0.
 583.  799. 1162.  758.  653.  458.  277.  153.   79.   28.
352. 664. 870. 946. 712. 528. 419. 249. 166.  44.
529. 656. 749. 705. 576. 554. 683. 440.  58.   0.
971. 825. 705. 657. 552. 417. 370. 308. 131.  14.
 599.  810. 1007.  748.  552.  485.  370.  178.  171.   30.
380. 529. 703. 937. 668. 531. 490. 276. 234. 202.
641. 814. 770. 551. 502. 472. 465. 311. 294. 130.
853. 790. 718. 591. 500. 469. 400. 295. 247.  87.
406. 460. 467. 612. 541. 823. 436. 476. 668.  61.
400. 541. 628. 697. 665. 606. 438. 337. 429. 209.
939. 893. 803. 738. 568. 395. 277. 193. 108.  36.
670. 924. 716. 635. 591. 455. 339. 330. 219.  71.
443. 797. 971. 611. 584. 457. 533. 305. 219.  30.
738. 941. 808. 644. 552. 473. 383. 246. 131.  34.
746. 954. 739. 689. 610. 418. 330. 244. 155.  65.
698. 998. 679. 553. 486. 575. 495. 282. 149.  35.
436. 395. 432. 504. 585. 948. 735. 506. 408.   1.
