 688.  542.  569.  530.  610. 1102.  734.  175.    0.    0.
404. 625. 815. 795. 645. 819. 402. 384.  61.   0.
531. 969. 818. 618. 501. 484. 433. 308. 182. 106.
487. 421. 449. 524. 623. 791. 980. 675.   0.   0.
436. 917. 838. 593. 510. 508. 463. 391. 238.  56.
467. 808. 941. 646. 530. 523. 470. 330. 193.  42.
564. 578. 728. 589. 718. 880. 664. 224.   5.   0.
583. 686. 806. 787. 535. 523. 438. 317. 239.  36.
 459.  444.  457.  507.  572.  724. 1360.  427.    0.    0.
858. 816. 694. 635. 569. 442. 352. 336. 186.  62.
 463.  471.  497.  621.  873. 1005.  571.  336.  113.    0.
871. 965. 799. 684. 576. 435. 301. 196.  89.  34.
528. 536. 698. 961. 788. 596. 485. 252. 104.   2.
534. 786. 831. 837. 616. 457. 438. 358.  91.   2.
 439.  486.  506.  736. 1157.  694.  472.  341.  119.    0.
431. 513. 540. 720. 973. 678. 513. 391. 191.   0.
371. 524. 612. 723. 828. 807. 615. 470.   0.   0.
 452.  505.  860. 1034.  633.  588.  360.  249.  200.   69.
486. 548. 972. 874. 623. 551. 403. 373. 117.   3.
 372.  426.  442.  449.  430.  517. 1172.  706.  351.   85.
478. 536. 708. 735. 791. 744. 772. 186.   0.   0.
493. 541. 670. 963. 944. 535. 533. 271.   0.   0.
 433.  406.  521.  489.  616.  710. 1454.  321.    0.    0.
 485.  406.  507.  472.  657. 1233.  689.  410.   91.    0.
 443.  426.  466.  519.  630.  677. 1413.  376.    0.    0.
 430.  457.  481.  524.  591.  722. 1310.  435.    0.    0.
438. 493. 473. 543. 649. 907. 783. 595.  69.   0.
 455.  475.  473.  496.  572.  710. 1285.  484.    0.    0.
 461.  455.  460.  526.  535.  711. 1312.  490.    0.    0.
 419.  474.  484.  587.  686. 1139.  671.  442.   48.    0.
998. 796. 630. 559. 485. 475. 425. 378. 186.  18.
946. 872. 819. 717. 531. 463. 267. 174. 125.  36.
880. 882. 748. 631. 525. 480. 360. 242. 141.  61.
963. 881. 808. 670. 529. 466. 331. 190.  96.  16.
891. 832. 767. 640. 504. 459. 357. 266. 177.  57.
942. 896. 805. 661. 582. 444. 325. 183.  87.  25.
923. 825. 728. 638. 556. 437. 373. 274. 150.  46.
900. 846. 767. 670. 582. 422. 304. 245. 147.  67.
882. 821. 777. 625. 577. 429. 367. 264. 148.  60.
981. 872. 663. 569. 509. 517. 420. 261. 137.  21.
893. 853. 707. 667. 510. 510. 334. 274. 159.  43.
947. 868. 744. 657. 541. 459. 352. 235. 124.  23.
