415. 673. 876. 762. 570. 504. 392. 298. 266. 194.
658. 913. 755. 623. 548. 468. 356. 305. 175. 149.
437. 743. 691. 752. 631. 562. 517. 443. 174.   0.
 475.  490.  513.  516.  489.  452. 1182.  636.  184.   13.
394. 407. 491. 484. 956. 540. 545. 428. 454. 251.
399. 482. 648. 802. 822. 560. 524. 319. 315.  79.
913. 835. 732. 678. 553. 451. 331. 288. 140.  29.
453. 747. 988. 721. 610. 443. 413. 285. 187. 103.
498. 474. 865. 854. 693. 458. 410. 339. 258. 101.
442. 581. 947. 760. 704. 525. 365. 333. 230.  63.
 426.  476.  513.  556.  719. 1077.  724.  356.  103.    0.
449. 497. 873. 855. 767. 443. 367. 475. 224.   0.
 448. 1149.  748.  610.  545.  495.  403.  317.  165.   70.
941. 887. 723. 624. 514. 484. 388. 228. 133.  28.
592. 939. 835. 641. 538. 500. 397. 303. 169.  36.
582. 921. 773. 567. 532. 479. 387. 380. 207. 122.
931. 853. 705. 657. 538. 417. 376. 281. 148.  44.
945. 865. 741. 639. 587. 453. 338. 210. 133.  39.
381. 434. 493. 499. 628. 837. 639. 465. 557.  17.
438. 502. 581. 634. 731. 910. 594. 439. 121.   0.
408. 425. 448. 497. 534. 852. 513. 517. 604. 152.
392. 433. 480. 492. 472. 683. 588. 717. 647.  46.
 419.  482.  475.  490.  615.  765. 1288.  416.    0.    0.
 430.  481.  497.  502.  577.  735. 1421.  307.    0.    0.
 455.  456.  498.  580.  630. 1067.  893.  324.   47.    0.
 457.  438.  482.  502.  615.  809. 1029.  618.    0.    0.
 425.  459.  501.  524.  609.  903. 1024.  505.    0.    0.
457. 463. 488. 552. 615. 797. 977. 601.   0.   0.
 441.  441.  499.  487.  598.  754. 1183.  547.    0.    0.
 456.  486.  458.  470.  613. 1093.  810.  529.   35.    0.
442. 500. 504. 587. 627. 882. 653. 587. 168.   0.
899. 787. 722. 698. 475. 487. 356. 252. 196.  78.
720. 927. 669. 518. 530. 355. 398. 355. 245. 233.
960. 811. 700. 700. 617. 417. 294. 242. 168.  41.
395. 457. 477. 969. 791. 525. 417. 313. 371. 235.
 474.  447.  492.  476.  577.  713. 1347.  424.    0.    0.
 463.  468.  475.  519.  597.  646. 1260.  522.    0.    0.
854. 824. 740. 610. 549. 468. 372. 290. 156.  87.
922. 878. 743. 649. 551. 442. 372. 232. 119.  42.
563. 953. 779. 670. 583. 454. 370. 289. 200.  89.
692. 857. 783. 608. 536. 490. 315. 345. 187. 137.
 478.  443.  464.  675.  768. 1160.  611.  312.   39.    0.
 485.  499.  570.  535.  731. 1051.  696.  380.    3.    0.
509. 815. 952. 724. 681. 449. 347. 254. 190.  29.
964. 876. 763. 611. 555. 384. 325. 231. 160.  81.
 459.  442.  447.  493.  656.  738. 1195.  520.    0.    0.
483. 474. 593. 944. 732. 609. 527. 359. 212.  17.
 487.  457.  457.  526.  524.  751. 1465.  283.    0.    0.
2054.  622.   63.    0.    0.    0.   43.  441.  983.  744.
 593. 1063.  771.  691.  547.  459.  356.  247.  173.   50.
895. 722. 675. 566. 529. 424. 421. 313. 274. 131.
 931.  612. 1031.  435.  665.  391.  300.  384.  121.   80.
 581. 1018.  803.  576.  516.  535.  382.  327.  185.   27.
735. 637. 653. 630. 548. 490. 569. 456. 232.   0.
 589.  666. 1012.  712.  612.  545.  409.  255.  147.    3.
546. 647. 879. 719. 604. 490. 537. 369. 157.   2.
496. 545. 609. 801. 526. 472. 521. 538. 387.  55.
402. 453. 908. 805. 593. 507. 420. 303. 201. 358.
882. 750. 765. 653. 518. 512. 322. 259. 186. 103.
 428.  417.  480. 1101.  604.  518.  451.  424.  279.  248.
344. 398. 436. 442. 524. 855. 707. 421. 672. 151.
 358.  360.  429.  448.  437.  547. 1056.  721.  466.  128.
 406.  479. 1001.  739.  536.  466.  460.  283.  234.  346.
435. 731. 857. 644. 542. 469. 398. 342. 289. 243.
 444.  499. 1091.  574.  534.  445.  434.  408.  348.  173.
457. 720. 806. 673. 438. 452. 455. 324. 311. 314.
 450.  508. 1003.  673.  503.  450.  409.  351.  283.  320.
444. 928. 806. 605. 492. 459. 468. 325. 264. 159.
 508. 1049.  681.  643.  696.  469.  273.  217.  213.  201.
937. 863. 717. 602. 518. 468. 389. 285. 129.  42.
 384.  414.  476.  430.  480.  531.  644. 1123.  382.   86.
352. 415. 402. 452. 441. 527. 872. 938. 416. 135.
359. 407. 413. 492. 494. 479. 962. 926. 340.  78.
 351.  392.  440.  475.  509.  578. 1027.  790.  314.   74.
 373.  407.  491.  518.  565. 1005.  689.  573.  301.   28.
820. 895. 614. 602. 488. 453. 471. 266. 229. 112.
883. 810. 782. 559. 574. 440. 388. 288. 157.  69.
903. 829. 654. 573. 528. 444. 415. 336. 196.  72.
 524.  535. 1173.  886.  650.  562.  330.  290.    0.    0.
362. 555. 569. 631. 853. 904. 423. 325. 290.  38.
391. 438. 453. 493. 595. 979. 503. 405. 630.  63.
953. 854. 759. 644. 573. 428. 357. 233. 122.  27.
 473.  530.  835. 1028.  690.  552.  383.  280.  168.   11.
855. 766. 742. 582. 569. 480. 413. 332. 159.  52.
 460. 1112.  766.  600.  569.  400.  376.  343.  223.  101.
