956. 783. 674. 600. 540. 435. 387. 373. 168.  34.
931. 922. 762. 662. 593. 361. 307. 183. 154.  75.
 772. 1002.  809.  671.  569.  444.  345.  221.   97.   20.
799. 819. 702. 584. 542. 465. 425. 333. 216.  65.
686. 994. 755. 677. 569. 471. 366. 266. 133.  33.
833. 938. 806. 581. 528. 496. 367. 268. 108.  25.
745. 949. 731. 703. 569. 445. 327. 270. 152.  59.
714. 917. 737. 658. 580. 463. 364. 285. 173.  59.
783. 859. 757. 700. 605. 449. 328. 243. 157.  69.
 325.  518.  861.  778. 1105.  673.  498.  113.   77.    2.
 307.  620.  895. 1003.  842.  731.  347.  169.   36.    0.
328. 690. 825. 882. 848. 694. 524. 158.   1.   0.
 431.  571. 1051.  816.  633.  691.  277.  263.  217.    0.
 344.  550.  878. 1096.  803.  556.  509.  160.   54.    0.
350. 581. 938. 978. 830. 584. 474. 199.  16.   0.
 330.  592.  813. 1018.  800.  637.  475.  285.    0.    0.
340. 730. 896. 967. 851. 588. 341. 172.  57.   8.
 464.  539.  930. 1060.  456.  643.  410.  271.  164.   13.
327. 648. 714. 833. 909. 838. 498. 151.  32.   0.
341. 704. 965. 908. 784. 726. 386. 111.  25.   0.
 401.  634. 1077.  792.  628.  555.  395.  319.  145.    4.
 387.  630.  865. 1010.  706.  612.  450.  204.   84.    2.
 303.  656.  988. 1040.  838.  712.  269.  138.    6.    0.
335. 594. 948. 874. 853. 664. 388. 269.  25.   0.
303. 506. 862. 819. 959. 755. 368. 262. 116.   0.
307. 644. 893. 815. 744. 707. 489. 269.  78.   4.
384. 590. 796. 750. 915. 943. 457. 115.   0.   0.
447. 582. 675. 776. 811. 750. 522. 224. 141.  22.
354. 605. 740. 767. 948. 991. 380. 165.   0.   0.
