445. 407. 746. 735. 774. 940. 593. 310.   0.   0.
499. 670. 760. 957. 648. 526. 396. 298. 167.  29.
498. 609. 783. 888. 657. 520. 422. 357. 195.  21.
 464.  616.  905. 1038.  718.  530.  294.  259.  121.    5.
502. 677. 778. 866. 667. 539. 425. 312. 154.  30.
426. 403. 430. 497. 568. 820. 677. 780. 323.  26.
798. 758. 651. 605. 551. 479. 394. 371. 259.  84.
509. 607. 765. 866. 466. 533. 514. 281. 297. 112.
416. 457. 519. 547. 621. 980. 942. 468.   0.   0.
 433.  423.  479.  569.  912. 1031.  471.  389.  208.   35.
425. 442. 478. 464. 590. 899. 807. 574. 245.  26.
 461.  471.  483.  526.  592.  757. 1302.  358.    0.    0.
 447.  461.  456.  511.  565.  679. 1290.  541.    0.    0.
 447.  467.  485.  516.  582.  689. 1271.  493.    0.    0.
506. 843. 898. 736. 594. 470. 345. 300. 212.  46.
458. 540. 665. 766. 973. 748. 508. 263.  29.   0.
483. 520. 641. 751. 752. 937. 537. 284.  45.   0.
523. 638. 698. 772. 673. 633. 505. 367. 141.   0.
523. 575. 545. 967. 889. 555. 428. 289. 179.   0.
463. 560. 668. 640. 756. 755. 575. 419. 114.   0.
442. 573. 638. 787. 923. 869. 430. 252.  36.   0.
505. 555. 878. 852. 693. 591. 515. 242. 119.   0.
539. 622. 609. 810. 597. 553. 507. 515. 198.   0.
 539.  712. 1068.  773.  476.  431.  393.  321.  171.   66.
652. 628. 606. 598. 470. 506. 552. 584. 328.  26.
661. 607. 606. 588. 453. 495. 520. 490. 509.  21.
437. 481. 468. 577. 821. 979. 578. 356. 253.   0.
913. 870. 775. 706. 545. 446. 349. 202. 110.  34.
640. 608. 648. 637. 562. 578. 415. 548. 273.  41.
637. 655. 620. 611. 562. 471. 491. 460. 409.  34.
452. 481. 488. 590. 806. 869. 578. 489. 197.   0.
860. 836. 690. 621. 505. 466. 377. 298. 218.  79.
 479.  518.  573.  619.  622. 1002. 1084.   53.    0.    0.
433. 497. 515. 602. 732. 993. 987. 191.   0.   0.
 441.  439.  467.  534.  595.  749. 1326.  399.    0.    0.
491. 851. 865. 692. 606. 532. 453. 295. 164.   1.
 436.  452.  510.  540.  682. 1074.  682.  466.  108.    0.
733. 664. 691. 624. 558. 533. 480. 461. 206.   0.
 435.  489.  470.  519.  605.  685. 1325.  422.    0.    0.
944. 822. 684. 585. 545. 427. 401. 317. 159.  66.
 458.  421.  501.  470.  639.  738. 1301.  422.    0.    0.
523. 938. 880. 723. 575. 535. 463. 232.  78.   3.
444. 459. 499. 548. 710. 881. 780. 472. 157.   0.
720. 676. 657. 635. 548. 538. 486. 449. 241.   0.
 483.  466.  445.  481.  585.  697. 1347.  446.    0.    0.
930. 787. 609. 511. 441. 497. 453. 379. 228. 115.
 472.  490.  549.  820. 1018.  638.  485.  285.  175.   18.
488. 536. 512. 701. 888. 600. 582. 365. 248.  30.
1166.  569.  597.  237.    2.    9.  417.  889.  895.  169.
5.71e+02 7.67e+02 7.42e+02 1.07e+03 7.24e+02 5.08e+02 3.22e+02 1.94e+02
 5.10e+01 1.00e+00
469. 672. 821. 893. 741. 535. 302. 312. 205.   0.
 427.  464.  455.  678.  602.  773. 1026.  495.   30.    0.
422. 618. 785. 771. 462. 492. 345. 472. 316. 267.
 418.  458.  535.  513.  532.  692. 1080.  696.   26.    0.
 657. 1238. 1001.  817.  635.  355.  186.   61.    0.    0.
 575. 1026. 1129. 1017.  831.  328.   42.    2.    0.    0.
 564.  581.  540.  512.  541.  566.  609. 1026.   11.    0.
765. 689. 629. 471. 504. 510. 629. 643. 110.   0.
584. 564. 553. 515. 548. 547. 622. 980.  37.   0.
594. 992. 879. 703. 601. 505. 391. 222.  62.   1.
804. 719. 681. 616. 583. 500. 423. 352. 208.  64.
 469.  699.  812. 1018. 1038.  490.  260.  151.   13.    0.
