469. 758. 750. 680. 560. 484. 378. 305. 309. 257.
 780. 1000.  695.  600.  520.  459.  407.  298.  160.   31.
 725. 1011.  780.  674.  526.  416.  327.  229.  171.   91.
745. 914. 699. 608. 563. 432. 391. 342. 184.  72.
797. 865. 688. 587. 500. 467. 443. 316. 194.  93.
882. 785. 712. 533. 519. 478. 392. 354. 187. 108.
945. 821. 744. 654. 521. 445. 309. 285. 181.  45.
889. 817. 706. 559. 537. 441. 436. 289. 191.  85.
835. 828. 714. 633. 584. 423. 380. 257. 179. 117.
836. 865. 763. 625. 529. 479. 375. 250. 175.  53.
423. 471. 706. 899. 611. 501. 436. 330. 286. 287.
 577.  826. 1066.  829.  674.  403.  245.  217.   98.   15.
 601. 1026.  856.  691.  563.  504.  350.  224.  107.   28.
639. 924. 760. 702. 541. 463. 405. 257. 177.  82.
595. 905. 730. 675. 618. 486. 353. 243. 240. 105.
902. 939. 785. 694. 560. 421. 293. 247.  95.  14.
422. 478. 946. 805. 612. 490. 442. 321. 253. 181.
 518.  782. 1161.  853.  655.  432.  264.  175.   83.   27.
639. 979. 631. 578. 536. 442. 412. 427. 261.  45.
592. 972. 828. 723. 536. 485. 366. 269. 147.  32.
564. 940. 728. 663. 599. 452. 395. 303. 235.  71.
