 435.  443.  486.  511.  574.  751. 1316.  434.    0.    0.
370. 419. 415. 487. 437. 924. 660. 478. 620. 140.
378. 378. 450. 424. 541. 943. 635. 460. 572. 169.
369. 391. 420. 456. 515. 766. 657. 509. 707. 160.
 520. 1000.  708.  659.  562.  511.  311.  262.  279.  138.
 425.  450.  474.  542.  554.  720. 1336.  449.    0.    0.
 473.  432.  497.  532.  574.  722. 1261.  459.    0.    0.
 453.  463.  503.  490.  541.  726. 1290.  484.    0.    0.
 357.  385.  427.  513.  547.  672. 1001.  446.  529.   73.
343. 424. 417. 421. 576. 666. 845. 450. 671. 137.
 383.  389.  404.  413.  463.  501. 1120.  576.  581.  120.
 459.  472.  483.  512.  563.  673. 1326.  462.    0.    0.
408. 594. 706. 982. 994. 528. 403. 253.  66.  16.
394. 390. 390. 417. 510. 715. 848. 505. 654. 127.
374. 396. 406. 520. 452. 774. 748. 606. 618.  56.
 377.  367.  411.  457.  537. 1070.  683.  388.  533.  127.
