 439.  462.  491.  520.  589.  752. 1139.  558.    0.    0.
 429.  445.  463.  508.  614.  739. 1227.  525.    0.    0.
 448.  465.  456.  498.  583.  698. 1100.  702.    0.    0.
 426.  467.  478.  512.  590.  721. 1302.  454.    0.    0.
 451.  441.  489.  507.  576.  719. 1307.  460.    0.    0.
 453.  487.  519.  569.  799. 1125.  580.  378.   40.    0.
 425.  433.  496.  496.  603.  714. 1309.  474.    0.    0.
462. 815. 960. 743. 617. 457. 375. 293. 178.  50.
416. 520. 624. 735. 771. 689. 998. 197.   0.   0.
402. 645. 848. 820. 800. 567. 509. 321.  38.   0.
 474.  497.  480.  582.  654.  766. 1104.  393.    0.    0.
 364.  785.  968. 1068.  793.  432.  382.  147.   11.    0.
 457.  474.  454.  507.  564.  711. 1223.  560.    0.    0.
 503.  640. 1067.  897.  691.  474.  299.  222.  132.   25.
969. 814. 715. 702. 542. 399. 399. 282.  96.  32.
 457.  379.  490.  535.  567.  709. 1279.  534.    0.    0.
 442.  448.  483.  492.  523.  692. 1352.  518.    0.    0.
 472.  421.  500.  522.  640.  813. 1246.  336.    0.    0.
 492.  445.  472.  540.  593.  700. 1257.  451.    0.    0.
 511.  469.  555.  670.  962. 1075.  462.  182.   64.    0.
 429.  432.  498.  523.  593.  712. 1404.  359.    0.    0.
526. 831. 935. 684. 504. 485. 420. 228. 214. 123.
398. 489. 639. 899. 728. 691. 929. 177.   0.   0.
 345.  592.  974. 1074.  772.  625.  383.  166.   19.    0.
 437.  460.  520.  516.  611.  847. 1002.  548.    9.    0.
