 419.  467.  480.  496.  587.  729. 1345.  427.    0.    0.
 462.  466.  467.  531.  574.  655. 1346.  449.    0.    0.
 487.  444.  485.  479.  507.  757. 1363.  428.    0.    0.
 457.  716.  883.  862. 1285.  660.   87.    0.    0.    0.
4.920e+02 6.720e+02 8.350e+02 8.680e+02 1.368e+03 6.230e+02 9.100e+01
 1.000e+00 0.000e+00 0.000e+00
 525.  809.  927.  960. 1140.  526.   63.    0.    0.    0.
 470.  698.  850.  797. 1371.  661.  103.    0.    0.    0.
5.030e+02 7.440e+02 8.760e+02 8.350e+02 1.228e+03 6.930e+02 7.000e+01
 1.000e+00 0.000e+00 0.000e+00
 459.  764.  871.  958. 1204.  625.   69.    0.    0.    0.
 445.  751.  850.  878. 1269.  660.   95.    2.    0.    0.
 489.  828.  877.  951. 1205.  535.   65.    0.    0.    0.
 523.  713.  824.  937. 1317.  585.   51.    0.    0.    0.
 485.  495.  560.  673. 1235.  709.  448.  264.   81.    0.
 433.  484.  488.  505.  538.  708. 1320.  474.    0.    0.
445. 480. 500. 589. 607. 988. 600. 632. 109.   0.
 442.  466.  484.  457.  633.  724. 1261.  483.    0.    0.
 447.  466.  534.  549.  689. 1173.  600.  403.   89.    0.
 476.  413.  492.  523.  551.  716. 1295.  484.    0.    0.
428. 478. 513. 564. 696. 887. 727. 484. 173.   0.
468. 619. 996. 776. 675. 504. 388. 294. 185.  45.
 473.  475.  436.  466.  593.  755. 1300.  452.    0.    0.
483. 571. 994. 849. 606. 484. 448. 274. 175.  66.
 529.  587. 1006.  858.  651.  500.  357.  248.  171.   43.
 488.  736.  896.  940. 1299.  543.   48.    0.    0.    0.
 487.  751.  859.  890. 1293.  584.   86.    0.    0.    0.
 501.  794.  818.  940. 1258.  559.   80.    0.    0.    0.
 522.  857.  813. 1020. 1255.  431.   52.    0.    0.    0.
5.000e+02 7.470e+02 8.160e+02 9.050e+02 1.289e+03 6.360e+02 5.600e+01
 1.000e+00 0.000e+00 0.000e+00
 480.  759.  904.  943. 1228.  591.   45.    0.    0.    0.
 490.  709.  912.  950. 1309.  514.   66.    0.    0.    0.
 515.  629.  843.  841. 1309.  717.   96.    0.    0.    0.
 491.  729.  918.  857. 1249.  614.   92.    0.    0.    0.
 456.  750.  986.  902. 1168.  595.   93.    0.    0.    0.
5.120e+02 6.630e+02 8.560e+02 8.850e+02 1.291e+03 6.590e+02 8.300e+01
 1.000e+00 0.000e+00 0.000e+00
