 465.  506.  421.  506.  586.  744. 1286.  436.    0.    0.
 441.  431.  487.  539.  576.  740. 1284.  452.    0.    0.
356. 389. 455. 384. 486. 516. 789. 973. 495. 107.
350. 425. 433. 495. 484. 502. 963. 826. 362. 110.
398. 376. 505. 982. 770. 545. 538. 317. 344. 175.
 434.  433.  477.  509.  612.  713. 1352.  420.    0.    0.
 433.  470.  506.  509.  572.  705. 1310.  445.    0.    0.
 425.  456.  475.  490.  585.  744. 1373.  402.    0.    0.
 445.  432.  483.  510.  589.  702. 1350.  439.    0.    0.
 437.  478.  477.  512.  569.  718. 1328.  431.    0.    0.
 419.  448.  481.  542.  562.  712. 1379.  407.    0.    0.
 440.  425.  487.  511.  602.  727. 1349.  409.    0.    0.
 446.  466.  446.  503.  596.  723. 1386.  384.    0.    0.
 440.  446.  496.  475.  622.  676. 1319.  476.    0.    0.
 467.  446.  487.  486.  539.  716. 1438.  371.    0.    0.
 466.  450.  434.  527.  585.  740. 1287.  461.    0.    0.
 461.  425.  469.  514.  557.  742. 1404.  378.    0.    0.
 428.  466.  485.  505.  592.  725. 1367.  382.    0.    0.
 423.  449.  469.  520.  603.  727. 1335.  424.    0.    0.
 432.  446.  488.  502.  599.  726. 1357.  400.    0.    0.
 437.  436.  489.  499.  597.  729. 1339.  424.    0.    0.
 454.  425.  507.  505.  569.  756. 1293.  441.    0.    0.
 465.  468.  466.  478.  575.  740. 1316.  442.    0.    0.
979. 848. 652. 513. 520. 481. 435. 322. 146.  54.
931. 765. 660. 548. 528. 413. 428. 398. 212.  67.
717. 900. 770. 658. 531. 441. 403. 265. 151. 114.
876. 887. 766. 702. 553. 429. 289. 238. 128.  82.
837. 782. 710. 617. 463. 479. 431. 283. 217. 131.
