 474.  461.  429.  473.  522.  806. 1057.  715.   13.    0.
 443.  412.  562.  509.  588.  788. 1164.  477.    7.    0.
435. 483. 904. 735. 439. 431. 503. 432. 488. 100.
 528.  873. 1009.  725.  596.  456.  352.  277.  116.   18.
594. 618. 598. 628. 581. 565. 659. 672.  35.   0.
625. 598. 603. 528. 540. 566. 629. 460. 336.  65.
648. 651. 585. 593. 545. 481. 578. 626. 235.   8.
 482.  487.  492.  703. 1222.  782.  434.  228.  110.   10.
 487.  541.  608.  768. 1082.  527.  436.  286.  209.    6.
 421.  454.  490.  493.  552.  716. 1199.  625.    0.    0.
 481.  405.  411.  654.  566.  866. 1092.  475.    0.    0.
 468.  461.  479.  518.  624.  854. 1021.  525.    0.    0.
454. 455. 472. 549. 636. 877. 742. 641. 124.   0.
453. 482. 483. 542. 659. 846. 764. 647.  74.   0.
4.610e+02 4.890e+02 5.220e+02 6.670e+02 1.053e+03 6.680e+02 4.610e+02
 3.880e+02 2.400e+02 1.000e+00
 468.  495.  549.  689. 1009.  639.  504.  372.  225.    0.
 479.  470.  467.  537.  600.  717. 1238.  442.    0.    0.
 454.  468.  476.  506.  602.  716. 1247.  481.    0.    0.
428. 493. 588. 645. 854. 708. 512. 425. 259.  38.
558. 772. 870. 721. 641. 443. 409. 341. 173.  22.
555. 776. 906. 723. 664. 473. 333. 333. 180.   7.
542. 917. 852. 826. 644. 427. 306. 267. 150.  19.
799. 861. 727. 626. 553. 423. 358. 297. 202. 104.
925. 900. 736. 719. 552. 432. 317. 234. 108.  27.
512. 989. 841. 615. 535. 459. 413. 315. 219.  52.
852. 880. 698. 666. 502. 460. 348. 275. 217.  52.
569. 941. 912. 654. 578. 496. 399. 235. 141.  25.
482. 709. 782. 853. 888. 609. 460. 156.  11.   0.
810. 652. 721. 743. 685. 779. 469.  89.   2.   0.
866. 820. 711. 626. 534. 510. 402. 283. 167.  31.
711. 680. 703. 635. 616. 594. 478. 366. 167.   0.
1187. 1288.  504.    0.    0.    0.  127.  717.  919.  208.
690. 702. 720. 641. 605. 546. 514. 400. 132.   0.
 354.  544.  607.  657.  776. 1108.  612.  292.    0.    0.
427. 457. 525. 551. 677. 970. 618. 724.   1.   0.
416. 700. 878. 832. 580. 496. 376. 364. 304.   4.
969. 824. 771. 657. 589. 407. 325. 252. 143.  13.
800. 861. 775. 576. 601. 326. 508. 420.  83.   0.
788. 841. 637. 560. 525. 404. 577. 484. 134.   0.
 604. 1243. 1146.  721.  573.  363.  192.   84.   24.    0.
 595.  643.  619.  609.  861. 1289.  319.   15.    0.    0.
 641.  701.  653.  660.  843. 1264.  186.    2.    0.    0.
 485.  545.  528.  597.  705.  941. 1024.  125.    0.    0.
 557.  588.  525.  621.  689.  799. 1013.  158.    0.    0.
874. 777. 720. 657. 533. 459. 342. 283. 219.  86.
975. 818. 764. 654. 625. 422. 302. 219. 143.  28.
813. 811. 763. 500. 462. 534. 565. 461.  41.   0.
721. 792. 796. 626. 503. 439. 478. 507.  88.   0.
492. 506. 624. 924. 994. 533. 487. 364.  26.   0.
473. 530. 604. 990. 913. 590. 441. 381.  28.   0.
 596.  473.  443. 1212.  815.  345.  525.  529.   12.    0.
 556. 1157.  978.  718.  586.  452.  334.  153.   16.    0.
 453. 1197. 1085.  978.  640.  305.  166.  114.   12.    0.
 501.  582.  657.  689. 1170. 1028.  316.    7.    0.    0.
 499.  561.  718.  722. 1132. 1039.  264.   15.    0.    0.
 863. 1013.  512.  234.  428.  621.  571.  381.  298.   29.
 460.  629.  595. 1166. 1108.  502.  302.  141.   47.    0.
 467.  595.  640.  981. 1158.  574.  377.  127.   31.    0.
876. 684. 710. 622. 541. 492. 383. 389. 210.  43.
963. 861. 799. 638. 540. 478. 309. 247.  99.  16.
 396.  471.  452.  448.  475.  698. 1081.  658.  236.   35.
738. 784. 719. 657. 583. 561. 409. 348. 141.  10.
