352. 388. 445. 475. 434. 483. 915. 716. 627. 115.
 459.  467.  481.  476.  623.  857. 1153.  434.    0.    0.
1004.  780.  778.  730.  494.  432.  355.  210.  133.   34.
650. 648. 761. 782. 959. 640. 398. 111.   1.   0.
665. 632. 594. 640. 687. 846. 792.  94.   0.   0.
708. 684. 659. 606. 606. 625. 667. 380.  15.   0.
483. 530. 529. 598. 593. 915. 715. 561.  26.   0.
704. 703. 638. 665. 577. 648. 592. 409.  14.   0.
689. 642. 596. 713. 643. 739. 894.  34.   0.   0.
 589.  616.  777. 1108.  907.  515.  297.  132.    9.    0.
940. 890. 783. 669. 549. 442. 327. 242.  96.  12.
 580.  574.  651. 1028. 1036.  592.  371.  118.    0.    0.
 669.  545.  619.  698.  676.  560. 1031.  152.    0.    0.
751. 737. 673. 646. 610. 600. 598. 326.   9.   0.
409. 551. 510. 528. 633. 943. 860. 506.  10.   0.
708. 652. 602. 618. 626. 686. 690. 366.   2.   0.
646. 642. 701. 668. 866. 746. 663.  18.   0.   0.
 556.  645.  828. 1132.  776.  514.  360.  131.    8.    0.
 807. 1026.  724.  618.  550.  503.  406.  230.   82.    4.
 642.  556.  651.  661. 1301.  691.  399.   49.    0.    0.
676. 591. 624. 624. 617. 850. 906.  62.   0.   0.
696. 666. 671. 538. 594. 581. 634. 521.  49.   0.
 457.  499.  481.  518.  623. 1121.  944.  307.    0.    0.
923. 805. 682. 479. 528. 454. 436. 339. 222.  82.
709. 645. 668. 618. 626. 563. 601. 460.  60.   0.
664. 628. 647. 625. 579. 670. 694. 443.   0.   0.
 642.  643.  633.  642.  707. 1039.  559.   85.    0.    0.
 580.  729. 1052. 1138.  684.  426.  221.  110.   10.    0.
 640. 1146.  846.  714.  565.  451.  338.  211.   37.    2.
609. 602. 691. 761. 853. 938. 440.  56.   0.   0.
680. 637. 556. 550. 630. 854. 909. 134.   0.   0.
701. 670. 625. 570. 594. 566. 640. 517.  67.   0.
 448.  440.  446.  527.  648. 1007.  802.  632.    0.    0.
761. 665. 590. 672. 560. 583. 652. 445.  22.   0.
678. 647. 642. 638. 612. 668. 717. 348.   0.   0.
 681.  631.  623.  618. 1002. 1100.  285.   10.    0.    0.
 535.  727. 1034.  947.  666.  498.  344.  171.   28.    0.
 521. 1055.  960.  758.  605.  443.  300.  190.  118.    0.
 605.  586.  595.  655.  892. 1201.  358.   58.    0.    0.
678. 667. 526. 538. 586. 799. 836. 320.   0.   0.
765. 685. 639. 554. 590. 649. 600. 425.  43.   0.
 481.  444.  457.  511.  626. 1279.  801.  351.    0.    0.
682. 667. 671. 583. 603. 594. 593. 491.  66.   0.
685. 666. 673. 656. 643. 665. 631. 331.   0.   0.
 685.  619.  561.  499.  814. 1371.  384.   17.    0.    0.
 575.  752. 1135.  856.  708.  453.  294.  155.   22.    0.
 587.  922. 1052.  716.  607.  511.  335.  167.   53.    0.
 621.  609.  593.  667.  893. 1080.  464.   23.    0.    0.
661. 682. 676. 647. 683. 676. 651. 274.   0.   0.
736. 726. 685. 720. 647. 552. 506. 327.  51.   0.
585. 605. 541. 569. 567. 577. 644. 851.  11.   0.
