275. 561. 702. 770. 692. 731. 648. 387. 184.   0.
277. 565. 869. 881. 875. 602. 481. 288.  95.  17.
423. 769. 871. 600. 471. 407. 496. 507. 352.  54.
280. 721. 865. 851. 794. 556. 384. 334. 159.   6.
251. 610. 865. 838. 814. 780. 524. 193.  63.  12.
410. 765. 964. 670. 606. 448. 515. 231. 250.  91.
312. 563. 713. 715. 775. 683. 495. 470. 178.  46.
291. 581. 811. 869. 781. 649. 413. 386. 132.  37.
 357.  428.  415.  428.  426.  516.  527. 1320.  419.  114.
249. 487. 832. 858. 825. 721. 478. 330. 170.   0.
297. 660. 777. 816. 782. 668. 484. 340.  97.  29.
395. 655. 772. 720. 497. 419. 416. 515. 443. 118.
333. 694. 910. 814. 663. 596. 432. 347. 156.   5.
267. 643. 886. 925. 807. 681. 504. 170.  56.  11.
436. 707. 868. 700. 498. 478. 556. 208. 360. 139.
265. 568. 706. 799. 822. 661. 587. 366. 130.  46.
273. 606. 846. 821. 748. 670. 408. 382. 144.  52.
