 343.  417.  429.  466.  454.  490.  792. 1102.  384.   73.
 360.  375.  482.  418.  483.  582.  744. 1085.  377.   44.
386. 407. 441. 477. 523. 896. 663. 442. 678.  37.
429. 485. 571. 676. 955. 672. 499. 405. 258.   0.
439. 488. 535. 750. 934. 645. 562. 353. 244.   0.
 429.  504.  522.  675. 1243.  779.  456.  238.  104.    0.
451. 500. 524. 700. 899. 616. 605. 416. 239.   0.
456. 489. 646. 952. 579. 495. 467. 441. 244. 181.
 475.  544. 1130.  780.  633.  580.  426.  294.   88.    0.
475. 467. 566. 667. 841. 650. 547. 518. 219.   0.
 439.  453.  499.  532.  554.  781. 1227.  465.    0.    0.
 475.  521.  690. 1001.  738.  558.  450.  315.  184.   18.
 481.  537.  680. 1026.  624.  510.  464.  332.  221.   75.
 488.  480.  736. 1051.  766.  557.  413.  308.  126.   25.
452. 483. 614. 982. 806. 605. 464. 353. 173.  18.
510. 501. 604. 848. 683. 601. 523. 396. 232.  52.
457. 457. 630. 959. 782. 571. 455. 373. 232.  34.
