 419.  460.  454.  573.  717. 1079.  561.  512.  175.    0.
 485.  437.  518.  500.  723. 1197.  679.  411.    0.    0.
773. 854. 689. 588. 521. 463. 443. 337. 223.  59.
560. 821. 826. 689. 627. 420. 428. 263. 227.  89.
519. 821. 922. 654. 533. 500. 405. 309. 185. 102.
578. 930. 794. 722. 517. 504. 342. 303. 129. 131.
756. 866. 714. 650. 550. 483. 373. 333. 165.  60.
858. 869. 758. 680. 584. 457. 322. 224. 151.  47.
 614. 1011.  744.  661.  553.  469.  374.  282.  187.   55.
777. 896. 755. 652. 545. 477. 379. 273. 163.  33.
637. 796. 844. 716. 672. 455. 383. 262. 166.  19.
 528.  756. 1042.  794.  589.  492.  355.  249.  121.   24.
 484.  478.  471.  531.  559.  892. 1293.  242.    0.    0.
 409.  465.  487.  517.  580.  727. 1324.  441.    0.    0.
 442.  494.  548.  685. 1034.  659.  460.  456.  172.    0.
492. 531. 556. 660. 874. 574. 552. 603. 108.   0.
 521.  663. 1057.  764.  638.  480.  389.  242.  163.   33.
436. 497. 462. 531. 573. 701. 969. 781.   0.   0.
 433.  474.  490.  502.  583.  714. 1302.  452.    0.    0.
