485. 466. 549. 596. 772. 785. 767. 413. 117.   0.
 453.  404.  572.  652.  809. 1143.  528.  314.   75.    0.
363. 439. 443. 439. 471. 575. 995. 898. 321.   6.
 392.  414.  410.  470.  548.  573. 1163.  676.  301.    3.
 434.  445.  496.  536.  598.  809. 1137.  430.   65.    0.
 397.  458.  454.  536.  545.  825. 1104.  521.  110.    0.
 409.  459.  466.  527.  650. 1159.  657.  535.   88.    0.
 416.  496.  486.  532.  599. 1112.  645.  612.   52.    0.
 458.  680. 1012.  767.  613.  519.  378.  329.  163.   31.
516. 754. 854. 714. 642. 466. 345. 362. 266.  31.
 461.  554. 1053.  838.  642.  525.  428.  278.  171.    0.
485. 647. 959. 642. 509. 530. 488. 425. 265.   0.
393. 470. 448. 514. 530. 752. 945. 759. 132.   7.
398. 451. 489. 480. 526. 612. 928. 922. 142.   2.
 387.  438.  495.  464.  493.  694. 1051.  718.  210.    0.
381. 451. 465. 543. 562. 790. 925. 675. 158.   0.
 501.  495.  577.  746. 1122.  608.  346.  383.  167.    5.
511. 490. 554. 736. 953. 697. 398. 349. 251.  11.
 441.  425.  491.  597.  735. 1020.  686.  440.  115.    0.
 410.  501.  524.  617.  689. 1035.  622.  514.   38.    0.
532. 528. 869. 803. 527. 450. 530. 351. 344.  16.
 472.  589. 1060.  792.  621.  509.  482.  309.  102.   14.
454. 887. 786. 546. 526. 448. 409. 388. 284. 222.
 457. 1064.  826.  692.  571.  534.  280.  265.  124.  137.
 515. 1053.  822.  711.  541.  475.  342.  259.  150.   82.
 517. 1153.  808.  690.  560.  443.  342.  261.  135.   41.
460. 539. 686. 793. 795. 534. 491. 433. 219.   0.
 441.  574. 1028.  723.  899.  592.  559.  134.    0.    0.
488. 757. 797. 985. 725. 529. 447. 216.   6.   0.
 432.  501.  567.  822. 1171.  633.  411.  273.  133.    7.
 468.  533.  612. 1132.  841.  561.  409.  250.  128.   16.
 599.  586.  584.  792. 1000.  520.  444.  295.  130.    0.
