369. 403. 434. 478. 522. 733. 969. 682. 296.  64.
 420.  511. 1146.  726.  584.  485.  375.  338.  214.  151.
825. 805. 651. 582. 498. 456. 372. 355. 268. 138.
821. 893. 757. 679. 604. 442. 303. 218. 163.  70.
 415.  460.  488.  540.  601.  781. 1105.  560.    0.    0.
 510.  527. 1284.  745.  629.  452.  371.  269.  112.   51.
 446.  508. 1168.  751.  671.  518.  370.  253.  185.   80.
 456.  449.  500.  483.  591.  890. 1133.  448.    0.    0.
466. 464. 430. 525. 567. 794. 972. 732.   0.   0.
450. 449. 538. 497. 623. 750. 897. 746.   0.   0.
 456.  454.  480.  538.  558.  695. 1301.  468.    0.    0.
 414.  443.  494.  512.  593.  752. 1320.  422.    0.    0.
 507.  522.  624. 1198.  755.  619.  466.  240.   19.    0.
375. 927. 688. 640. 612. 560. 535. 426. 187.   0.
390. 879. 754. 582. 535. 544. 569. 486. 211.   0.
 538. 1003.  765.  614.  609.  474.  382.  228.  234.  103.
 466.  498. 1183.  774.  599.  528.  431.  270.  164.   37.
788. 919. 807. 696. 547. 468. 321. 207. 120.  77.
738. 976. 771. 627. 567. 458. 376. 247. 150.  40.
982. 915. 762. 633. 531. 462. 350. 205.  97.  13.
919. 878. 702. 647. 580. 429. 342. 261. 147.  45.
500. 585. 964. 872. 628. 466. 405. 286. 194.  50.
474. 438. 448. 546. 575. 823. 987. 659.   0.   0.
 454.  437.  463.  498.  647.  824. 1159.  468.    0.    0.
 420.  452.  475.  555.  618.  788. 1124.  518.    0.    0.
