482. 530. 668. 521. 880. 734. 774. 273.  81.   7.
 500. 1033.  764.  658.  500.  504.  355.  408.  184.   44.
 471.  573.  549.  737. 1050.  617.  440.  286.  182.   45.
568. 787. 851. 859. 639. 457. 386. 270. 120.  13.
414. 929. 808. 767. 696. 645. 412. 256.  23.   0.
 517.  501.  468.  479.  545. 1448.  559.  423.   10.    0.
650. 877. 664. 659. 526. 478. 380. 302. 231. 183.
431. 440. 466. 572. 606. 903. 747. 759.  26.   0.
594. 598. 587. 636. 507. 483. 516. 502. 432.  95.
634. 941. 810. 677. 547. 459. 362. 240. 168. 112.
885. 796. 673. 605. 518. 490. 395. 293. 196.  99.
 407.  494. 1096.  929.  681.  700.  299.  257.   87.    0.
577. 934. 799. 696. 576. 517. 362. 276. 192.  21.
430. 447. 533. 549. 739. 911. 724. 550.  67.   0.
451. 488. 485. 668. 813. 746. 478. 628. 193.   0.
404. 492. 515. 596. 655. 965. 827. 486.  10.   0.
 462.  461.  502.  606.  639.  820. 1071.  389.    0.    0.
439. 517. 532. 573. 643. 728. 965. 531.  22.   0.
490. 426. 543. 545. 760. 910. 878. 392.   6.   0.
401. 459. 493. 886. 778. 560. 424. 360. 428. 161.
674. 919. 735. 630. 572. 438. 330. 318. 200. 134.
795. 906. 689. 502. 496. 495. 449. 342. 184.  92.
 551.  664.  765. 1077.  828.  505.  397.  157.    6.    0.
 378.  728.  771. 1030.  894.  607.  281.  176.   75.   10.
397. 722. 547. 534. 614. 745. 908. 462.  21.   0.
242. 623. 666. 978. 946. 644. 479. 272. 100.   0.
385. 729. 989. 977. 727. 556. 400. 154.  33.   0.
584. 463. 813. 982. 667. 574. 408. 296. 163.   0.
509. 978. 881. 696. 532. 528. 370. 263. 158.  35.
718. 889. 720. 709. 562. 474. 366. 296. 182.  34.
399. 464. 525. 478. 980. 530. 551. 431. 540.  52.
394. 424. 419. 499. 540. 557. 915. 914. 252.  36.
372. 430. 442. 453. 502. 759. 796. 892. 278.  26.
385. 412. 471. 493. 543. 724. 833. 751. 257.  81.
909. 814. 769. 658. 484. 466. 397. 257. 162.  34.
486. 686. 846. 875. 567. 514. 403. 376. 174.  23.
