571. 730. 898. 646. 564. 496. 399. 385. 168.  93.
904. 801. 787. 659. 605. 434. 300. 242. 145.  73.
 285.  695.  764. 1026.  932.  598.  414.  211.   25.    0.
402. 820. 798. 805. 677. 499. 400. 346. 170.  33.
 336.  785. 1008. 1023.  829.  564.  287.  110.    8.    0.
279. 743. 785. 962. 917. 716. 362. 174.  12.   0.
 352.  848. 1140.  968.  699.  504.  262.  124.   53.    0.
 344.  407.  450.  449.  539.  544.  522. 1361.  290.   44.
274. 607. 729. 748. 670. 698. 587. 446. 191.   0.
297. 589. 746. 715. 690. 643. 611. 471. 152.  36.
365. 806. 853. 706. 525. 552. 450. 405. 255.  33.
340. 663. 773. 690. 647. 502. 594. 454. 270.  17.
246. 653. 848. 883. 932. 711. 522. 116.  37.   2.
421. 786. 946. 797. 540. 503. 382. 169. 308.  98.
275. 619. 844. 799. 763. 698. 467. 346. 102.  37.
277. 710. 860. 842. 766. 651. 466. 281.  83.  14.
