421. 480. 508. 508. 897. 531. 525. 528. 551.   1.
 475. 1073.  869.  718.  582.  462.  357.  243.  129.   42.
545. 814. 795. 688. 613. 551. 392. 341. 166.  45.
605. 757. 673. 552. 584. 528. 484. 422. 260.  85.
 362.  390.  448.  431.  521.  518.  533. 1308.  348.   91.
447. 599. 820. 896. 747. 584. 376. 244. 177.  60.
476. 712. 829. 952. 771. 541. 346. 210.  94.  19.
750. 772. 701. 548. 516. 415. 375. 393. 251. 229.
457. 754. 846. 660. 521. 505. 388. 301. 278. 240.
431. 783. 902. 646. 601. 471. 380. 314. 248. 174.
 412.  459.  468. 1141.  689.  491.  453.  308.  278.  251.
375. 427. 441. 447. 957. 574. 547. 501. 440. 241.
469. 881. 924. 676. 562. 492. 424. 277. 178.  67.
 447.  413.  448. 1019.  570.  510.  459.  395.  400.  289.
390. 455. 470. 480. 773. 514. 423. 385. 560. 500.
463. 792. 994. 747. 619. 478. 310. 267. 122. 158.
 413.  423.  448. 1121.  742.  535.  481.  264.  232.  291.
381. 420. 504. 451. 830. 591. 474. 459. 442. 398.
478. 800. 724. 559. 479. 471. 413. 356. 344. 326.
407. 478. 528. 854. 593. 433. 433. 374. 331. 519.
411. 375. 485. 512. 972. 576. 558. 425. 395. 241.
369. 428. 842. 929. 651. 719. 378. 419. 215.   0.
 569.  548.  751.  655.  931. 1038.  354.   95.    9.    0.
 501.  543.  551. 1124.  750.  690.  552.  239.    0.    0.
441. 836. 858. 631. 498. 465. 440. 345. 280. 156.
 391.  454.  464. 1160.  681.  511.  486.  375.  231.  197.
 393.  435.  445.  442. 1066.  720.  524.  401.  380.  144.
