 396.  434.  480.  471. 1064.  724.  558.  382.  257.  184.
392. 422. 425. 385. 457. 531. 949. 843. 523.  23.
927. 803. 709. 592. 484. 463. 383. 289. 221.  79.
457. 926. 927. 726. 605. 499. 315. 267. 169.  59.
 320.  696.  644.  903. 1013.  776.  405.  157.   36.    0.
 393.  782. 1172. 1085.  781.  400.  256.   81.    0.    0.
 361.  775. 1051. 1087.  870.  532.  179.   82.   13.    0.
787. 892. 904. 932. 554. 505. 245.  94.  34.   3.
752. 837. 824. 882. 620. 468. 363. 119.  62.  23.
758. 747. 844. 844. 517. 598. 334. 166. 120.  22.
745. 746. 894. 964. 410. 634. 330. 126.  93.   8.
416. 431. 443. 623. 957. 666. 476. 378. 473.  87.
 308.  726. 1085.  966.  951.  553.  319.   42.    0.    0.
329. 794. 723. 871. 713. 457. 330. 432. 280.  21.
313. 607. 762. 916. 915. 697. 367. 268. 105.   0.
 474. 1057.  968.  721.  622.  460.  294.  231.  110.   13.
 307.  637.  793. 1032.  923.  599.  367.  207.   85.    0.
460. 706. 989. 905. 682. 458. 370. 272. 107.   1.
385. 919. 733. 778. 745. 567. 418. 287. 116.   2.
434. 843. 939. 820. 692. 437. 323. 284. 173.   5.
336. 603. 686. 778. 809. 681. 618. 372.  67.   0.
415. 898. 907. 687. 621. 475. 375. 291. 203.  78.
300. 676. 812. 800. 794. 667. 435. 344. 120.   2.
380. 612. 876. 889. 787. 620. 522. 196.  59.   9.
 349.  868. 1003.  952.  938.  555.  224.   61.    0.    0.
 353.  703.  972. 1062.  791.  520.  310.  195.   44.    0.
360. 606. 662. 946. 902. 406. 363. 484. 221.   0.
 381.  775. 1016.  827.  591.  522.  428.  296.  109.    5.
 409.  730. 1016.  799.  609.  504.  394.  313.  164.   12.
322. 655. 610. 798. 835. 518. 453. 444. 291.  24.
 434. 1030.  887.  682.  578.  471.  369.  239.  175.   85.
 464.  478.  447.  480.  555.  736. 1325.  465.    0.    0.
