 436.  456.  463.  522.  609.  688. 1312.  464.    0.    0.
 485.  419.  436.  541.  601.  700. 1316.  452.    0.    0.
 437.  459.  477.  544.  604.  695. 1307.  427.    0.    0.
 404.  788.  746.  888. 1077.  769.  252.   26.    0.    0.
 438.  557.  573.  637.  679. 1111.  569.  386.    0.    0.
460. 590. 696. 751. 893. 607. 464. 305. 184.   0.
482. 522. 577. 774. 907. 967. 396. 312.  13.   0.
487. 664. 951. 987. 728. 473. 348. 193. 119.   0.
486. 560. 637. 786. 931. 548. 458. 315. 229.   0.
505. 606. 625. 698. 813. 537. 513. 415. 238.   0.
523. 602. 669. 842. 759. 457. 475. 389. 234.   0.
470. 569. 753. 738. 759. 668. 383. 374. 236.   0.
564. 546. 703. 998. 806. 537. 291. 317. 188.   0.
533. 603. 737. 751. 702. 495. 437. 423. 261.   8.
