 472.  458.  472.  560.  574.  701. 1264.  449.    0.    0.
 489.  642. 1175.  812.  629.  506.  347.  199.  122.   29.
785. 726. 569. 578. 567. 457. 374. 354. 372. 168.
 652. 1093.  968.  746.  571.  406.  268.  144.   72.   30.
4.720e+02 5.120e+02 6.400e+02 6.560e+02 1.291e+03 6.510e+02 4.220e+02
 2.280e+02 7.700e+01 1.000e+00
 430.  464.  470.  521.  583.  716. 1134.  632.    0.    0.
830. 735. 629. 584. 439. 482. 453. 349. 322. 127.
470. 563. 640. 776. 998. 675. 493. 260.  75.   0.
 427.  455.  456.  543.  610.  735. 1286.  438.    0.    0.
983. 801. 675. 668. 560. 443. 375. 271. 143.  31.
405. 611. 849. 684. 582. 569. 544. 441. 265.   0.
894. 792. 689. 635. 559. 440. 367. 294. 198.  82.
914. 836. 775. 636. 569. 432. 378. 222. 147.  41.
 433.  456.  488.  512.  582.  705. 1430.  344.    0.    0.
 454.  397.  489.  541.  584.  718. 1360.  407.    0.    0.
551. 907. 819. 735. 510. 485. 379. 262. 207.  95.
421. 502. 556. 615. 635. 912. 769. 507.  33.   0.
 488.  572.  610.  740. 1251.  835.  443.   11.    0.    0.
 456.  462.  476.  496.  570.  699. 1377.  414.    0.    0.
 468.  580.  644.  832. 1184.  842.  377.   23.    0.    0.
 344.  392.  402.  453.  493.  537.  776. 1065.  390.   98.
438. 888. 804. 643. 553. 442. 409. 370. 238. 165.
483. 858. 846. 499. 471. 508. 390. 442. 289. 164.
 480.  558.  581.  740. 1219.  808.  534.   30.    0.    0.
 349.  379.  463.  425.  482.  573.  862. 1018.  330.   69.
472. 902. 804. 602. 474. 492. 482. 334. 264. 124.
420. 976. 865. 583. 540. 499. 420. 326. 228.  93.
4.740e+02 6.530e+02 6.790e+02 8.670e+02 1.195e+03 8.040e+02 2.770e+02
 1.000e+00 0.000e+00 0.000e+00
352. 420. 424. 357. 428. 520. 866. 972. 489. 122.
428. 853. 794. 683. 538. 449. 422. 313. 220. 250.
481. 872. 735. 537. 497. 450. 420. 372. 313. 273.
 446.  660.  673.  823. 1226.  801.  306.   15.    0.    0.
 408.  395.  361.  393.  351.  495.  868. 1023.  439.  217.
462. 797. 783. 630. 610. 498. 337. 309. 239. 285.
457. 887. 802. 692. 640. 488. 303. 253. 225. 203.
 437.  662.  666.  850. 1233.  768.  328.    6.    0.    0.
365. 396. 438. 401. 470. 539. 753. 992. 465. 131.
447. 921. 734. 495. 441. 407. 441. 434. 379. 251.
418. 931. 833. 675. 571. 468. 365. 294. 238. 157.
 466.  649.  591.  861. 1170.  858.  334.   21.    0.    0.
353. 398. 422. 445. 453. 480. 886. 969. 406. 138.
432. 846. 809. 693. 585. 482. 386. 270. 257. 190.
475. 822. 700. 682. 593. 534. 410. 199. 187. 348.
 470.  608.  705.  764. 1254.  734.  408.    7.    0.    0.
362. 400. 443. 428. 478. 501. 833. 967. 417. 121.
432. 844. 819. 573. 476. 431. 437. 391. 273. 274.
439. 902. 800. 668. 605. 484. 312. 286. 231. 223.
 465.  634.  713.  778. 1207.  800.  344.    9.    0.    0.
 367.  420.  413.  447.  492.  496.  895. 1001.  347.   72.
476. 864. 709. 587. 469. 442. 455. 336. 339. 273.
480. 935. 760. 519. 548. 494. 414. 348. 279. 173.
 444.  681.  815.  863. 1295.  605.  243.    4.    0.    0.
368. 396. 445. 392. 422. 517. 926. 925. 442. 117.
433. 887. 875. 701. 587. 497. 355. 274. 179. 162.
430. 941. 827. 652. 581. 457. 379. 353. 242.  88.
 434.  640.  686.  852. 1231.  771.  317.   19.    0.    0.
 353.  399.  428.  448.  529.  537.  676. 1144.  356.   80.
428. 872. 838. 757. 576. 483. 370. 221. 216. 189.
465. 883. 791. 636. 529. 442. 411. 342. 255. 196.
 521.  700.  698.  800. 1164.  766.  296.    5.    0.    0.
362. 408. 418. 451. 505. 493. 833. 997. 379. 104.
439. 896. 921. 669. 532. 438. 418. 296. 178. 163.
436. 882. 764. 623. 463. 454. 451. 334. 300. 243.
