 536.  642.  683. 1046.  686.  488.  370.  313.  163.   23.
 540. 1187.  863.  686.  604.  463.  315.  163.  100.   29.
532. 628. 752. 984. 739. 517. 378. 255. 135.  30.
 478. 1075.  798.  695.  534.  441.  338.  273.  204.  114.
931. 820. 721. 598. 542. 475. 394. 279. 142.  48.
943. 857. 758. 680. 527. 445. 347. 222. 126.  45.
945. 875. 755. 667. 549. 461. 333. 229. 102.  34.
906. 788. 689. 700. 599. 429. 287. 267. 195.  90.
905. 812. 679. 614. 527. 465. 375. 328. 180.  65.
917. 833. 773. 653. 579. 414. 327. 241. 156.  57.
 481. 1043.  753.  642.  563.  463.  364.  344.  189.  108.
522. 618. 732. 923. 693. 566. 415. 276. 185.  20.
 507. 1094.  801.  654.  568.  464.  344.  256.  187.   75.
 554. 1003.  732.  676.  534.  488.  344.  289.  246.   84.
547. 617. 756. 926. 691. 516. 444. 280. 151.  22.
939. 874. 823. 680. 595. 395. 294. 179. 118.  53.
1005.  893.  739.  573.  509.  464.  359.  248.  105.   55.
957. 891. 748. 665. 548. 467. 321. 227. 101.  25.
908. 841. 740. 650. 545. 432. 368. 264. 145.  57.
900. 771. 687. 624. 550. 428. 354. 294. 241. 101.
918. 734. 669. 555. 554. 423. 403. 337. 253. 104.
951. 865. 777. 676. 597. 399. 322. 223. 106.  34.
957. 806. 733. 593. 573. 444. 401. 274. 134.  35.
529. 702. 791. 957. 739. 516. 368. 237.  89.  22.
 536. 1007.  823.  646.  551.  503.  376.  262.  196.   50.
 515.  644.  829. 1046.  660.  530.  382.  247.   93.    4.
 499. 1160.  703.  548.  483.  461.  425.  353.  246.   72.
963. 734. 745. 745. 542. 360. 404. 241. 144.  72.
957. 819. 777. 729. 572. 441. 252. 204. 153.  46.
890. 805. 730. 658. 544. 448. 340. 289. 183.  63.
1069.  858.  543.  417.  489.  554.  507.  317.  170.   26.
930. 817. 726. 687. 582. 392. 331. 263. 166.  56.
933. 791. 749. 646. 554. 456. 349. 250. 178.  44.
523. 686. 926. 863. 667. 542. 406. 233.  86.  18.
 502. 1189.  807.  652.  560.  477.  371.  245.  128.   19.
528. 694. 936. 880. 649. 544. 414. 220.  79.   6.
 483. 1114.  749.  653.  571.  436.  398.  266.  199.   81.
970. 887. 812. 674. 536. 446. 333. 162. 102.  28.
983. 832. 756. 707. 585. 433. 285. 223. 122.  24.
969. 843. 700. 637. 508. 450. 319. 280. 203.  41.
936. 781. 812. 640. 522. 477. 353. 232. 148.  49.
968. 861. 771. 737. 597. 389. 249. 217. 112.  49.
930. 769. 807. 678. 544. 429. 387. 179. 149.  78.
 519. 1073.  900.  719.  576.  453.  311.  197.  114.   88.
 508.  559.  858. 1126.  662.  557.  376.  182.  100.   22.
 536. 1062.  733.  603.  543.  449.  421.  298.  200.  105.
588. 955. 731. 596. 545. 434. 407. 304. 302.  88.
 455.  679.  685. 1120.  750.  516.  353.  255.  111.   26.
951. 897. 802. 687. 579. 404. 279. 196. 119.  36.
985. 830. 707. 565. 448. 454. 417. 275. 213.  56.
988. 831. 843. 708. 497. 474. 310. 167. 101.  31.
940. 933. 788. 708. 541. 447. 277. 192.  95.  29.
879. 850. 716. 641. 555. 448. 359. 262. 175.  65.
940. 852. 738. 613. 521. 408. 372. 255. 191.  60.
890. 880. 736. 673. 530. 462. 352. 243. 128.  56.
949. 815. 710. 645. 545. 448. 336. 295. 142.  65.
 454. 1157.  776.  720.  587.  451.  312.  257.  151.   85.
536. 640. 989. 784. 667. 578. 435. 206. 106.   9.
656. 956. 599. 507. 457. 478. 397. 420. 253. 227.
 573. 1043.  711.  576.  545.  457.  416.  336.  197.   96.
553. 674. 776. 788. 641. 490. 459. 364. 175.  30.
961. 854. 865. 644. 543. 463. 307. 195.  86.  32.
923. 826. 747. 654. 573. 437. 315. 269. 162.  44.
935. 863. 786. 681. 545. 448. 324. 188. 129.  51.
967. 862. 850. 674. 601. 378. 311. 158. 113.  36.
1006.  802.  699.  678.  590.  389.  351.  251.  157.   27.
978. 865. 754. 632. 543. 470. 345. 233.  98.  32.
928. 844. 803. 699. 564. 451. 270. 205. 145.  41.
911. 799. 713. 676. 551. 455. 290. 303. 181.  71.
511. 622. 732. 927. 664. 522. 434. 313. 188.  37.
 526. 1135.  771.  693.  575.  392.  356.  317.  165.   20.
547. 622. 759. 887. 628. 512. 452. 314. 186.  43.
 493. 1250.  786.  717.  569.  402.  309.  213.  158.   53.
962. 881. 766. 655. 523. 421. 330. 230. 144.  38.
915. 854. 756. 669. 604. 397. 322. 237. 152.  44.
892. 807. 709. 655. 504. 460. 370. 281. 194.  78.
976. 797. 676. 625. 540. 450. 390. 318. 150.  28.
965. 754. 691. 626. 566. 464. 333. 225. 227.  99.
965. 738. 590. 586. 461. 437. 424. 401. 259.  89.
506. 693. 850. 748. 642. 486. 420. 327. 190.  88.
 546. 1071.  758.  632.  546.  429.  398.  317.  231.   22.
523. 774. 907. 726. 647. 584. 427. 253.  90.  19.
 554. 1066.  761.  647.  578.  467.  340.  294.  174.   69.
894. 812. 757. 585. 552. 475. 360. 282. 152.  81.
963. 932. 849. 678. 533. 446. 290. 157.  79.  23.
943. 861. 727. 671. 527. 455. 350. 241. 160.  15.
1011.  717.  707.  681.  548.  449.  248.  292.  240.   57.
930. 869. 817. 693. 534. 458. 291. 187. 117.  54.
948. 838. 668. 601. 520. 446. 418. 320. 156.  35.
571. 621. 638. 862. 737. 477. 386. 346. 249.  63.
 620. 1036.  872.  575.  532.  452.  452.  210.  172.   29.
510. 647. 881. 858. 652. 560. 435. 253. 120.  34.
 518. 1080.  767.  737.  541.  465.  327.  283.  144.   88.
1003.  899.  818.  710.  503.  460.  277.  174.   84.   22.
920. 893. 698. 589. 542. 445. 388. 283. 141.  51.
955. 822. 702. 569. 516. 505. 421. 255. 163.  42.
997. 793. 746. 737. 593. 410. 263. 198. 168.  45.
926. 867. 758. 704. 522. 452. 304. 202. 139.  76.
1024.  925.  725.  622.  559.  487.  365.  155.   76.   12.
 461. 1134.  843.  737.  585.  445.  324.  217.  124.   80.
 529.  666.  763. 1058.  720.  589.  359.  194.   67.    5.
 541. 1115.  822.  705.  549.  461.  305.  230.  155.   67.
 585. 1016.  699.  665.  539.  441.  409.  332.  225.   39.
533. 637. 781. 953. 679. 514. 419. 273. 144.  17.
981. 857. 772. 695. 558. 415. 290. 236. 129.  17.
958. 898. 783. 637. 558. 390. 298. 242. 124.  62.
990. 933. 889. 718. 555. 370. 253. 146.  73.  23.
936. 813. 688. 660. 550. 423. 327. 324. 161.  68.
947. 898. 786. 675. 549. 442. 322. 196. 123.  12.
907. 845. 796. 658. 548. 449. 331. 222. 130.  64.
912. 804. 708. 560. 520. 456. 435. 294. 204.  57.
946. 809. 826. 624. 527. 483. 335. 231. 116.  53.
591. 667. 712. 798. 633. 476. 392. 376. 225.  80.
 630. 1056.  630.  472.  473.  431.  485.  439.  279.   55.
552. 627. 741. 881. 733. 493. 404. 291. 187.  41.
 534. 1146.  787.  703.  596.  438.  306.  216.  154.   70.
927. 835. 830. 658. 551. 399. 364. 180. 138.  68.
1031.  838.  728.  564.  560.  539.  370.  224.   75.   21.
918. 793. 788. 643. 510. 498. 339. 228. 169.  64.
954. 814. 646. 614. 511. 445. 341. 357. 195.  73.
944. 835. 727. 731. 582. 443. 250. 235. 117.  86.
955. 816. 673. 587. 529. 449. 410. 314. 184.  33.
 522.  629.  781. 1149.  736.  523.  303.  186.  111.   10.
 529. 1128.  860.  685.  560.  451.  334.  231.  146.   26.
549. 575. 801. 924. 621. 550. 449. 279. 176.  26.
 465. 1101.  709.  588.  509.  456.  436.  376.  202.  108.
927. 773. 718. 572. 463. 491. 407. 309. 221.  69.
961. 858. 787. 673. 538. 442. 361. 200.  95.  35.
1097.  855.  578.  497.  491.  476.  451.  330.  144.   31.
915. 849. 780. 665. 551. 439. 335. 234. 129.  53.
960. 849. 710. 645. 584. 470. 305. 238. 140.  49.
935. 837. 663. 538. 517. 499. 434. 305. 166.  56.
 495. 1090.  828.  719.  523.  476.  369.  269.  130.   51.
528. 681. 801. 836. 620. 555. 512. 299. 107.  11.
 473. 1078.  757.  641.  540.  474.  361.  291.  210.  125.
 530. 1100.  870.  653.  516.  441.  422.  187.  172.   59.
531. 559. 882. 938. 627. 577. 400. 237. 169.  30.
930. 777. 705. 689. 593. 433. 296. 273. 193.  61.
924. 855. 741. 700. 621. 401. 280. 210. 127.  91.
912. 780. 702. 646. 572. 431. 358. 258. 209.  82.
953. 854. 792. 712. 540. 439. 303. 200. 115.  42.
942. 849. 732. 676. 532. 434. 346. 279. 117.  43.
932. 736. 633. 681. 558. 422. 328. 319. 238. 103.
894. 792. 725. 627. 527. 472. 368. 257. 215.  73.
956. 744. 750. 660. 419. 508. 410. 248. 170.  85.
 506.  637.  649. 1015.  759.  507.  384.  301.  165.   27.
 562. 1053.  781.  611.  524.  520.  358.  295.  221.   25.
473. 618. 878. 943. 615. 596. 413. 263. 110.  41.
 466. 1079.  787.  619.  536.  475.  397.  286.  183.  122.
916. 782. 722. 623. 527. 467. 352. 273. 219.  69.
955. 820. 726. 681. 605. 451. 279. 218. 141.  74.
968. 791. 661. 641. 539. 441. 350. 345. 170.  44.
948. 801. 651. 559. 526. 440. 437. 338. 188.  62.
940. 822. 689. 630. 533. 438. 393. 314. 150.  41.
918. 885. 758. 685. 547. 448. 321. 219. 148.  21.
