632. 970. 826. 604. 541. 490. 382. 288. 158.  59.
759. 963. 791. 597. 544. 509. 373. 255. 114.  45.
733. 919. 805. 613. 541. 492. 433. 237. 147.  30.
926. 855. 743. 674. 577. 417. 325. 238. 143.  52.
922. 875. 752. 649. 537. 478. 350. 233. 115.  39.
1015.  773.  722.  603.  551.  401.  360.  277.  176.   72.
984. 818. 637. 613. 624. 486. 321. 233. 178.  56.
971. 859. 796. 583. 588. 428. 348. 212. 105.  60.
885. 865. 737. 648. 545. 452. 349. 254. 145.  70.
971. 822. 701. 726. 586. 390. 303. 259. 168.  24.
940. 889. 732. 668. 590. 439. 321. 208. 106.  57.
1009.  774.  712.  657.  476.  470.  451.  247.  120.   34.
1016.  875.  742.  593.  521.  441.  380.  245.  108.   29.
 404.  433.  469.  576.  638. 1002.  687.  584.  157.    0.
 334.  726. 1082. 1053.  876.  606.  220.   53.    0.    0.
 473.  458.  503.  594.  673.  927. 1136.  186.    0.    0.
478. 499. 548. 686. 888. 805. 544. 389. 113.   0.
488. 592. 924. 724. 530. 538. 508. 347. 220.  79.
 684. 1080.  803.  688.  578.  451.  332.  214.   99.   21.
