 343.  370.  445.  428.  526.  470.  590. 1265.  388.  125.
2.830e+02 7.460e+02 9.530e+02 1.018e+03 8.980e+02 6.310e+02 3.270e+02
 8.000e+01 1.300e+01 1.000e+00
252. 703. 802. 902. 917. 737. 439. 156.  37.   5.
353. 399. 427. 419. 470. 490. 800. 976. 506. 110.
459. 779. 747. 672. 607. 496. 365. 271. 222. 332.
486. 832. 670. 608. 463. 483. 414. 313. 379. 302.
451. 749. 781. 658. 555. 479. 406. 319. 208. 344.
459. 803. 866. 715. 638. 480. 358. 250. 216. 165.
453. 792. 764. 676. 503. 475. 452. 256. 322. 257.
458. 752. 765. 767. 476. 465. 431. 347. 214. 275.
454. 863. 955. 791. 570. 439. 416. 220. 134. 108.
453. 758. 865. 718. 480. 396. 470. 365. 201. 244.
450. 822. 937. 792. 542. 458. 442. 219. 151. 137.
433. 830. 753. 630. 484. 458. 423. 343. 323. 273.
424. 872. 923. 690. 569. 491. 363. 277. 207. 134.
492. 797. 726. 610. 416. 398. 468. 440. 268. 335.
439. 835. 837. 644. 564. 504. 396. 301. 222. 208.
454. 819. 730. 565. 545. 449. 401. 312. 370. 305.
476. 759. 881. 595. 532. 477. 375. 370. 218. 267.
441. 825. 867. 736. 642. 483. 312. 282. 191. 171.
466. 814. 729. 641. 525. 469. 408. 322. 287. 289.
442. 771. 832. 660. 563. 484. 384. 319. 242. 253.
468. 821. 785. 638. 468. 457. 465. 293. 297. 258.
458. 818. 707. 674. 618. 437. 364. 288. 357. 229.
449. 823. 878. 584. 555. 459. 351. 378. 235. 238.
404. 841. 839. 688. 576. 489. 364. 300. 268. 181.
492. 732. 805. 680. 560. 493. 370. 314. 205. 299.
479. 750. 885. 592. 535. 449. 439. 332. 256. 233.
455. 804. 794. 692. 454. 440. 497. 303. 285. 226.
460. 830. 905. 642. 582. 487. 387. 336. 188. 133.
443. 854. 809. 721. 532. 461. 402. 253. 245. 230.
414. 865. 913. 668. 560. 455. 392. 315. 196. 172.
425. 851. 877. 681. 602. 535. 292. 294. 240. 153.
429. 835. 936. 690. 636. 481. 322. 298. 174. 149.
458. 816. 865. 679. 658. 439. 337. 297. 223. 178.
458. 832. 807. 607. 441. 412. 491. 394. 290. 218.
476. 800. 700. 618. 604. 454. 340. 343. 327. 288.
448. 784. 846. 690. 584. 502. 388. 261. 187. 260.
419. 876. 889. 736. 576. 466. 375. 299. 200. 114.
436. 813. 869. 715. 576. 457. 410. 272. 214. 188.
417. 859. 887. 657. 536. 434. 448. 305. 235. 172.
455. 879. 935. 724. 581. 467. 357. 249. 161. 142.
458. 884. 973. 738. 591. 448. 396. 238. 150.  74.
455. 861. 872. 653. 587. 434. 357. 341. 225. 165.
448. 854. 871. 613. 515. 509. 362. 413. 212. 153.
490. 889. 837. 585. 471. 503. 457. 344. 252. 122.
447. 799. 906. 688. 539. 458. 440. 316. 164. 193.
445. 851. 913. 671. 641. 532. 336. 240. 185. 136.
445. 818. 836. 662. 665. 490. 353. 247. 253. 181.
441. 857. 849. 529. 455. 479. 453. 423. 262. 202.
434. 869. 901. 713. 557. 504. 387. 273. 213.  99.
448. 855. 851. 643. 495. 500. 443. 345. 199. 171.
463. 848. 889. 572. 467. 503. 449. 401. 240. 118.
472. 883. 924. 647. 522. 420. 421. 338. 176. 147.
450. 819. 914. 704. 608. 481. 342. 306. 175. 151.
438. 807. 861. 735. 514. 473. 421. 266. 256. 179.
431. 812. 916. 750. 554. 481. 410. 237. 205. 154.
477. 817. 802. 546. 473. 424. 422. 434. 297. 258.
440. 861. 965. 743. 581. 512. 345. 237. 166. 100.
397. 836. 889. 691. 601. 486. 376. 280. 191. 203.
437. 787. 869. 717. 601. 477. 398. 263. 196. 205.
444. 839. 993. 720. 606. 466. 341. 276. 147. 118.
445. 833. 959. 737. 539. 505. 389. 262. 157. 124.
418. 873. 870. 748. 648. 466. 335. 235. 213. 144.
468. 796. 800. 619. 547. 471. 388. 350. 293. 218.
450. 839. 893. 638. 532. 476. 428. 346. 237. 111.
413. 830. 881. 740. 555. 475. 396. 269. 204. 187.
497. 752. 748. 623. 443. 446. 457. 339. 332. 313.
437. 806. 827. 681. 565. 469. 407. 308. 236. 214.
398. 865. 938. 738. 568. 481. 363. 276. 157. 166.
458. 871. 871. 632. 525. 463. 401. 334. 273. 122.
435. 878. 880. 678. 571. 447. 397. 298. 225. 141.
439. 844. 924. 677. 538. 467. 428. 333. 161. 139.
421. 817. 883. 641. 591. 456. 364. 342. 218. 217.
483. 791. 860. 633. 536. 447. 378. 302. 268. 252.
441. 814. 749. 689. 611. 463. 364. 300. 290. 229.
456. 844. 735. 623. 479. 418. 430. 302. 328. 335.
457. 761. 822. 721. 577. 501. 417. 218. 202. 274.
447. 845. 805. 610. 563. 477. 375. 346. 306. 176.
445. 830. 720. 713. 592. 470. 384. 265. 318. 213.
466. 864. 793. 538. 509. 439. 422. 399. 328. 192.
452. 790. 792. 675. 585. 495. 425. 232. 235. 269.
449. 764. 782. 647. 560. 542. 364. 283. 219. 340.
405. 921. 956. 674. 565. 481. 421. 257. 175.  95.
440. 869. 851. 649. 544. 465. 382. 350. 245. 155.
450. 796. 828. 694. 617. 493. 378. 253. 207. 234.
463. 800. 881. 638. 619. 498. 352. 260. 163. 276.
447. 818. 886. 716. 529. 458. 431. 266. 213. 186.
446. 837. 939. 747. 542. 466. 408. 284. 159. 122.
423. 808. 894. 721. 596. 489. 371. 252. 193. 203.
441. 832. 906. 666. 609. 494. 325. 297. 242. 138.
442. 836. 815. 662. 553. 461. 390. 318. 241. 232.
456. 831. 798. 664. 618. 480. 321. 337. 304. 141.
447. 807. 840. 647. 498. 453. 454. 322. 278. 204.
442. 830. 930. 724. 571. 496. 341. 319. 155. 142.
448. 821. 773. 673. 623. 524. 346. 205. 291. 246.
441. 813. 881. 639. 530. 457. 431. 388. 174. 196.
489. 753. 803. 680. 591. 425. 405. 273. 316. 215.
453. 756. 817. 625. 616. 522. 347. 296. 242. 276.
430. 796. 934. 710. 552. 461. 417. 276. 207. 167.
