398. 455. 619. 948. 611. 506. 482. 341. 342. 248.
381. 375. 495. 454. 445. 696. 973. 757. 359.  15.
 372.  428.  432.  456.  561.  692. 1077.  644.  274.   14.
511. 919. 852. 643. 523. 535. 425. 311. 180.  51.
398. 411. 453. 628. 620. 690. 894. 632. 196.  28.
389. 441. 464. 474. 683. 660. 479. 507. 753. 100.
512. 963. 888. 683. 565. 492. 402. 265. 150.  30.
429. 434. 468. 517. 863. 974. 482. 501. 282.   0.
427. 371. 484. 499. 918. 812. 522. 349. 453. 115.
416. 488. 989. 735. 613. 539. 392. 297. 305. 176.
418. 412. 506. 542. 965. 903. 510. 336. 358.   0.
 488.  797. 1052.  763.  574.  481.  386.  219.  152.   38.
528. 972. 948. 678. 561. 456. 415. 225. 117.  50.
 439. 1234. 1133.  963.  536.  341.  177.   86.   36.    5.
486. 961. 846. 630. 532. 486. 356. 310. 205. 138.
 359. 1059. 1043.  827.  690.  392.  271.  205.   94.   10.
332. 920. 915. 958. 637. 503. 379. 219.  75.  12.
569. 883. 909. 624. 533. 490. 418. 283. 212.  29.
 442.  927. 1007.  678.  613.  467.  419.  213.  165.   19.
 398. 1039.  840.  773.  604.  453.  410.  314.  116.    3.
400. 995. 960. 858. 623. 462. 334. 192.  99.  27.
 411. 1054.  977.  808.  636.  421.  274.  222.  110.   37.
566. 980. 678. 596. 525. 434. 399. 330. 283. 159.
448. 901. 986. 897. 684. 472. 270. 209.  74.   9.
 390. 1001.  985.  815.  570.  519.  312.  247.   88.   23.
 402. 1110.  951.  788.  630.  460.  327.  183.   67.   32.
572. 883. 969. 680. 485. 539. 421. 204. 183.  14.
500. 831. 871. 889. 822. 375. 292. 192. 110.  68.
 371.  975. 1003.  853.  611.  524.  304.  207.   89.   13.
 310.  902. 1120.  936.  794.  456.  221.  141.   58.   12.
 366.  705.  878. 1037.  874.  566.  308.  165.   41.   10.
 532. 1038.  778.  631.  530.  504.  420.  323.  147.   47.
379. 854. 839. 890. 673. 501. 392. 231. 148.  43.
321. 795. 926. 964. 877. 523. 319. 150.  72.   3.
 436.  989. 1078. 1072.  641.  333.  254.  113.   25.    9.
602. 965. 793. 550. 499. 480. 437. 256. 261. 107.
 356.  695.  921. 1155.  728.  525.  346.  103.  101.   20.
 321.  818. 1018. 1041.  792.  457.  325.  116.   53.    9.
 487. 1020.  691.  562.  515.  443.  381.  398.  298.  155.
 451. 1096.  718.  651.  505.  465.  395.  316.  240.  113.
364. 505. 763. 814. 725. 613. 424. 302. 233. 207.
289. 396. 900. 755. 718. 763. 500. 302. 286.  41.
360. 518. 629. 936. 801. 595. 407. 377. 211. 116.
308. 485. 634. 955. 781. 653. 355. 363. 208. 208.
330. 501. 857. 958. 813. 649. 406. 233. 201.   2.
286. 429. 807. 935. 665. 814. 528. 350. 136.   0.
306. 789. 943. 989. 802. 543. 339. 185.  52.   2.
325. 506. 704. 844. 741. 688. 417. 450. 195.  80.
409. 378. 755. 896. 588. 682. 455. 413. 327.  47.
382. 504. 886. 807. 818. 666. 446. 296. 138.   7.
286. 365. 799. 948. 623. 769. 519. 306. 288.  47.
323. 399. 989. 887. 828. 720. 413. 249. 137.   5.
