437. 506. 536. 753. 827. 968. 578. 330.  15.   0.
594. 975. 689. 586. 502. 483. 375. 384. 280.  82.
 517. 1096.  899.  669.  594.  438.  328.  249.  113.   47.
427. 725. 921. 862. 654. 517. 334. 435.  75.   0.
 591. 1096.  799.  687.  593.  419.  359.  250.  137.   19.
916. 838. 725. 606. 571. 447. 364. 288. 125.  70.
909. 788. 677. 622. 548. 482. 374. 281. 160. 109.
942. 878. 721. 624. 503. 422. 362. 273. 170.  55.
 492. 1060.  805.  725.  561.  447.  347.  281.  184.   48.
 503.  972. 1030.  705.  555.  443.  355.  227.  119.   41.
 496.  610. 1066.  693.  489.  555.  371.  333.  331.    6.
4.910e+02 5.020e+02 1.363e+03 8.170e+02 6.400e+02 4.510e+02 3.440e+02
 2.250e+02 1.160e+02 1.000e+00
486. 499. 552. 613. 856. 701. 607. 419. 217.   0.
494. 440. 533. 640. 882. 854. 539. 417. 151.   0.
 431.  473.  630. 1077.  701.  557.  780.  301.    0.    0.
 489.  470.  515.  657. 1064.  813.  567.  247.  128.    0.
472. 469. 533. 583. 704. 627. 668. 526. 368.   0.
 384.  567.  554.  850.  606.  666. 1032.  291.    0.    0.
