 412.  459.  479.  523.  567.  742. 1309.  459.    0.    0.
 433.  466.  480.  516.  575.  697. 1322.  461.    0.    0.
 481.  445.  488.  484.  663.  677. 1256.  456.    0.    0.
 440.  453.  466.  517.  582.  729. 1303.  460.    0.    0.
 467.  421.  473.  564.  568.  713. 1327.  417.    0.    0.
 420.  460.  477.  521.  574.  721. 1336.  441.    0.    0.
 465.  404.  472.  525.  617.  675. 1330.  462.    0.    0.
 453.  453.  481.  519.  534.  711. 1308.  491.    0.    0.
 427.  475.  458.  527.  571.  741. 1328.  423.    0.    0.
 438.  470.  453.  485.  583.  751. 1307.  463.    0.    0.
895. 792. 691. 665. 562. 445. 341. 279. 194.  86.
930. 843. 777. 636. 528. 455. 382. 223. 139.  37.
950. 852. 765. 685. 575. 389. 286. 235. 148.  65.
921. 792. 637. 638. 446. 506. 371. 294. 258.  87.
959. 739. 615. 659. 553. 395. 377. 373. 221.  59.
973. 716. 653. 692. 656. 376. 321. 288. 217.  58.
917. 883. 747. 686. 553. 410. 361. 241. 130.  22.
926. 801. 656. 591. 517. 457. 396. 332. 231.  43.
 425.  467.  456.  508.  603.  723. 1304.  464.    0.    0.
 429.  447.  481.  523.  586.  729. 1305.  450.    0.    0.
 413.  473.  452.  526.  579.  740. 1320.  447.    0.    0.
 449.  439.  454.  508.  593.  738. 1322.  447.    0.    0.
 461.  444.  477.  527.  577.  742. 1274.  448.    0.    0.
 452.  434.  445.  513.  618.  735. 1293.  460.    0.    0.
 449.  427.  504.  498.  588.  749. 1286.  449.    0.    0.
 466.  415.  483.  527.  573.  695. 1283.  508.    0.    0.
 464.  437.  493.  519.  543.  743. 1324.  427.    0.    0.
 453.  467.  457.  515.  601.  670. 1368.  419.    0.    0.
 510.  463.  437.  446.  534.  817. 1347.  396.    0.    0.
939. 900. 749. 649. 567. 431. 347. 240. 100.  28.
972. 936. 760. 642. 572. 435. 354. 203.  66.  10.
940. 895. 784. 703. 559. 434. 299. 193. 114.  29.
920. 859. 728. 668. 518. 458. 380. 209. 150.  60.
960. 874. 808. 696. 519. 449. 285. 202. 119.  38.
966. 823. 743. 711. 583. 402. 310. 242. 141.  29.
947. 873. 733. 642. 553. 477. 345. 225. 122.  33.
912. 792. 705. 681. 606. 417. 302. 272. 191.  72.
 425.  485.  473.  521.  584.  734. 1296.  432.    0.    0.
 442.  445.  490.  501.  604.  702. 1343.  423.    0.    0.
 459.  467.  449.  497.  593.  690. 1361.  434.    0.    0.
 498.  496.  456.  458.  516.  691. 1334.  501.    0.    0.
 440.  465.  516.  515.  575.  700. 1292.  447.    0.    0.
 435.  463.  491.  522.  561.  723. 1299.  456.    0.    0.
 491.  381.  460.  572.  573.  642. 1332.  499.    0.    0.
 441.  463.  488.  512.  570.  729. 1302.  445.    0.    0.
 439.  497.  473.  531.  589.  721. 1280.  420.    0.    0.
 442.  460.  466.  489.  595.  735. 1327.  436.    0.    0.
 417.  473.  508.  529.  560.  739. 1290.  434.    0.    0.
914. 794. 734. 694. 601. 429. 302. 233. 171.  78.
936. 837. 776. 664. 614. 380. 323. 190. 167.  63.
935. 800. 728. 642. 547. 436. 384. 259. 158.  61.
923. 863. 742. 639. 501. 479. 372. 257. 135.  39.
924. 781. 803. 692. 494. 471. 343. 207. 167.  68.
951. 775. 770. 578. 539. 480. 352. 298. 172.  35.
902. 878. 758. 637. 533. 464. 363. 230. 137.  48.
947. 821. 792. 674. 534. 448. 333. 233. 136.  32.
 433.  460.  463.  512.  581.  719. 1322.  460.    0.    0.
 444.  465.  466.  497.  579.  719. 1298.  482.    0.    0.
 438.  421.  490.  515.  559.  767. 1313.  447.    0.    0.
 434.  464.  479.  500.  582.  720. 1317.  454.    0.    0.
 531.  522.  495.  565.  592.  665. 1202.  378.    0.    0.
 441.  463.  466.  498.  633.  664. 1376.  409.    0.    0.
 461.  438.  444.  504.  594.  743. 1267.  499.    0.    0.
 424.  432.  475.  531.  611.  694. 1324.  459.    0.    0.
 456.  434.  485.  491.  607.  741. 1261.  475.    0.    0.
 445.  415.  516.  487.  626.  691. 1336.  434.    0.    0.
 477.  428.  444.  553.  603.  698. 1303.  444.    0.    0.
910. 863. 727. 599. 541. 468. 387. 267. 140.  48.
942. 899. 758. 632. 529. 457. 358. 218. 126.  31.
907. 731. 740. 651. 540. 433. 390. 245. 218.  95.
943. 846. 752. 688. 537. 423. 364. 250.  96.  51.
993. 962. 848. 690. 530. 423. 262. 149.  67.  26.
916. 834. 735. 629. 546. 445. 334. 252. 193.  66.
965. 853. 810. 692. 563. 446. 259. 173. 141.  48.
990. 832. 575. 562. 544. 509. 422. 307. 166.  43.
 466.  438.  449.  525.  569.  733. 1298.  472.    0.    0.
