 366.  400.  434.  484.  504.  492.  545. 1320.  347.   58.
475. 670. 963. 728. 662. 436. 406. 244. 181. 185.
416. 744. 746. 718. 642. 578. 379. 339. 314.  74.
 357.  395.  449.  438.  563.  480. 1122.  687.  374.   85.
364. 395. 396. 448. 480. 465. 880. 812. 550. 160.
397. 450. 995. 767. 604. 513. 378. 351. 255. 240.
437. 481. 843. 619. 554. 487. 361. 343. 333. 492.
 424.  686.  790. 1001.  756.  492.  273.  231.  252.   45.
559. 701. 632. 619. 656. 465. 415. 433. 409.  61.
379. 477. 461. 496. 556. 962. 679. 718. 222.   0.
