 443.  468.  496.  535.  578.  691. 1321.  418.    0.    0.
 436.  442.  501.  507.  552.  721. 1328.  463.    0.    0.
482. 481. 559. 617. 865. 944. 557. 363.  82.   0.
 441.  442.  492.  496.  574.  705. 1381.  419.    0.    0.
 439.  449.  502.  483.  587.  757. 1307.  426.    0.    0.
 448. 1057.  740.  666.  597.  528.  372.  320.  185.   37.
 421.  476.  461.  523.  583.  704. 1309.  473.    0.    0.
 419.  480.  485.  529.  582.  715. 1362.  378.    0.    0.
 463.  462.  481.  495.  572.  667. 1378.  432.    0.    0.
 425.  435.  494.  537.  561.  755. 1433.  310.    0.    0.
 463.  479.  467.  459.  574.  769. 1378.  361.    0.    0.
 447.  465.  478.  507.  582.  696. 1307.  468.    0.    0.
 439.  427.  476.  528.  572.  728. 1380.  400.    0.    0.
 450.  470.  457.  485.  577.  750. 1408.  353.    0.    0.
 429.  445.  482.  514.  582.  731. 1437.  330.    0.    0.
