505. 949. 914. 880. 811. 563. 192. 104.  32.   0.
 502.  885. 1141.  891.  699.  523.  225.   80.    4.    0.
465. 920. 877. 914. 894. 563. 213.  88.  16.   0.
 654. 1023.  837.  691.  579.  452.  300.  263.  114.   37.
581. 579. 611. 709. 617. 503. 423. 484. 405.  38.
 489.  482.  567.  626.  769. 1009.  735.  265.    8.    0.
 400.  459.  534.  587. 1042.  658.  539.  417.  314.    0.
 446.  480.  477.  874. 1185.  607.  427.  258.  196.    0.
 439.  430.  500.  499.  588.  696. 1329.  469.    0.    0.
 480.  392.  510.  533.  519.  800. 1286.  430.    0.    0.
469. 513. 608. 695. 949. 722. 469. 363. 162.   0.
 447.  468.  462.  517.  576.  708. 1335.  437.    0.    0.
 452.  432.  490.  503.  535.  770. 1350.  418.    0.    0.
 466.  467.  508.  499.  593.  700. 1298.  419.    0.    0.
 440.  454.  465.  536.  565.  712. 1320.  458.    0.    0.
 455.  456.  497.  494.  621.  712. 1270.  445.    0.    0.
 444.  428.  491.  504.  582.  741. 1292.  468.    0.    0.
 435.  446.  470.  525.  580.  726. 1281.  487.    0.    0.
 467.  433.  469.  477.  603.  722. 1348.  431.    0.    0.
 435.  455.  465.  523.  573.  721. 1337.  441.    0.    0.
 453.  458.  477.  489.  573.  715. 1308.  477.    0.    0.
 434.  454.  464.  511.  571.  739. 1309.  468.    0.    0.
 437.  477.  457.  507.  592.  715. 1293.  472.    0.    0.
 461.  476.  489.  502.  577.  705. 1293.  447.    0.    0.
 471.  460.  455.  550.  593.  708. 1277.  436.    0.    0.
 493.  450.  450.  494.  544.  765. 1324.  430.    0.    0.
 419.  461.  500.  515.  602.  699. 1314.  440.    0.    0.
 448.  491.  480.  550.  588.  697. 1260.  436.    0.    0.
 439.  447.  476.  524.  565.  714. 1337.  448.    0.    0.
 400.  477.  478.  513.  588.  710. 1327.  457.    0.    0.
 461.  427.  514.  478.  579.  716. 1346.  429.    0.    0.
 454.  454.  474.  506.  552.  702. 1348.  460.    0.    0.
 472.  449.  501.  507.  570.  711. 1314.  426.    0.    0.
 441.  453.  454.  509.  619.  733. 1258.  483.    0.    0.
 439.  429.  486.  542.  579.  711. 1335.  429.    0.    0.
 429.  440.  496.  528.  568.  705. 1329.  455.    0.    0.
 484.  437.  477.  509.  541.  780. 1312.  410.    0.    0.
 447.  450.  459.  501.  597.  752. 1299.  445.    0.    0.
 436.  447.  484.  521.  583.  685. 1344.  450.    0.    0.
351. 389. 438. 429. 476. 813. 668. 459. 753. 174.
