416. 534. 690. 871. 782. 556. 477. 400. 207.  17.
 442.  473.  502.  509.  565.  695. 1175.  589.    0.    0.
 454.  486.  437.  545.  601.  765. 1246.  416.    0.    0.
 442.  436.  467.  527.  575.  769. 1322.  412.    0.    0.
 415.  440.  500.  514.  590.  723. 1399.  369.    0.    0.
 442.  452.  467.  514.  560.  765. 1350.  400.    0.    0.
 481.  530.  560.  656.  853. 1043.  535.  286.    6.    0.
 455.  474.  465.  509.  545.  749. 1453.  300.    0.    0.
 435.  487.  454.  506.  565.  713. 1483.  307.    0.    0.
 424.  467.  470.  526.  572.  763. 1342.  386.    0.    0.
 449.  462.  489.  534.  605.  708. 1372.  331.    0.    0.
 489.  484.  486.  536.  574.  660. 1305.  416.    0.    0.
 446.  433.  475.  530.  549.  773. 1383.  361.    0.    0.
 477.  465.  538.  449.  646.  776. 1417.  182.    0.    0.
 542.  616.  568.  787. 1167.  606.  363.  256.   45.    0.
 486.  572.  585.  635.  746. 1145.  417.  222.  122.   20.
459. 480. 690. 629. 649. 998. 546. 280. 188.  31.
 446.  606.  554. 1089.  722.  555.  440.  336.  174.   28.
451. 549. 575. 985. 646. 598. 526. 372. 180.  68.
944. 759. 744. 657. 538. 474. 302. 275. 212.  45.
 455.  515.  503. 1202.  723.  605.  379.  287.  184.   97.
 483.  508.  594. 1111.  773.  550.  425.  290.  166.   50.
891. 793. 680. 646. 539. 449. 363. 285. 214.  90.
 443.  498.  638.  565. 1097.  645.  485.  336.  179.   64.
 484.  728. 1141.  783.  572.  516.  305.  251.  154.   16.
 497.  474. 1102.  661.  578.  461.  369.  435.  313.   60.
931. 875. 792. 657. 573. 421. 330. 207. 136.  28.
457. 541. 647. 997. 666. 521. 540. 372. 171.  38.
504. 478. 601. 927. 665. 490. 487. 420. 251. 127.
903. 802. 697. 609. 525. 437. 383. 291. 184. 119.
 453.  555.  570. 1085.  796.  521.  421.  316.  174.   59.
534. 514. 486. 920. 700. 576. 489. 304. 271. 156.
903. 792. 657. 602. 556. 415. 400. 337. 209.  79.
 487.  502.  589. 1047.  711.  472.  495.  401.  202.   44.
 479.  529.  514. 1208.  753.  602.  474.  231.  118.   42.
970. 792. 677. 546. 545. 463. 417. 276. 207.  57.
 448.  562.  574. 1144.  660.  589.  437.  322.  186.   28.
 478.  481.  492. 1212.  738.  577.  451.  340.  139.   42.
954. 877. 769. 635. 534. 474. 345. 213. 109.  40.
 449.  486.  555. 1153.  779.  556.  390.  356.  169.   57.
483. 511. 641. 929. 613. 593. 488. 429. 208.  55.
901. 792. 688. 612. 510. 455. 396. 294. 220.  82.
385. 435. 464. 471. 759. 848. 586. 443. 550.   9.
428. 474. 492. 583. 633. 891. 998. 451.   0.   0.
 415.  467.  510.  519.  649.  855. 1089.  446.    0.    0.
404. 431. 470. 478. 813. 984. 633. 372. 343.  22.
 426.  484.  511.  561.  597.  818. 1392.  161.    0.    0.
449. 450. 508. 589. 724. 973. 890. 367.   0.   0.
503. 499. 516. 614. 654. 930. 987. 247.   0.   0.
 429.  563.  536.  621.  696. 1213.  788.  104.    0.    0.
