 391.  373.  387.  421.  453.  440.  570. 1316.  446.  153.
 485.  502.  527.  526.  614.  799. 1267.  230.    0.    0.
949. 845. 681. 547. 476. 502. 409. 325. 182.  34.
895. 842. 797. 626. 603. 405. 360. 215. 135.  72.
941. 826. 825. 722. 495. 444. 331. 167. 118.  81.
 480. 1043.  765.  525.  524.  467.  391.  385.  222.  148.
601. 987. 743. 715. 625. 413. 321. 296. 202.  47.
456. 813. 928. 652. 578. 493. 380. 352. 220.  78.
398. 413. 460. 490. 489. 799. 933. 601. 367.   0.
360. 413. 440. 403. 549. 980. 662. 475. 538. 130.
566. 747. 572. 553. 477. 490. 486. 657. 402.   0.
