 441.  443.  452.  527.  600.  686. 1355.  446.    0.    0.
809. 838. 670. 613. 525. 511. 448. 323. 182.  31.
788. 795. 663. 640. 609. 477. 418. 333. 196.  31.
848. 770. 727. 616. 576. 541. 428. 305. 130.   9.
 440.  460.  481.  507.  559.  744. 1439.  320.    0.    0.
796. 740. 735. 623. 581. 493. 440. 331. 157.  54.
819. 695. 701. 569. 575. 494. 482. 360. 230.  25.
847. 811. 733. 688. 586. 473. 341. 262. 183.  26.
 452.  463.  469.  527.  531.  689. 1317.  502.    0.    0.
953. 900. 778. 698. 576. 396. 288. 199. 126.  36.
916. 895. 779. 656. 547. 453. 331. 223. 120.  30.
984. 758. 638. 607. 485. 432. 408. 325. 218.  95.
913. 844. 743. 638. 544. 434. 334. 269. 169.  62.
965. 896. 803. 664. 567. 430. 298. 194. 113.  20.
 452.  461.  460.  501.  577.  724. 1499.  276.    0.    0.
 481.  451.  458.  535.  571.  729. 1339.  386.    0.    0.
924. 820. 783. 676. 550. 439. 334. 240. 152.  32.
502. 574. 771. 838. 857. 691. 425. 245.  47.   0.
 414.  481.  513.  510.  601.  672. 1390.  369.    0.    0.
 447.  466.  463.  515.  560.  709. 1317.  473.    0.    0.
 478.  463.  471.  527.  526.  685. 1237.  563.    0.    0.
 435.  474.  445.  509.  614.  731. 1537.  205.    0.    0.
 443.  451.  475.  510.  556.  746. 1400.  369.    0.    0.
911. 740. 808. 564. 605. 445. 337. 297. 131. 112.
955. 948. 767. 661. 564. 469. 317. 177.  80.  12.
899. 816. 760. 717. 520. 468. 343. 219. 140.  68.
947. 816. 720. 623. 567. 392. 311. 290. 208.  76.
925. 802. 775. 578. 620. 421. 378. 187. 188.  76.
922. 779. 638. 527. 498. 486. 441. 375. 207.  77.
 467.  466.  459.  519.  594.  742. 1355.  348.    0.    0.
942. 764. 714. 642. 574. 411. 368. 280. 193.  62.
938. 914. 779. 691. 563. 409. 323. 212.  98.  23.
946. 882. 741. 664. 570. 430. 353. 231. 106.  27.
 416.  454.  499.  506.  585.  717. 1379.  394.    0.    0.
 444.  494.  464.  522.  543.  644. 1361.  478.    0.    0.
 454.  444.  478.  505.  573.  740. 1420.  336.    0.    0.
767. 764. 736. 647. 659. 647. 348. 271. 105.   6.
 444.  445.  509.  501.  581.  705. 1377.  388.    0.    0.
 428.  461.  496.  508.  591.  732. 1283.  451.    0.    0.
 460.  449.  454.  518.  565.  720. 1323.  461.    0.    0.
875. 838. 752. 700. 578. 467. 353. 208. 131.  48.
 402.  469.  490.  520.  579.  728. 1459.  303.    0.    0.
 449.  453.  471.  511.  556.  752. 1476.  282.    0.    0.
 447.  440.  460.  511.  630.  765. 1293.  404.    0.    0.
 429.  451.  451.  556.  601.  737. 1352.  373.    0.    0.
 464.  446.  474.  531.  605.  703. 1432.  295.    0.    0.
 417.  458.  483.  512.  574.  740. 1314.  452.    0.    0.
 428.  463.  474.  522.  565.  758. 1188.  552.    0.    0.
 436.  477.  468.  488.  591.  733. 1303.  454.    0.    0.
 418.  487.  472.  511.  573.  751. 1315.  423.    0.    0.
431. 514. 636. 997. 824. 562. 509. 381.  96.   0.
 451.  446.  455.  556.  568.  700. 1542.  232.    0.    0.
 460.  456.  515.  484.  590.  730. 1278.  437.    0.    0.
 443.  457.  472.  526.  589.  748. 1268.  447.    0.    0.
 467.  470.  514.  555.  582.  709. 1243.  410.    0.    0.
 436.  424.  502.  523.  564.  784. 1249.  468.    0.    0.
821. 775. 701. 601. 538. 492. 444. 354. 181.  43.
 425.  487.  472.  535.  599.  728. 1551.  153.    0.    0.
 438.  427.  464.  541.  588.  730. 1306.  456.    0.    0.
 503.  463.  474.  493.  522.  672. 1179.  644.    0.    0.
731. 692. 643. 581. 567. 499. 425. 398. 331.  83.
 434.  464.  476.  491.  576.  724. 1341.  444.    0.    0.
 477.  439.  482.  518.  588.  766. 1347.  333.    0.    0.
 429.  476.  436.  504.  625.  733. 1450.  297.    0.    0.
932. 862. 786. 651. 518. 462. 334. 228. 134.  43.
 441.  490.  463.  485.  577.  722. 1344.  428.    0.    0.
 443.  432.  477.  524.  596.  775. 1271.  432.    0.    0.
 430.  458.  458.  524.  568.  721. 1454.  337.    0.    0.
475. 426. 630. 659. 895. 813. 499. 424. 129.   0.
 434.  426.  537.  481.  597.  692. 1327.  456.    0.    0.
 438.  457.  457.  541.  557.  767. 1220.  513.    0.    0.
