 425.  435.  492.  508.  592.  715. 1317.  466.    0.    0.
 437.  439.  472.  506.  606.  733. 1279.  478.    0.    0.
 441.  452.  479.  509.  560.  717. 1347.  445.    0.    0.
 432.  464.  475.  503.  578.  719. 1324.  455.    0.    0.
394. 493. 610. 785. 965. 584. 593. 385. 109.  32.
 461.  439.  523.  675. 1137.  706.  483.  316.  210.    0.
908. 724. 730. 569. 621. 426. 368. 280. 230.  94.
402. 436. 447. 514. 922. 665. 524. 366. 325. 349.
 404.  420.  482.  496. 1112.  588.  527.  444.  236.  241.
 367.  367.  450.  465.  513.  482.  519. 1333.  340.  114.
 394.  478. 1051.  734.  567.  473.  450.  342.  270.  191.
497. 426. 449. 606. 695. 970. 572. 542. 193.   0.
 434.  490.  490.  550.  757. 1031.  612.  430.  156.    0.
454. 508. 728. 853. 731. 779. 386. 345. 166.   0.
 408.  386.  459.  474.  411. 1305.  687.  428.  340.   52.
