 481.  996. 1038.  728.  565.  469.  332.  216.   99.   26.
 436.  504. 1126.  835.  603.  511.  397.  278.  135.  125.
 443.  501. 1256.  742.  553.  546.  408.  286.  154.   61.
 461. 1009.  683.  614.  604.  432.  354.  323.  317.  153.
876. 759. 695. 661. 599. 428. 329. 275. 222. 106.
855. 848. 759. 651. 514. 483. 293. 297. 112. 138.
 450. 1037.  857.  769.  617.  465.  301.  239.  100.  115.
909. 902. 831. 636. 599. 411. 284. 219. 112.  47.
471. 960. 872. 715. 589. 475. 339. 236. 182. 111.
935. 804. 708. 583. 536. 463. 394. 317. 168.  42.
472. 999. 893. 726. 617. 490. 297. 213. 172.  71.
1029.  901.  688.  576.  577.  526.  371.  215.   61.    6.
457. 929. 747. 562. 564. 440. 423. 353. 294. 181.
936. 901. 701. 673. 549. 456. 368. 240. 114.  12.
477. 949. 812. 621. 524. 498. 425. 338. 218.  88.
875. 899. 798. 677. 535. 445. 326. 221. 122.  52.
548. 617. 853. 843. 884. 594. 375. 177.  59.   0.
461. 640. 813. 875. 965. 667. 301. 218.  10.   0.
494. 667. 944. 828. 987. 602. 324.  96.   8.   0.
 463.  645.  639.  580.  874. 1007.  576.  153.   13.    0.
550. 735. 828. 825. 973. 535. 373. 112.  19.   0.
538. 597. 789. 793. 880. 732. 394. 227.   0.   0.
528. 658. 922. 961. 890. 521. 352. 111.   7.   0.
441. 600. 645. 913. 880. 909. 416. 138.   8.   0.
 543.  695.  992. 1026.  772.  471.  315.  102.   34.    0.
564. 743. 725. 699. 822. 775. 487. 133.   2.   0.
553. 681. 943. 864. 967. 607. 272.  63.   0.   0.
472. 559. 649. 780. 736. 878. 625. 232.  19.   0.
 553.  712. 1041. 1014.  770.  453.  293.   76.   38.    0.
511. 586. 681. 742. 901. 821. 424. 269.  15.   0.
522. 702. 928. 902. 997. 546. 274.  69.  10.   0.
501. 520. 658. 776. 769. 897. 602. 219.   8.   0.
 639.  732.  979. 1003.  927.  429.  189.   48.    4.    0.
499. 654. 643. 740. 934. 856. 419. 205.   0.   0.
5.680e+02 6.520e+02 9.700e+02 9.190e+02 1.106e+03 5.020e+02 1.940e+02
 3.800e+01 1.000e+00 0.000e+00
534. 526. 725. 626. 857. 932. 636. 113.   1.   0.
