354. 401. 457. 408. 519. 771. 855. 532. 546. 107.
 469.  496. 1014.  893.  648.  541.  408.  297.  124.   60.
374. 395. 385. 429. 501. 622. 979. 533. 605. 127.
 383.  370.  467.  425.  449.  568.  748. 1177.  332.   31.
930. 913. 811. 637. 605. 423. 324. 191.  82.  34.
491. 533. 840. 935. 747. 480. 369. 282. 229.  44.
388. 387. 432. 487. 454. 507. 986. 566. 630. 113.
 376.  387.  392.  389.  407.  517.  737. 1079.  485.  181.
874. 845. 738. 669. 543. 451. 333. 250. 178.  69.
 544. 1027.  718.  600.  564.  451.  356.  344.  218.  128.
849. 805. 683. 628. 511. 473. 363. 297. 226. 115.
 547. 1109.  834.  668.  566.  436.  337.  213.  185.   55.
892. 879. 809. 715. 560. 425. 309. 206. 115.  40.
756. 951. 763. 672. 546. 480. 376. 211. 143.  52.
857. 708. 702. 635. 570. 449. 363. 231. 247. 188.
794. 848. 684. 616. 561. 445. 370. 300. 214. 118.
397. 404. 436. 494. 992. 779. 438. 337. 414. 259.
400. 413. 488. 511. 978. 572. 480. 464. 250. 394.
381. 408. 430. 814. 890. 607. 520. 355. 165. 380.
367. 402. 458. 465. 521. 916. 597. 438. 655. 131.
429. 466. 862. 788. 560. 494. 405. 408. 267. 271.
396. 457. 449. 715. 901. 567. 479. 395. 382. 209.
 456.  420.  486.  535.  566.  760. 1427.  300.    0.    0.
403. 482. 891. 832. 576. 451. 419. 407. 264. 225.
399. 417. 497. 736. 980. 576. 517. 316. 349. 163.
 437.  458.  468.  522.  588.  717. 1292.  468.    0.    0.
408. 391. 459. 522. 490. 940. 681. 377. 608.  74.
 413.  495.  521.  703.  768. 1126.  429.  289.  165.   41.
870. 768. 618. 640. 542. 448. 360. 288. 286. 130.
879. 797. 688. 629. 526. 459. 369. 309. 193. 101.
 477. 1040.  777.  710.  569.  496.  320.  249.  222.   90.
424. 909. 820. 614. 538. 459. 418. 365. 244. 159.
498. 856. 822. 667. 543. 462. 428. 281. 214. 179.
 465.  523. 1067.  681.  622.  506.  340.  285.  260.  201.
 430.  463. 1198.  679.  634.  520.  393.  277.  191.  165.
 445.  470.  456.  520.  574.  732. 1450.  303.    0.    0.
 432.  491.  422.  600.  584.  675. 1428.  318.    0.    0.
 513. 1074.  731.  510.  444.  561.  439.  398.  193.   87.
 510. 1071.  743.  663.  533.  444.  424.  284.  171.  107.
 392.  466.  565. 1045.  673.  490.  423.  364.  293.  239.
 459.  536.  512.  492.  560.  703. 1245.  443.    0.    0.
 455.  446.  474.  501.  626.  706. 1344.  398.    0.    0.
 479. 1136.  769.  697.  572.  433.  358.  295.  164.   47.
 489. 1098.  743.  622.  590.  444.  364.  295.  268.   37.
425. 407. 901. 828. 586. 496. 450. 326. 247. 284.
438. 417. 461. 770. 999. 616. 534. 356. 218. 141.
 449.  431.  474.  492.  610.  742. 1394.  358.    0.    0.
426. 497. 854. 672. 458. 442. 438. 452. 358. 353.
 401.  429.  453.  753. 1039.  623.  453.  346.  337.  116.
 429.  441.  489.  501.  611.  715. 1314.  450.    0.    0.
320. 666. 771. 796. 641. 550. 479. 387. 340.   0.
 274.  627.  846. 1052.  834.  694.  429.  162.   32.    0.
315. 758. 981. 921. 781. 716. 347. 126.   5.   0.
278. 646. 869. 924. 829. 737. 413. 187.  67.   0.
 417.  634. 1019.  620.  540.  463.  440.  345.  265.  207.
949. 838. 641. 540. 508. 496. 444. 332. 164.  38.
 406.  478. 1044.  689.  613.  479.  408.  330.  266.  237.
404. 449. 927. 702. 636. 559. 362. 299. 238. 374.
374. 384. 503. 548. 766. 636. 637. 420. 511. 171.
418. 490. 805. 785. 632. 512. 437. 277. 295. 299.
383. 448. 833. 758. 608. 492. 403. 376. 238. 411.
 440.  758. 1030.  764.  555.  471.  373.  267.  188.  104.
442. 839. 753. 691. 547. 483. 402. 268. 271. 254.
488. 765. 878. 666. 485. 454. 454. 413. 238. 109.
394. 448. 868. 837. 608. 529. 392. 394. 248. 232.
460. 509. 816. 737. 581. 448. 395. 374. 341. 289.
444. 695. 926. 698. 586. 489. 395. 303. 251. 163.
418. 857. 816. 625. 519. 465. 421. 355. 248. 226.
414. 764. 922. 678. 616. 514. 334. 305. 233. 170.
391. 470. 848. 767. 578. 503. 418. 342. 328. 305.
391. 453. 863. 835. 564. 471. 449. 352. 283. 289.
474. 752. 845. 516. 406. 428. 456. 467. 293. 313.
459. 906. 755. 547. 456. 433. 426. 427. 324. 217.
437. 732. 892. 582. 569. 466. 357. 403. 305. 207.
376. 463. 895. 811. 607. 510. 419. 324. 309. 236.
390. 455. 820. 877. 631. 487. 464. 316. 176. 334.
439. 739. 835. 568. 542. 461. 384. 381. 322. 279.
444. 946. 798. 597. 526. 492. 422. 365. 244. 116.
432. 691. 829. 634. 648. 510. 369. 278. 203. 356.
441. 500. 869. 697. 525. 505. 520. 375. 264. 254.
432. 435. 874. 754. 506. 402. 541. 299. 312. 395.
481. 734. 767. 502. 584. 398. 331. 448. 401. 304.
484. 874. 605. 579. 568. 487. 306. 317. 391. 339.
 435.  733. 1104.  732.  603.  462.  385.  274.  145.   77.
407. 481. 885. 837. 597. 503. 414. 290. 259. 277.
403. 427. 990. 819. 587. 486. 428. 414. 198. 198.
435. 781. 896. 559. 512. 435. 488. 379. 289. 176.
439. 972. 887. 767. 584. 429. 373. 237. 156. 106.
452. 677. 909. 686. 555. 448. 405. 364. 229. 225.
