433. 697. 882. 941. 881. 673. 382.  61.   0.   0.
772. 741. 700. 614. 528. 472. 447. 341. 257.  78.
548. 509. 461. 554. 664. 830. 649. 460. 275.   0.
514. 546. 527. 619. 621. 788. 602. 500. 233.   0.
 431.  455.  443.  577.  580.  685. 1344.  435.    0.    0.
 454.  440.  456.  540.  603.  705. 1401.  351.    0.    0.
480. 591. 661. 765. 479. 518. 631. 694. 131.   0.
476. 525. 997. 756. 633. 502. 400. 327. 310.  24.
 476.  457.  481.  460.  570.  724. 1358.  424.    0.    0.
 434.  441.  480.  548.  554.  740. 1316.  437.    0.    0.
 439.  429.  478.  522.  576.  736. 1335.  435.    0.    0.
