 514.  429.  458.  551.  680.  741. 1096.  481.    0.    0.
 543.  688.  778. 1000.  662.  490.  435.  223.  117.   14.
 666. 1027.  890.  764.  574.  445.  272.  181.  108.   23.
545. 656. 694. 747. 645. 505. 465. 354. 331.   8.
668. 995. 785. 690. 626. 480. 330. 236. 100.  40.
 534.  582.  711. 1046.  600.  492.  408.  350.  194.   33.
669. 945. 849. 743. 560. 483. 315. 201. 148.  37.
471. 638. 825. 938. 658. 557. 388. 275. 177.  23.
619. 871. 750. 632. 576. 456. 382. 329. 226. 109.
563. 634. 755. 746. 422. 534. 564. 353. 356.  23.
703. 877. 745. 699. 509. 515. 353. 259. 222.  68.
565. 651. 785. 837. 634. 560. 347. 329. 230.  12.
661. 883. 822. 754. 564. 451. 353. 219. 185.  58.
519. 546. 544. 759. 969. 820. 507. 276.  10.   0.
 439.  530.  541.  614.  872. 1197.  579.  178.    0.    0.
415. 498. 571. 544. 876. 857. 528. 442. 213.   6.
735. 578. 768. 617. 565. 809. 658. 218.   2.   0.
494. 505. 527. 873. 617. 606. 580. 513. 201.  34.
485. 602. 891. 710. 589. 548. 434. 388. 211.  92.
 484.  459.  508. 1009.  765.  579.  512.  318.  287.   29.
 449.  483.  528.  641.  895. 1052.  674.  211.   17.    0.
 485.  570.  678. 1144.  958.  471.  365.  205.   74.    0.
443. 540. 694. 729. 940. 929. 580.  90.   5.   0.
901. 784. 734. 662. 624. 461. 352. 238. 169.  25.
 517.  528.  555.  633.  650. 1235.  685.  147.    0.    0.
 515.  512.  495.  577.  630. 1303.  794.  124.    0.    0.
