389. 435. 466. 794. 958. 662. 416. 369. 273. 188.
461. 672. 972. 545. 504. 439. 410. 396. 361. 190.
 541.  495.  528. 1191.  906.  446.  506.  266.   69.    2.
 466.  492. 1088.  635.  555.  458.  382.  397.  230.  247.
467. 596. 731. 733. 747. 660. 504. 360. 144.   8.
 457. 1006.  740.  602.  491.  424.  480.  330.  281.  139.
399. 402. 393. 433. 512. 546. 849. 760. 510. 146.
 473. 1103.  772.  623.  535.  483.  393.  294.  148.  126.
385. 446. 497. 782. 788. 544. 485. 391. 307. 325.
 427.  660. 1020.  749.  568.  485.  398.  292.  247.  104.
450. 614. 716. 964. 786. 634. 450. 266.  68.   2.
451. 531. 965. 717. 606. 531. 369. 273. 313. 194.
487. 546. 695. 831. 819. 602. 498. 330. 142.   0.
502. 891. 754. 596. 539. 425. 392. 301. 278. 272.
379. 404. 354. 405. 501. 555. 887. 764. 537. 164.
 496. 1109.  725.  577.  529.  502.  438.  274.  190.  110.
 423.  433.  448.  753. 1004.  534.  488.  396.  286.  185.
428. 579. 986. 709. 575. 474. 382. 325. 217. 275.
463. 516. 649. 994. 869. 552. 460. 304. 137.   6.
 441.  502. 1091.  765.  548.  512.  404.  312.  229.  146.
504. 552. 637. 943. 904. 655. 392. 260.  98.   5.
437. 992. 736. 629. 488. 429. 420. 399. 265. 155.
 355.  402.  423.  469.  523.  513. 1093.  705.  389.   78.
 512. 1004.  681.  698.  547.  509.  305.  251.  272.  171.
391. 455. 479. 720. 803. 531. 433. 409. 357. 372.
 411.  584. 1016.  697.  643.  496.  363.  288.  232.  220.
481. 628. 621. 905. 712. 551. 563. 381. 107.   1.
 497.  479. 1086.  796.  584.  506.  391.  213.  194.  204.
 508.  585.  607. 1010.  803.  506.  504.  301.  118.    8.
446. 950. 859. 665. 608. 498. 302. 289. 162. 171.
373. 386. 425. 504. 480. 553. 973. 742. 446.  68.
 489. 1070.  719.  595.  506.  475.  423.  341.  194.  138.
