832. 921. 735. 613. 572. 467. 385. 259. 131.  35.
937. 914. 722. 674. 551. 405. 363. 241.  98.  45.
 686. 1063.  746.  535.  524.  468.  433.  299.  165.   31.
451. 546. 833. 999. 700. 559. 411. 296. 124.  31.
 486.  422.  505.  492.  575.  765. 1414.  291.    0.    0.
 427.  469.  497.  526.  603.  812. 1264.  352.    0.    0.
 389.  474.  485.  580.  589.  760. 1327.  321.   25.    0.
 433.  440.  482.  518.  580.  798. 1167.  502.   30.    0.
 459.  475.  459.  471.  565.  882. 1146.  434.   59.    0.
 428.  467.  523.  543.  598.  861. 1184.  322.   24.    0.
 496.  562.  522.  531.  593.  793. 1114.  330.    9.    0.
 450.  482.  514.  545.  605.  952. 1153.  242.    7.    0.
 397.  482.  510.  549.  533.  791. 1262.  397.   29.    0.
 423.  428.  528.  547.  507.  728. 1328.  409.   52.    0.
 408.  491.  545.  531.  598.  798. 1175.  373.   31.    0.
