 410.  439.  504.  555.  625.  784. 1186.  370.   77.    0.
 442.  442.  546.  559.  548.  894. 1241.  274.    4.    0.
414. 396. 482. 526. 468. 616. 865. 855. 328.   0.
 448.  465.  524.  493.  609.  803. 1454.  154.    0.    0.
463. 495. 658. 957. 750. 582. 433. 367. 206.  39.
892. 742. 664. 609. 480. 483. 372. 322. 275. 111.
 451.  522.  585. 1086.  830.  530.  388.  325.  198.   35.
690. 685. 603. 634. 630. 619. 557. 532.   0.   0.
832. 731. 710. 602. 558. 503. 357. 351. 228.  78.
987. 884. 797. 650. 543. 473. 355. 177.  74.  10.
929. 882. 826. 700. 523. 451. 289. 185. 124.  41.
1052.  985.  757.  627.  542.  421.  327.  161.   75.    3.
 387.  843. 1152.  936.  734.  550.  224.   93.   31.    0.
402. 351. 455. 488. 518. 849. 711. 381. 706.  89.
424. 462. 535. 616. 989. 849. 549. 370. 156.   0.
780. 886. 706. 673. 559. 499. 354. 327. 119.  47.
936. 775. 675. 564. 565. 436. 408. 374. 190.  27.
953. 837. 719. 581. 553. 454. 410. 286. 134.  23.
 879. 1021.  609.  566.  393.  339.  487.  462.  184.   10.
 430.  481.  466.  526.  561.  784. 1366.  336.    0.    0.
 436.  462.  461.  523.  641.  738. 1257.  432.    0.    0.
 444.  466.  451.  507.  588.  748. 1173.  573.    0.    0.
 475.  457.  495.  594. 1166.  778.  540.  318.  127.    0.
841. 893. 797. 668. 486. 459. 401. 234. 138.  33.
853. 870. 713. 620. 564. 451. 386. 304. 135.  54.
986. 915. 768. 651. 513. 441. 309. 228. 126.  13.
784. 999. 583. 360. 380. 496. 534. 548. 259.   7.
 442.  475.  513.  518.  565.  729. 1240.  468.    0.    0.
 441.  456.  476.  530.  558.  717. 1302.  470.    0.    0.
 449.  492.  468.  557.  551.  706. 1334.  393.    0.    0.
 433.  487. 1026.  756.  702.  508.  272.  343.  228.  195.
442. 492. 766. 682. 601. 476. 370. 347. 380. 394.
442. 465. 897. 728. 578. 478. 371. 401. 244. 346.
419. 491. 822. 748. 568. 502. 428. 301. 337. 334.
431. 436. 898. 792. 748. 619. 326. 257. 158. 285.
400. 443. 833. 831. 623. 549. 413. 292. 248. 318.
413. 484. 852. 684. 456. 420. 487. 376. 420. 358.
432. 477. 896. 749. 610. 460. 462. 352. 233. 279.
396. 455. 918. 866. 645. 504. 436. 264. 224. 242.
450. 460. 923. 742. 549. 428. 473. 383. 303. 239.
440. 503. 534. 646. 979. 915. 381. 265. 282.   5.
515. 531. 608. 792. 724. 806. 457. 350. 167.   0.
838. 839. 789. 686. 612. 503. 363. 195. 104.  21.
489. 545. 631. 619. 899. 673. 588. 322. 165.  19.
488. 493. 627. 666. 894. 833. 497. 312. 136.   4.
855. 774. 792. 664. 604. 508. 354. 219. 140.  40.
427. 456. 516. 920. 664. 524. 383. 447. 463. 150.
415. 481. 496. 740. 751. 560. 466. 423. 307. 311.
391. 431. 465. 825. 893. 602. 425. 385. 295. 238.
377. 455. 452. 773. 759. 584. 429. 412. 324. 385.
414. 451. 471. 737. 868. 592. 446. 347. 261. 363.
376. 452. 457. 784. 841. 583. 445. 358. 310. 344.
427. 499. 473. 816. 856. 604. 430. 307. 252. 286.
381. 437. 505. 821. 760. 528. 493. 363. 329. 333.
403. 402. 485. 842. 964. 652. 464. 278. 250. 210.
411. 441. 392. 847. 967. 615. 464. 392. 238. 183.
414. 465. 499. 962. 625. 559. 520. 361. 502.  43.
373. 484. 485. 683. 868. 544. 510. 428. 303. 272.
398. 402. 450. 684. 899. 559. 472. 383. 341. 362.
398. 476. 515. 632. 761. 533. 399. 444. 427. 365.
362. 441. 462. 739. 887. 561. 518. 355. 239. 386.
384. 445. 413. 712. 805. 600. 358. 462. 395. 376.
 406.  407.  489.  653. 1071.  671.  427.  308.  194.  324.
389. 442. 479. 684. 859. 571. 449. 412. 371. 294.
384. 431. 516. 630. 932. 599. 441. 396. 287. 334.
389. 415. 462. 697. 863. 583. 456. 387. 402. 296.
