 365.  387.  427.  474.  502.  461.  540. 1336.  344.  114.
 494.  580. 1121.  747.  599.  535.  366.  277.  145.   86.
495. 669. 994. 743. 557. 453. 409. 284. 242. 104.
 464.  583. 1264.  849.  613.  478.  327.  189.  143.   40.
535. 617. 926. 624. 534. 497. 454. 363. 288. 112.
 468.  638. 1062.  725.  578.  509.  408.  316.  185.   61.
500. 779. 846. 616. 530. 474. 409. 470. 247.  79.
 504.  625. 1095.  811.  587.  512.  397.  258.  135.   26.
 412.  476.  480.  880. 1032.  763.  436.  375.   96.    0.
245. 629. 724. 840. 714. 537. 509. 477. 221.  54.
 450.  736. 1001.  625.  562.  476.  472.  357.  213.   58.
340. 407. 443. 473. 514. 514. 969. 939. 305.  46.
417. 458. 541. 652. 696. 736. 539. 831.  80.   0.
237. 633. 756. 969. 745. 510. 486. 409. 199.   6.
 504.  748. 1059.  792.  611.  472.  353.  258.  135.   18.
341. 414. 414. 467. 481. 498. 972. 900. 374.  89.
 511. 1035.  959.  815.  637.  438.  238.  186.  104.   27.
504. 925. 779. 637. 579. 472. 383. 324. 250.  97.
543. 837. 814. 731. 635. 450. 332. 274. 239.  95.
516. 958. 710. 601. 562. 440. 401. 387. 284.  91.
600. 897. 710. 622. 582. 482. 405. 329. 250.  73.
528. 981. 948. 680. 584. 460. 364. 234. 144.  27.
 529. 1016.  787.  632.  562.  493.  397.  316.  166.   52.
 494.  638. 1130.  818.  657.  478.  306.  257.  123.   49.
 475.  682. 1013.  778.  598.  498.  377.  284.  171.   74.
 498.  619. 1047.  740.  569.  496.  427.  301.  171.   82.
 475.  607. 1026.  732.  639.  512.  367.  288.  190.  114.
 469.  625. 1170.  776.  608.  516.  395.  241.  117.   33.
500. 697. 914. 721. 634. 449. 345. 331. 280.  79.
531. 662. 909. 673. 562. 518. 420. 342. 249.  84.
 450.  526.  436.  990. 1055.  751.  383.  269.   90.    0.
235. 689. 744. 761. 670. 514. 542. 515. 240.  40.
 460.  628. 1030.  690.  602.  492.  407.  333.  240.   68.
 341.  434.  426.  491.  456.  528.  826. 1029.  352.   67.
415. 484. 547. 693. 771. 672. 594. 748.  26.   0.
236. 646. 777. 945. 779. 500. 481. 334. 218.  34.
 506.  835. 1116.  732.  613.  482.  346.  212.   91.   17.
383. 386. 468. 458. 548. 544. 859. 873. 366.  65.
558. 922. 771. 560. 494. 488. 441. 385. 291.  40.
518. 938. 847. 648. 550. 491. 418. 296. 194.  50.
 541. 1033.  694.  607.  530.  488.  462.  393.  182.   20.
534. 953. 896. 720. 633. 456. 323. 220. 142.  73.
518. 919. 818. 649. 535. 444. 441. 316. 211.  99.
546. 879. 830. 670. 612. 454. 376. 297. 207.  79.
546. 956. 796. 625. 531. 465. 386. 332. 241.  72.
 368.  375.  448.  456.  568.  522.  536. 1366.  273.   38.
 362.  386.  449.  424.  485.  525.  592. 1239.  410.   78.
 348.  373.  417.  492.  452.  506.  560. 1347.  339.  116.
