 411.  501.  453.  519.  582.  750. 1287.  447.    0.    0.
 421.  487.  471.  477.  588.  767. 1135.  604.    0.    0.
 464.  525. 1142.  863.  649.  507.  384.  263.  117.   36.
469. 539. 963. 936. 619. 539. 362. 239. 217.  67.
 557. 1048.  666.  636.  604.  423.  367.  346.  184.  119.
457. 543. 574. 684. 860. 781. 689. 333.  29.   0.
450. 587. 635. 676. 879. 849. 541. 285.  48.   0.
 483.  711. 1128.  750.  608.  500.  370.  251.  122.   27.
845. 808. 685. 584. 493. 457. 438. 325. 212. 103.
842. 783. 720. 641. 553. 425. 410. 272. 198. 106.
827. 813. 653. 569. 545. 451. 396. 312. 271. 113.
436. 883. 925. 752. 566. 450. 388. 256. 189. 105.
 515.  688. 1022.  809.  612.  503.  307.  300.  163.   31.
629. 919. 821. 708. 565. 477. 371. 258. 147.  55.
 473.  448.  432.  522.  503.  720. 1241.  611.    0.    0.
571. 695. 656. 847. 870. 448. 473. 334.  56.   0.
455. 870. 897. 640. 655. 444. 365. 337. 127. 160.
442. 522. 848. 951. 675. 551. 407. 285. 198.  71.
510. 540. 842. 762. 612. 461. 417. 390. 264. 152.
 499.  563. 1008.  641.  562.  488.  475.  363.  231.  120.
475. 563. 949. 871. 668. 492. 384. 289. 202.  57.
504. 612. 999. 826. 616. 494. 439. 284. 144.  32.
 548. 1007.  738.  618.  512.  412.  423.  405.  236.   51.
347. 489. 907. 756. 697. 631. 464. 455. 204.   0.
450. 762. 752. 521. 528. 590. 608. 520. 214.   5.
