 480.  663. 1032.  810.  631.  502.  344.  243.  189.   56.
539. 914. 886. 719. 606. 484. 363. 213. 218.   8.
 452.  504.  523.  567.  598.  929. 1132.  245.    0.    0.
623. 619. 677. 610. 646. 770. 938.  67.   0.   0.
437. 526. 901. 920. 661. 511. 440. 272. 178. 104.
1044.  912.  815.  659.  544.  432.  262.  149.  120.   13.
909. 904. 806. 710. 548. 428. 293. 190. 125.  37.
956. 823. 720. 669. 539. 433. 383. 281. 126.  20.
979. 811. 733. 622. 486. 500. 384. 268. 138.  29.
796. 902. 732. 677. 564. 459. 335. 266. 154.  65.
892. 835. 614. 596. 600. 506. 365. 246. 180. 116.
865. 823. 722. 635. 514. 481. 381. 274. 175.  80.
