470. 639. 953. 707. 607. 496. 419. 342. 243.  74.
 489.  450.  467.  485.  720.  829. 1136.  374.    0.    0.
 467.  625.  787.  992. 1028.  594.  318.  126.   13.    0.
 501.  472.  709. 1161.  764.  595.  405.  190.  145.    8.
 449.  474.  480.  521.  565.  765. 1264.  432.    0.    0.
 477.  453.  502.  507.  611.  708. 1231.  461.    0.    0.
 445.  474.  496.  541.  563.  730. 1288.  413.    0.    0.
 430.  465.  477.  501.  589.  710. 1322.  456.    0.    0.
 453.  437.  465.  512.  610.  749. 1228.  496.    0.    0.
 442.  484.  481.  521.  561.  695. 1301.  465.    0.    0.
 460.  517.  578.  745. 1061.  667.  495.  301.  126.    0.
 456.  564.  698. 1029.  779.  562.  435.  297.  122.    8.
 486.  508.  549.  791. 1150.  670.  430.  286.   80.    0.
496. 550. 707. 766. 691. 521. 493. 467. 235.  24.
