 369.  433.  402.  480.  450.  444.  733. 1113.  411.  115.
380. 390. 403. 450. 509. 516. 998. 561. 594. 149.
375. 382. 393. 467. 472. 474. 877. 570. 766. 174.
484. 941. 928. 707. 582. 474. 361. 241. 171.  61.
474. 926. 861. 705. 507. 504. 401. 277. 191. 104.
917. 801. 683. 652. 535. 436. 337. 342. 190.  57.
972. 876. 760. 588. 517. 454. 336. 258. 128.  61.
927. 846. 716. 627. 531. 432. 378. 279. 189.  25.
945. 879. 841. 696. 525. 447. 282. 176. 114.  45.
480. 813. 954. 667. 524. 542. 458. 304. 168.  40.
 447.  728. 1153.  750.  645.  464.  369.  220.  145.   29.
 421.  495. 1063.  608.  505.  467.  402.  424.  312.  253.
396. 412. 486. 595. 936. 569. 416. 419. 404. 317.
 372.  410.  484.  627. 1052.  693.  431.  292.  325.  264.
 521.  483.  468.  484.  504.  721. 1463.  306.    0.    0.
 438.  459.  471.  520.  589.  731. 1306.  436.    0.    0.
 482.  472.  457.  569.  575.  705. 1273.  417.    0.    0.
 441.  446.  497.  516.  564.  722. 1310.  454.    0.    0.
 462.  449.  477.  520.  559.  738. 1295.  450.    0.    0.
 456.  466.  449.  526.  624.  714. 1281.  434.    0.    0.
 445.  450.  468.  544.  566.  710. 1332.  435.    0.    0.
 441.  449.  476.  511.  590.  715. 1313.  455.    0.    0.
 459.  449.  525.  493.  575.  696. 1284.  469.    0.    0.
 446.  456.  474.  537.  534.  723. 1321.  459.    0.    0.
 428.  458.  463.  534.  570.  715. 1310.  472.    0.    0.
 451.  447.  446.  558.  592.  737. 1243.  476.    0.    0.
 453.  462.  485.  539.  525.  749. 1315.  422.    0.    0.
 440.  492.  475.  518.  593.  682. 1295.  455.    0.    0.
 466.  489.  497.  504.  563.  690. 1270.  471.    0.    0.
 437.  467.  469.  517.  597.  721. 1284.  458.    0.    0.
 428.  485.  506.  502.  615.  693. 1285.  436.    0.    0.
 476.  425.  487.  464.  618.  710. 1267.  503.    0.    0.
 469.  439.  447.  546.  626.  700. 1304.  419.    0.    0.
 439.  460.  478.  522.  580.  714. 1331.  426.    0.    0.
 489.  497.  410.  461.  612.  761. 1287.  433.    0.    0.
 452.  424.  458.  554.  596.  716. 1306.  444.    0.    0.
 454.  423.  481.  542.  561.  722. 1304.  463.    0.    0.
 475.  497.  539.  533.  576.  741. 1186.  403.    0.    0.
 432.  464.  489.  495.  579.  744. 1307.  440.    0.    0.
 450.  397.  518.  512.  560.  746. 1301.  466.    0.    0.
 432.  472.  481.  505.  604.  730. 1277.  449.    0.    0.
 470.  415.  484.  500.  613.  699. 1289.  480.    0.    0.
 436.  440.  505.  545.  565.  721. 1292.  446.    0.    0.
 463.  459.  501.  510.  585.  671. 1317.  444.    0.    0.
 425.  463.  462.  532.  593.  699. 1334.  442.    0.    0.
 489.  473.  434.  465.  609.  743. 1261.  476.    0.    0.
 463.  454.  451.  514.  564.  753. 1313.  438.    0.    0.
 440.  475.  488.  508.  561.  714. 1310.  454.    0.    0.
 422.  464.  464.  534.  570.  719. 1314.  463.    0.    0.
 464.  438.  470.  517.  549.  740. 1301.  471.    0.    0.
