 452.  498.  457.  506.  586.  751. 1128.  572.    0.    0.
 462.  447.  480.  521.  588.  745. 1286.  421.    0.    0.
 462.  448.  448.  544.  612.  817. 1293.  326.    0.    0.
 470.  442.  471.  479.  536.  787. 1415.  350.    0.    0.
 522.  414.  502.  533.  562.  702. 1128.  587.    0.    0.
 440.  475.  457.  485.  607.  770. 1230.  486.    0.    0.
 453.  427.  487.  545.  553.  813. 1153.  519.    0.    0.
344. 407. 405. 424. 508. 727. 828. 479. 677. 151.
351. 395. 431. 422. 481. 890. 789. 521. 553. 117.
892. 802. 699. 572. 578. 427. 381. 314. 197.  88.
912. 850. 691. 638. 525. 445. 331. 293. 191.  74.
897. 808. 708. 674. 558. 454. 317. 259. 180.  95.
934. 830. 772. 652. 532. 479. 330. 236. 158.  27.
 510.  480.  478.  495.  544.  725. 1460.  258.    0.    0.
 447.  452.  500.  538.  567.  741. 1066.  639.    0.    0.
 479.  462.  480.  534.  604.  677. 1245.  469.    0.    0.
 443.  462.  478.  504.  597.  718. 1295.  453.    0.    0.
 456.  452.  477.  535.  589.  734. 1349.  358.    0.    0.
 418.  447.  497.  514.  593.  731. 1276.  474.    0.    0.
 490.  468.  490.  519.  583.  667. 1299.  434.    0.    0.
 426.  457.  494.  508.  618.  725. 1246.  476.    0.    0.
 445.  424.  518.  477.  601.  739. 1394.  352.    0.    0.
 469.  441.  468.  491.  643.  695. 1477.  266.    0.    0.
 465.  459.  471.  524.  580.  678. 1237.  536.    0.    0.
 478.  467.  478.  500.  581.  684. 1501.  261.    0.    0.
 425.  443.  481.  528.  588.  741. 1377.  367.    0.    0.
 460.  480.  485.  480.  591.  721. 1354.  379.    0.    0.
 430.  472.  482.  523.  551.  734. 1276.  482.    0.    0.
 461.  484.  492.  503.  586.  736. 1344.  344.    0.    0.
 445.  462.  456.  523.  563.  721. 1328.  452.    0.    0.
 463.  455.  496.  479.  573.  759. 1314.  411.    0.    0.
277. 664. 786. 975. 781. 526. 419. 367. 155.   0.
 301.  663.  817. 1118.  926.  436.  350.  235.  104.    0.
435. 882. 660. 689. 680. 557. 514. 360. 166.   7.
308. 723. 859. 947. 847. 580. 370. 204. 112.   0.
461. 685. 891. 834. 727. 481. 346. 297. 193.  35.
389. 941. 974. 872. 723. 525. 327. 135.  64.   0.
364. 673. 812. 954. 771. 431. 452. 327. 166.   0.
318. 700. 702. 932. 809. 482. 401. 398. 200.   8.
439. 860. 895. 699. 554. 456. 480. 330. 212.  25.
