 417.  441.  794. 1026.  688.  620.  349.  198.  345.   72.
 409.  691.  491.  551.  613. 1078.  740.  312.   65.    0.
 462.  449.  489.  526.  650.  646. 1271.  457.    0.    0.
 490.  561.  648.  678. 1017. 1028.  346.  150.   32.    0.
456. 497. 636. 623. 663. 679. 626. 565. 176.  29.
465. 503. 541. 724. 842. 870. 483. 267. 197.  58.
 494.  552.  610.  841. 1055.  689.  427.  206.   73.    3.
791. 823. 801. 691. 498. 511. 488. 218. 116.  13.
695. 917. 818. 740. 596. 411. 373. 259. 135.   6.
615. 979. 837. 674. 587. 467. 369. 202. 160.  60.
 503. 1018.  826.  658.  596.  478.  391.  252.  163.   65.
594. 773. 826. 715. 616. 528. 484. 283. 122.   9.
443. 506. 521. 611. 681. 994. 753. 406.  35.   0.
872. 889. 766. 615. 546. 465. 358. 262. 136.  41.
471. 944. 780. 624. 552. 487. 307. 364. 177. 244.
 632. 1015.  728.  589.  492.  508.  400.  328.  192.   66.
 516. 1062.  802.  717.  550.  493.  322.  246.  191.   51.
870. 908. 725. 654. 547. 457. 344. 259. 131.  55.
469. 434. 518. 589. 791. 727. 508. 773. 141.   0.
 490.  726.  701.  765. 1196.  663.  329.   68.   12.    0.
895. 826. 758. 643. 512. 474. 394. 224. 155.  69.
358. 411. 437. 498. 502. 741. 737. 421. 708. 137.
 459.  554.  517. 1180.  671.  535.  468.  314.  164.   88.
 570. 1136.  750.  647.  536.  534.  364.  262.  115.   36.
762. 914. 794. 642. 566. 471. 330. 245. 137.  89.
 507. 1053.  887.  652.  580.  494.  401.  271.   90.   15.
947. 926. 766. 660. 542. 426. 327. 220.  89.  47.
808. 881. 711. 695. 545. 483. 342. 228. 184.  73.
407. 466. 498. 544. 813. 924. 633. 549. 116.   0.
457. 476. 531. 635. 768. 926. 636. 483.  38.   0.
896. 801. 805. 624. 539. 468. 354. 231. 187.  45.
976. 815. 702. 577. 515. 483. 379. 301. 176.  26.
917. 772. 715. 699. 552. 433. 336. 292. 139.  95.
923. 823. 641. 595. 490. 472. 387. 341. 213.  65.
893. 795. 689. 641. 519. 482. 339. 294. 204.  94.
515. 832. 962. 907. 585. 486. 304. 195. 149.  15.
433. 857. 956. 752. 553. 463. 366. 275. 170. 125.
385. 398. 423. 450. 862. 778. 502. 430. 531. 191.
 389.  413.  487.  517. 1152.  627.  524.  366.  218.  257.
 401.  330.  397.  495.  523.  500. 1097.  690.  369.  148.
348. 421. 444. 456. 471. 871. 719. 478. 610. 132.
 765. 1007.  792.  729.  536.  432.  284.  214.  140.   51.
 500.  537.  505. 1272.  702.  557.  471.  366.   40.    0.
745. 927. 902. 667. 573. 426. 366. 186. 110.  48.
947. 876. 778. 711. 560. 405. 280. 226. 120.  47.
993. 927. 796. 636. 495. 418. 306. 224. 104.  51.
944. 878. 802. 699. 516. 474. 316. 194.  92.  35.
385. 434. 480. 498. 438. 760. 549. 490. 795. 121.
648. 890. 752. 612. 599. 427. 379. 339. 202. 102.
912. 915. 778. 681. 554. 462. 294. 217.  80.  57.
903. 824. 743. 610. 543. 443. 389. 265. 160.  70.
934. 882. 725. 635. 525. 465. 372. 262. 105.  45.
351. 421. 436. 491. 535. 942. 565. 384. 675. 150.
 553.  610.  624.  994. 1116.  606.  395.   52.    0.    0.
6.090e+02 8.210e+02 1.098e+03 9.920e+02 7.000e+02 3.910e+02 2.110e+02
 9.500e+01 3.200e+01 1.000e+00
930. 808. 822. 639. 509. 486. 345. 214. 143.  54.
858. 888. 742. 632. 564. 478. 336. 251. 156.  45.
 602. 1015.  791.  694.  533.  472.  338.  254.  186.   65.
941. 835. 642. 538. 494. 512. 444. 322. 184.  38.
520. 988. 666. 584. 507. 453. 386. 291. 272. 283.
884. 834. 712. 597. 517. 473. 392. 300. 175.  66.
 459. 1151.  764.  702.  565.  461.  340.  284.  144.   80.
464. 598. 713. 947. 993. 714. 478.  43.   0.   0.
694. 709. 821. 813. 674. 457. 364. 222. 175.  21.
922. 826. 736. 623. 562. 439. 361. 256. 168.  57.
