 470.  503.  554.  561.  651. 1068.  637.  379.  127.    0.
507. 957. 815. 606. 562. 493. 397. 303. 245.  65.
511. 991. 702. 621. 565. 432. 394. 404. 262.  68.
658. 708. 682. 763. 500. 524. 587. 379. 139.  10.
 435.  461.  493.  559.  572.  811. 1403.  216.    0.    0.
 446.  454.  472.  548.  669.  758. 1306.  297.    0.    0.
444. 471. 684. 902. 735. 650. 914. 150.   0.   0.
760. 719. 625. 646. 708. 553. 353. 302. 259.  25.
889. 864. 747. 652. 567. 446. 324. 253. 145.  63.
418. 613. 803. 842. 690. 696. 731. 157.   0.   0.
878. 852. 787. 734. 574. 432. 335. 192. 111.  55.
848. 772. 689. 604. 580. 475. 402. 288. 212.  80.
860. 811. 684. 595. 535. 434. 428. 334. 197.  72.
393. 599. 674. 667. 769. 820. 844. 182.   2.   0.
 460.  441.  485.  536.  561.  730. 1327.  410.    0.    0.
437. 535. 625. 660. 974. 707. 578. 339.  95.   0.
449. 531. 554. 626. 892. 840. 530. 379. 149.   0.
 438.  450.  508.  516.  574.  778. 1242.  444.    0.    0.
 451.  433.  475.  523.  565.  756. 1277.  470.    0.    0.
 447.  453.  525.  497.  555.  705. 1267.  501.    0.    0.
 419.  439.  506.  508.  590.  721. 1327.  440.    0.    0.
 422.  471.  453.  521.  594.  760. 1328.  401.    0.    0.
 424.  436.  514.  490.  595.  737. 1310.  444.    0.    0.
 416.  464.  464.  522.  607.  724. 1341.  412.    0.    0.
 463.  473.  512.  555.  584.  710. 1154.  499.    0.    0.
 420.  466.  495.  514.  606.  730. 1253.  466.    0.    0.
 484.  412.  506.  500.  597.  742. 1311.  398.    0.    0.
 452.  479.  489.  534.  553.  727. 1236.  480.    0.    0.
 435.  472.  467.  505.  595.  755. 1275.  446.    0.    0.
 458.  500.  477.  475.  530.  751. 1332.  427.    0.    0.
 453.  443.  508.  518.  585.  749. 1178.  516.    0.    0.
442. 446. 463. 566. 626. 966. 819. 583.  39.   0.
 450.  435.  429.  541.  628.  685. 1378.  404.    0.    0.
