521. 772. 762. 901. 793. 606. 394. 149.  52.   0.
 381.  746.  865. 1016.  919.  548.  279.  127.   69.    0.
491. 775. 801. 733. 826. 696. 449. 158.  21.   0.
 450.  441.  488.  577.  595.  851. 1115.  433.    0.    0.
 468.  406.  484.  558.  578.  793. 1059.  604.    0.    0.
 409.  427.  514.  488.  605.  737. 1241.  529.    0.    0.
 467.  786.  776. 1159.  913.  555.  205.   75.   14.    0.
420. 783. 828. 931. 813. 660. 258. 226.  31.   0.
583. 938. 782. 755. 808. 684. 321.  79.   0.   0.
 474.  466.  506.  536.  651.  893. 1049.  375.    0.    0.
 433.  479.  470.  522.  599.  874. 1090.  483.    0.    0.
 425.  483.  471.  520.  575.  753. 1372.  351.    0.    0.
 384.  762.  706. 1005.  982.  589.  288.  162.   72.    0.
408. 822. 900. 952. 801. 530. 303. 162.  72.   0.
596. 993. 875. 957. 874. 504. 140.  11.   0.   0.
 457.  481.  471.  492.  637.  812. 1089.  511.    0.    0.
 428.  480.  487.  531.  593.  800. 1098.  533.    0.    0.
 496.  421.  486.  514.  555.  729. 1184.  565.    0.    0.
443. 740. 625. 918. 905. 706. 298. 204. 111.   0.
 449.  720.  712. 1017.  874.  644.  311.  178.   45.    0.
582. 956. 744. 778. 842. 688. 295.  65.   0.   0.
 457.  434.  458.  528.  607.  913. 1118.  435.    0.    0.
 461.  473.  464.  521.  557.  952. 1107.  415.    0.    0.
 450.  439.  499.  533.  570.  701. 1198.  560.    0.    0.
417. 805. 803. 955. 839. 545. 337. 180.  69.   0.
394. 816. 848. 922. 790. 629. 334. 174.  43.   0.
482. 721. 770. 771. 815. 700. 459. 201.  31.   0.
471. 506. 524. 531. 578. 670. 975. 695.   0.   0.
 449.  450.  499.  482.  643.  821. 1141.  465.    0.    0.
 431.  468.  463.  495.  577.  731. 1282.  503.    0.    0.
 442.  762.  677. 1018.  938.  635.  317.  138.   23.    0.
405. 699. 789. 966. 843. 625. 371. 205.  47.   0.
508. 849. 837. 772. 862. 659. 342. 114.   7.   0.
 468.  451.  471.  516.  606.  892. 1255.  291.    0.    0.
 447.  440.  477.  480.  613.  849. 1172.  472.    0.    0.
 408.  482.  463.  525.  573.  725. 1256.  518.    0.    0.
 513.  788.  783. 1156.  913.  500.  216.   54.   27.    0.
370. 709. 789. 918. 918. 577. 402. 171.  96.   0.
547. 909. 820. 876. 904. 628. 236.  30.   0.   0.
 448.  488.  481.  537.  633.  910. 1110.  343.    0.    0.
 456.  434.  457.  539.  640.  803. 1138.  483.    0.    0.
 459.  447.  462.  524.  620.  754. 1295.  389.    0.    0.
463. 745. 664. 884. 880. 653. 398. 218.  45.   0.
387. 745. 886. 988. 869. 565. 306. 164.  40.   0.
575. 855. 782. 865. 955. 629. 269.  20.   0.   0.
 448.  444.  472.  506.  639.  748. 1124.  569.    0.    0.
 433.  460.  487.  505.  613.  870. 1091.  491.    0.    0.
 485.  399.  475.  547.  571.  741. 1138.  594.    0.    0.
 435.  742.  780. 1121.  919.  572.  264.   99.   18.    0.
420. 802. 724. 932. 989. 682. 281. 103.  17.   0.
512. 961. 943. 768. 759. 627. 300.  78.   2.   0.
 466.  439.  459.  538.  632.  842. 1073.  501.    0.    0.
 432.  487.  471.  510.  617.  762. 1065.  606.    0.    0.
 438.  460.  483.  522.  601.  736. 1284.  426.    0.    0.
 479.  757.  753. 1034. 1019.  565.  176.  141.   26.    0.
413. 751. 890. 968. 805. 606. 314. 154.  49.   0.
516. 788. 769. 721. 792. 700. 485. 169.  10.   0.
 478.  490.  502.  487.  624.  880. 1027.  462.    0.    0.
 436.  428.  499.  488.  611.  870. 1120.  498.    0.    0.
 462.  493.  511.  494.  546.  635. 1213.  596.    0.    0.
375. 720. 711. 947. 902. 672. 327. 183. 113.   0.
 387.  792.  848. 1021.  828.  514.  302.  160.   98.    0.
534. 788. 755. 767. 845. 737. 380. 142.   2.   0.
 450.  443.  491.  514.  596.  827. 1051.  578.    0.    0.
462. 428. 461. 503. 636. 887. 994. 579.   0.   0.
 443.  470.  507.  538.  581.  752. 1301.  358.    0.    0.
454. 806. 729. 946. 890. 579. 341. 168.  37.   0.
371. 810. 976. 994. 778. 532. 314. 141.  34.   0.
619. 862. 774. 976. 961. 554. 191.  13.   0.   0.
 486.  467.  446.  528.  641.  931. 1091.  360.    0.    0.
 455.  442.  460.  503.  578.  803. 1063.  646.    0.    0.
 440.  448.  471.  508.  593.  718. 1382.  390.    0.    0.
 496.  788.  767.  986. 1030.  561.  204.   97.   21.    0.
448. 861. 959. 947. 802. 564. 264.  99.   6.   0.
607. 990. 959. 903. 813. 514. 151.  13.   0.   0.
 446.  480.  477.  489.  546.  711. 1000.  801.    0.    0.
 467.  441.  482.  498.  603.  946. 1169.  344.    0.    0.
 444.  441.  471.  548.  587.  750. 1298.  411.    0.    0.
483. 804. 631. 812. 839. 656. 428. 196. 101.   0.
409. 815. 779. 849. 780. 618. 428. 196.  76.   0.
562. 822. 667. 608. 837. 828. 464. 152.  10.   0.
 457.  444.  466.  530.  639.  870. 1196.  348.    0.    0.
 470.  434.  432.  508.  606.  909. 1135.  456.    0.    0.
 466.  460.  430.  494.  561.  756. 1312.  471.    0.    0.
480. 720. 632. 932. 978. 645. 310. 198.  55.   0.
 419.  837.  860. 1034.  796.  596.  246.  142.   20.    0.
546. 854. 753. 660. 790. 734. 410. 198.   5.   0.
 424.  476.  439.  545.  584.  876. 1049.  557.    0.    0.
 426.  464.  458.  509.  608.  810. 1134.  541.    0.    0.
 457.  427.  462.  542.  582.  711. 1303.  466.    0.    0.
434. 723. 593. 848. 942. 769. 336. 241.  64.   0.
 451.  751.  887. 1038.  934.  553.  250.   72.   14.    0.
568. 909. 758. 747. 835. 694. 346.  93.   0.   0.
 426.  444.  495.  521.  632.  816. 1115.  501.    0.    0.
 468.  480.  470.  526.  600.  939. 1107.  360.    0.    0.
 425.  439.  510.  504.  589.  748. 1229.  506.    0.    0.
468. 870. 659. 933. 940. 625. 332. 102.  21.   0.
 408.  772.  879. 1033.  886.  543.  307.  118.    4.    0.
 662.  857.  674.  855. 1032.  670.  189.   11.    0.    0.
 431.  443.  491.  520.  604.  822. 1213.  426.    0.    0.
 433.  450.  468.  546.  609.  804. 1105.  535.    0.    0.
 461.  468.  506.  528.  614.  740. 1291.  342.    0.    0.
466. 718. 649. 915. 948. 649. 395. 136.  74.   0.
 487.  834.  722. 1056.  943.  598.  201.   99.   10.    0.
 631. 1039.  772.  726.  789.  645.  307.   41.    0.    0.
 475.  488.  474.  518.  602.  864. 1144.  385.    0.    0.
 436.  445.  506.  515.  608.  933. 1012.  495.    0.    0.
 497.  452.  510.  421.  589.  728. 1173.  580.    0.    0.
495. 769. 775. 961. 854. 626. 280. 157.  33.   0.
410. 800. 724. 931. 968. 638. 333. 123.  23.   0.
512. 800. 790. 623. 767. 731. 476. 239.  12.   0.
 467.  415.  448.  558.  613.  826. 1069.  554.    0.    0.
 442.  419.  521.  530.  589.  879. 1161.  409.    0.    0.
 505.  451.  501.  514.  545.  677. 1119.  638.    0.    0.
