 432.  459.  564.  548.  654.  768. 1060.  465.    0.    0.
 469.  487.  520.  682.  620.  756. 1009.  407.    0.    0.
 447.  548. 1145.  695.  636.  466.  421.  313.  226.   53.
375. 671. 870. 829. 680. 679. 456. 364.  26.   0.
411. 533. 961. 894. 663. 514. 354. 276. 294.  50.
321. 567. 682. 774. 942. 862. 430. 271.  98.   3.
287. 619. 728. 912. 790. 755. 555. 269.  35.   0.
295. 592. 804. 871. 822. 682. 561. 258.  65.   0.
293. 511. 767. 806. 822. 717. 614. 414.   6.   0.
338. 656. 846. 789. 998. 745. 486.  92.   0.   0.
282. 713. 783. 830. 831. 730. 503. 249.  29.   0.
282. 564. 779. 778. 809. 718. 561. 428.  31.   0.
282. 634. 832. 723. 862. 669. 633. 315.   0.   0.
336. 606. 754. 847. 901. 724. 491. 287.   4.   0.
432. 450. 584. 780. 787. 881. 923. 113.   0.   0.
379. 442. 661. 760. 665. 881. 699. 404.  59.   0.
425. 516. 703. 892. 649. 853. 726. 186.   0.   0.
 460.  445.  464.  554.  641.  755. 1277.  354.    0.    0.
 463.  466.  498.  517.  569.  775. 1395.  267.    0.    0.
 427.  435.  482.  511.  612.  727. 1254.  502.    0.    0.
 442.  465.  497.  504.  582.  817. 1029.  614.    0.    0.
 463.  456.  470.  517.  584.  827. 1229.  404.    0.    0.
 477.  478.  518.  515.  526.  704. 1154.  578.    0.    0.
 450.  441.  477.  619.  658. 1015.  670.  564.   56.    0.
 485.  514.  485.  528.  590.  743. 1105.  500.    0.    0.
 432.  474.  485.  533.  623.  844. 1145.  414.    0.    0.
 431.  710.  782.  848. 1083.  827.  244.   25.    0.    0.
 473.  722.  682. 1101. 1163.  631.  171.    7.    0.    0.
 381.  805.  740. 1053.  990.  715.  260.    6.    0.    0.
 493.  679.  706.  895. 1082.  809.  236.   50.    0.    0.
 436.  463.  442.  530.  580.  718. 1332.  449.    0.    0.
276. 748. 764. 776. 806. 746. 490. 237.  95.  12.
268. 674. 556. 623. 890. 884. 687. 287.  70.  11.
295. 624. 666. 491. 808. 869. 743. 341.  91.  22.
382. 888. 846. 623. 481. 464. 460. 479. 188. 139.
357. 813. 774. 685. 672. 627. 541. 326. 147.   8.
