 464.  434.  504.  454.  489. 1046.  870.  516.  173.    0.
700. 996. 767. 736. 605. 425. 274. 235. 144.  68.
451. 808. 942. 646. 631. 452. 356. 317. 184. 163.
 947. 1010.  874.  731.  541.  365.  271.  127.   77.    7.
886. 827. 676. 622. 512. 492. 358. 322. 186.  69.
969. 856. 765. 729. 603. 387. 265. 205. 136.  35.
 438.  421. 1044.  719.  530.  449.  458.  335.  248.  308.
735. 716. 618. 461. 373. 347. 443. 389. 365. 503.
646. 837. 671. 606. 548. 487. 347. 396. 313.  99.
902. 858. 792. 671. 534. 430. 375. 204. 125.  59.
943. 829. 731. 644. 546. 455. 366. 266. 135.  35.
855. 770. 623. 564. 499. 455. 380. 427. 284.  93.
849. 726. 736. 539. 539. 442. 452. 323. 232. 112.
675. 655. 603. 540. 520. 471. 400. 293. 388. 405.
2459.    0.    0.    0.    0.    0.    0.    0.    0. 2491.
933. 844. 747. 616. 528. 500. 348. 244. 155.  35.
2475.    0.    0.    0.    0.    0.    0.    0.    0. 2475.
910. 833. 722. 610. 548. 455. 381. 269. 168.  54.
