 515.  682. 1053.  866.  649.  459.  368.  247.   96.   15.
 388.  435.  468.  506.  501. 1097.  635.  513.  356.   51.
 419.  411.  502.  423.  529.  796. 1049.  636.  161.   24.
964. 858. 728. 632. 548. 486. 361. 252. 100.  21.
461. 469. 531. 891. 716. 514. 539. 606. 157.  66.
 400.  435.  523.  586.  633.  799. 1048.  353.  141.   32.
574. 721. 798. 772. 625. 473. 423. 376. 178.  10.
416. 451. 502. 508. 561. 960. 623. 467. 372.  90.
 392.  442.  477.  443.  557.  590. 1061.  753.  210.   25.
969. 892. 768. 659. 608. 421. 327. 193. 102.  11.
 452.  480.  532.  961. 1039.  575.  375.  324.  198.   14.
454. 429. 433. 485. 575. 963. 989. 375. 201.  46.
 544.  796. 1078.  842.  594.  469.  385.  190.   49.    3.
 395.  444.  520.  546.  502. 1063.  683.  481.  308.    8.
 406.  435.  442.  500.  593.  735. 1127.  546.  124.   42.
1008.  928.  824.  697.  550.  407.  302.  156.   60.   18.
393. 491. 544. 850. 786. 544. 521. 465. 258.  98.
 398.  460.  488.  527.  581.  697. 1069.  510.  172.   48.
