380. 785. 751. 883. 944. 643. 399. 163.   2.   0.
427. 478. 929. 703. 577. 473. 437. 364. 216. 346.
245. 602. 729. 848. 826. 711. 552. 274. 132.  31.
365. 763. 766. 889. 737. 765. 495. 170.   0.   0.
244. 524. 719. 738. 768. 651. 710. 396. 145.  55.
426. 736. 961. 751. 755. 610. 402. 266.  43.   0.
429. 819. 882. 802. 856. 731. 297. 127.   7.   0.
278. 607. 736. 945. 811. 707. 440. 286. 116.  24.
263. 598. 836. 894. 859. 691. 503. 256.  45.   5.
303. 449. 626. 718. 800. 603. 525. 515. 373.  38.
230. 623. 661. 742. 734. 817. 652. 320. 137.  34.
427. 503. 917. 711. 618. 473. 393. 328. 272. 308.
353. 617. 575. 629. 799. 938. 769. 270.   0.   0.
363. 801. 802. 872. 852. 684. 470. 106.   0.   0.
304. 596. 830. 953. 780. 553. 519. 395.  20.   0.
519. 547. 535. 855. 829. 791. 703. 171.   0.   0.
 584.  699. 1114.  844.  665.  390.  305.  205.  126.   18.
 350.  497.  703. 1039.  770.  649.  627.  261.   54.    0.
 688. 1043.  765.  625.  567.  476.  368.  269.  116.   33.
526. 867. 936. 718. 691. 433. 322. 217. 136. 104.
481. 639. 798. 825. 833. 727. 440. 201.   6.   0.
515. 728. 748. 683. 576. 519. 477. 418. 238.  48.
631. 989. 838. 613. 622. 432. 376. 257. 161.  31.
558. 877. 955. 687. 562. 483. 416. 309.  99.   4.
 566. 1052.  766.  641.  556.  516.  437.  258.  158.    0.
511. 837. 883. 792. 694. 507. 368. 245. 107.   6.
 413.  517.  616.  589.  741. 1092.  625.  299.   58.    0.
553. 777. 902. 663. 555. 540. 504. 316. 118.  22.
 475.  498.  511.  546.  632.  689. 1151.  448.    0.    0.
 354.  388.  381.  492.  457.  453.  531. 1365.  381.  148.
275. 555. 844. 767. 726. 747. 531. 384. 121.   0.
330. 550. 760. 691. 822. 771. 522. 357. 121.  26.
374. 714. 851. 681. 595. 410. 430. 507. 322.  66.
296. 672. 762. 812. 772. 518. 486. 350. 272.  10.
238. 671. 888. 901. 873. 700. 452. 162.  50.  15.
 424.  755. 1003.  738.  692.  414.  410.  208.  240.   66.
330. 581. 804. 879. 902. 558. 421. 329. 127.  19.
313. 575. 840. 776. 759. 618. 425. 467. 155.  22.
