 397.  754.  734.  986. 1059.  715.  286.   19.    0.    0.
 433. 1065. 1362. 1040.  641.  293.  110.    6.    0.    0.
 600. 1170. 1349. 1070.  513.  172.   64.   12.    0.    0.
406. 516. 824. 790. 730. 853. 588. 243.   0.   0.
 659. 1132.  878.  775.  613.  397.  248.  165.   75.    8.
899. 882. 770. 675. 583. 415. 337. 222. 128.  39.
 608. 1063.  864.  747.  581.  435.  323.  210.   99.   20.
457. 552. 737. 887. 629. 559. 506. 354. 212.  57.
 617. 1060. 1003.  776.  560.  411.  255.  174.   83.   11.
 591. 1022.  988.  799.  587.  438.  262.  163.   84.   16.
412. 479. 839. 778. 789. 801. 442. 333.  77.   0.
713. 976. 732. 671. 593. 471. 366. 257. 137.  34.
899. 809. 715. 571. 511. 488. 400. 277. 211.  69.
 633. 1022.  879.  698.  574.  444.  331.  232.   97.   40.
 422.  661. 1063.  846.  698.  553.  346.  248.  113.    0.
 620. 1107.  907.  624.  518.  408.  348.  279.  135.    4.
 580. 1033. 1024.  693.  595.  424.  324.  181.   88.    8.
 465.  868. 1258.  732.  650.  417.  323.  187.   50.    0.
6.490e+02 1.176e+03 8.650e+02 5.360e+02 5.360e+02 4.910e+02 4.210e+02
 2.140e+02 6.100e+01 1.000e+00
 621. 1125.  965.  730.  581.  440.  290.  154.   44.    0.
 529.  669. 1146.  938.  585.  471.  293.  214.  105.    0.
 692. 1076.  852.  710.  610.  392.  306.  244.   68.    0.
 601. 1164. 1050.  672.  485.  397.  331.  182.   60.    8.
 430.  817. 1136.  779.  628.  459.  350.  288.   63.    0.
 633. 1164.  999.  808.  561.  365.  277.  121.   22.    0.
 492. 1005. 1015.  761.  599.  422.  287.  203.  145.   21.
 496.  883. 1046.  624.  601.  510.  405.  334.   51.    0.
 536. 1098.  907.  682.  546.  453.  377.  249.   88.   14.
 625. 1071.  899.  662.  619.  489.  338.  186.   57.    4.
