 443.  440.  455.  521.  614.  700. 1352.  425.    0.    0.
 433.  480.  504.  502.  588.  694. 1300.  449.    0.    0.
 440.  495.  492.  536.  615.  710. 1161.  501.    0.    0.
 462.  471.  418.  495.  632.  695. 1322.  455.    0.    0.
1.01e+03 9.38e+02 8.48e+02 7.20e+02 5.60e+02 3.81e+02 2.40e+02 1.57e+02
 9.50e+01 1.00e+00
968. 874. 711. 674. 576. 421. 327. 266. 117.  16.
920. 820. 738. 600. 532. 494. 376. 254. 154.  62.
974. 967. 758. 682. 530. 403. 314. 204.  93.  25.
878. 779. 688. 628. 596. 420. 337. 291. 234.  99.
904. 776. 634. 608. 546. 425. 356. 340. 247. 114.
958. 864. 825. 683. 520. 448. 319. 205. 109.  19.
963. 828. 679. 637. 541. 501. 370. 236. 150.  45.
922. 766. 742. 628. 527. 482. 334. 270. 217.  62.
 355.  637.  591.  613.  847. 1035.  711.  161.    0.    0.
 290.  520.  521.  572.  680. 1012.  685.  427.  151.   92.
347. 563. 559. 613. 747. 988. 926. 207.   0.   0.
334. 627. 524. 613. 698. 965. 876. 313.   0.   0.
287. 670. 622. 811. 896. 786. 515. 267.  87.   9.
381. 603. 588. 639. 699. 957. 791. 292.   0.   0.
276. 642. 624. 665. 876. 878. 550. 299. 107.  33.
258. 599. 681. 814. 732. 791. 630. 286. 112.  47.
265. 586. 538. 645. 903. 861. 579. 348. 154.  71.
267. 646. 552. 557. 751. 987. 704. 300. 143.  43.
