 425.  468.  504.  530.  563.  728. 1292.  440.    0.    0.
 456.  472.  497.  507.  579.  702. 1280.  457.    0.    0.
 428.  476.  461.  504.  585.  710. 1332.  454.    0.    0.
 458.  430.  469.  526.  565.  726. 1329.  447.    0.    0.
 330.  342. 1088.  753. 1191.  380.  621.  245.    0.    0.
 467.  427.  530.  488.  611.  727. 1258.  442.    0.    0.
974. 960. 789. 670. 541. 351. 306. 180. 127.  52.
908. 864. 731. 648. 571. 438. 354. 257. 138.  41.
 376.  383.  387.  473.  480.  455.  598. 1268.  394.  136.
 471.  448.  531.  522.  587.  699. 1277.  415.    0.    0.
866. 825. 739. 613. 550. 451. 378. 267. 167.  94.
946. 822. 742. 555. 515. 433. 370. 314. 165.  88.
 382.  398.  394.  451.  562.  520.  493. 1332.  346.   72.
 450.  446.  491.  534.  565.  701. 1297.  466.    0.    0.
950. 789. 710. 684. 563. 414. 322. 286. 195.  37.
906. 816. 772. 652. 499. 494. 332. 283. 153.  43.
 373.  396.  401.  441.  483.  487.  531. 1290.  402.  146.
 480.  483.  501.  546.  550.  721. 1264.  405.    0.    0.
948. 844. 758. 640. 550. 469. 382. 226. 112.  21.
924. 843. 711. 606. 503. 464. 387. 279. 181.  52.
 386.  440.  405.  435.  415.  487.  529. 1233.  448.  172.
 453.  452.  468.  524.  562.  724. 1320.  447.    0.    0.
931. 851. 785. 712. 498. 477. 320. 201. 106.  69.
942. 843. 833. 670. 532. 449. 326. 176. 119.  60.
 360.  389.  434.  462.  469.  492.  591. 1271.  382.  100.
