461. 624. 791. 829. 748. 590. 448. 273. 186.   0.
763. 753. 738. 691. 637. 597. 467. 235.  69.   0.
804. 829. 698. 602. 567. 576. 453. 278. 122.  21.
839. 807. 664. 640. 501. 444. 434. 247. 284.  90.
864. 846. 787. 636. 576. 434. 337. 269. 141.  60.
695. 716. 680. 697. 710. 671. 538. 215.  28.   0.
695. 975. 794. 652. 559. 434. 380. 243. 138.  80.
 453.  463.  464.  495.  595.  757. 1357.  366.    0.    0.
622. 702. 853. 668. 774. 646. 390. 219.  76.   0.
926. 790. 680. 699. 568. 426. 399. 323. 115.  24.
928. 815. 683. 610. 542. 460. 357. 289. 191.  75.
953. 754. 706. 665. 600. 431. 343. 230. 184.  84.
721. 599. 539. 565. 666. 630. 890. 306.  34.   0.
776. 707. 720. 725. 603. 596. 511. 245.  67.   0.
892. 894. 745. 695. 621. 522. 340. 179.  52.  10.
829. 789. 606. 554. 601. 429. 395. 323. 215. 209.
 450.  458.  462.  542.  579.  721. 1258.  480.    0.    0.
939. 815. 676. 616. 517. 454. 419. 324. 145.  45.
