 383.  476.  502.  782. 1047.  651.  469.  306.  334.    0.
 482. 1167.  897.  781.  576.  438.  313.  200.   72.   24.
 387.  405.  422.  434.  492. 1085.  655.  457.  501.  112.
765. 932. 662. 522. 499. 457. 446. 364. 239.  64.
842. 768. 792. 647. 488. 539. 321. 280. 224.  49.
492. 931. 738. 720. 549. 514. 403. 287. 217.  99.
701. 980. 597. 518. 480. 456. 399. 369. 315. 135.
 425.  464.  531. 1059.  688.  555.  444.  375.  312.   97.
 468.  515.  825. 1072.  672.  541.  400.  286.  124.   47.
 456.  516.  663.  651. 1102.  747.  405.  235.  139.   36.
 476.  502.  615. 1306.  829.  546.  367.  197.   72.   40.
473. 875. 900. 776. 632. 598. 419. 232.  45.   0.
540. 863. 778. 342. 361. 527. 757. 511. 271.   0.
370. 540. 531. 773. 771. 882. 667. 365.  39.  12.
 481.  543.  798. 1011.  898.  726.  466.   27.    0.    0.
874. 891. 752. 676. 550. 458. 333. 269. 132.  15.
 488.  531.  541.  533.  601.  859. 1277.  120.    0.    0.
 452.  415.  471.  547.  579.  810. 1315.  361.    0.    0.
460. 622. 806. 916. 674. 572. 411. 294. 151.  44.
 405.  524.  698.  857. 1076.  650.  346.  259.  124.   11.
312. 757. 895. 932. 927. 677. 316. 106.  28.   0.
 498.  605.  796.  853. 1044.  866.  260.   28.    0.    0.
402. 524. 469. 971. 911. 801. 536. 316.  20.   0.
843. 866. 802. 657. 570. 437. 355. 250. 122.  48.
360. 446. 437. 525. 817. 784. 529. 492. 502.  58.
414. 439. 477. 483. 892. 622. 544. 477. 494. 108.
554. 527. 619. 577. 503. 437. 459. 332. 849.  93.
481. 986. 793. 624. 512. 476. 417. 326. 227. 108.
 460.  553. 1001.  748.  640.  452.  410.  293.  256.  137.
828. 864. 727. 624. 559. 455. 347. 285. 194.  67.
933. 831. 727. 582. 544. 485. 395. 261. 149.  43.
900. 846. 791. 670. 540. 461. 310. 210. 158.  64.
912. 902. 767. 712. 608. 374. 311. 198. 126.  40.
375. 414. 456. 509. 933. 645. 509. 373. 374. 362.
925. 816. 673. 604. 524. 454. 414. 325. 159.  56.
