490. 836. 815. 685. 597. 496. 364. 283. 213. 171.
639. 861. 743. 578. 487. 436. 481. 309. 245. 171.
726. 956. 684. 680. 524. 444. 377. 238. 209. 112.
472. 824. 924. 681. 581. 494. 407. 340. 163.  64.
426. 443. 463. 552. 955. 756. 508. 438. 409.   0.
 425.  434.  460.  570. 1096.  763.  495.  381.  326.    0.
473. 491. 549. 715. 911. 718. 586. 338. 167.   2.
503. 928. 796. 608. 507. 508. 455. 367. 205.  73.
 511. 1001.  926.  716.  598.  447.  323.  241.  126.   61.
785. 897. 659. 628. 527. 442. 393. 363. 207.  49.
428. 401. 474. 556. 987. 845. 637. 324. 298.   0.
495. 809. 921. 606. 525. 519. 418. 371. 247.  39.
423. 442. 495. 501. 719. 867. 687. 545. 271.   0.
 436.  439.  472.  523.  548. 1191.  782.  389.  170.    0.
467. 477. 563. 877. 843. 629. 403. 342. 304.  45.
425. 600. 877. 783. 569. 522. 422. 351. 276. 125.
383. 435. 429. 566. 593. 790. 815. 728. 191.  20.
450. 495. 585. 812. 749. 581. 446. 390. 442.   0.
422. 485. 506. 733. 972. 594. 441. 447. 310.  40.
815. 913. 783. 693. 586. 432. 312. 229. 131.  56.
875. 839. 676. 602. 505. 419. 372. 336. 232.  94.
433. 414. 416. 509. 509. 954. 687. 732. 279.  17.
 433.  459.  528.  596.  605. 1240.  634.  300.  132.   23.
866. 862. 728. 641. 550. 434. 373. 293. 165.  38.
423. 483. 506. 554. 666. 861. 990. 368.  88.  11.
 390.  429.  498.  487.  573. 1086.  758.  507.  139.   83.
 464.  495. 1074.  689.  478.  453.  446.  331.  265.  255.
474. 496. 577. 754. 662. 535. 519. 296. 586.  51.
943. 852. 760. 566. 536. 497. 376. 261. 119.  40.
434. 497. 499. 505. 693. 866. 572. 788.  96.   0.
 411.  452.  505.  521.  638. 1040.  577.  679.  127.    0.
435. 419. 472. 567. 921. 892. 531. 473. 240.   0.
 407.  444.  510.  563. 1065.  713.  489.  555.  202.    2.
464. 488. 504. 548. 765. 507. 509. 745. 393.  27.
434. 951. 840. 603. 510. 487. 421. 343. 229. 132.
448. 472. 887. 847. 547. 515. 516. 344. 223. 151.
 397.  442.  532.  569. 1044.  632.  532.  392.  380.   30.
422. 415. 499. 504. 531. 715. 969. 895.   0.   0.
448. 469. 532. 627. 995. 758. 529. 408. 184.   0.
463. 451. 545. 598. 977. 719. 489. 465. 243.   0.
448. 480. 488. 559. 707. 927. 686. 453. 202.   0.
450. 523. 732. 981. 626. 530. 518. 314. 233.  43.
