 453.  451.  493.  488.  591.  821. 1169.  484.    0.    0.
 455.  429.  466.  526.  646.  745. 1133.  550.    0.    0.
917. 847. 811. 676. 557. 419. 333. 185. 145.  60.
 475.  503.  522.  646. 1183.  625.  433.  309.  242.   12.
 458.  493.  574. 1115.  933.  604.  410.  264.   99.    0.
 411.  442.  493.  477.  566.  694. 1119.  748.    0.    0.
 475.  698. 1000.  653.  509.  454.  498.  350.  300.   13.
 457.  472.  450.  533.  577.  695. 1312.  454.    0.    0.
 451.  455.  457.  516.  567.  715. 1306.  483.    0.    0.
890. 734. 707. 582. 612. 492. 386. 275. 217.  55.
 481.  518.  616.  706. 1160.  590.  753.  126.    0.    0.
 519.  563.  631.  584. 1074.  681.  772.  126.    0.    0.
 384.  394.  404.  415.  455.  472.  735. 1012.  538.  141.
335. 400. 435. 453. 426. 485. 900. 882. 468. 166.
928. 825. 764. 715. 580. 426. 282. 234. 166.  30.
884. 807. 686. 632. 546. 451. 372. 269. 207.  96.
915. 856. 703. 718. 520. 427. 342. 267. 137.  65.
957. 829. 714. 559. 525. 495. 348. 333. 130.  60.
945. 806. 722. 586. 497. 519. 392. 280. 164.  39.
893. 866. 770. 610. 544. 444. 363. 249. 165.  46.
955. 759. 707. 721. 607. 393. 304. 290. 181.  33.
887. 779. 705. 565. 512. 469. 417. 297. 228.  91.
