 356.  410.  440.  446.  484.  502.  568. 1243.  405.   96.
953. 868. 712. 607. 563. 472. 369. 255. 122.  29.
892. 768. 624. 591. 505. 453. 365. 379. 258. 115.
915. 813. 671. 564. 495. 460. 418. 336. 203.  75.
914. 792. 718. 611. 523. 475. 348. 290. 210.  69.
963. 852. 846. 675. 530. 466. 303. 193.  95.  27.
961. 812. 706. 608. 515. 424. 383. 342. 163.  36.
933. 854. 726. 717. 511. 447. 316. 201. 183.  62.
921. 917. 803. 668. 566. 423. 312. 205. 101.  34.
936. 875. 723. 604. 545. 483. 375. 250. 138.  21.
915. 874. 759. 711. 552. 427. 327. 189. 139.  57.
899. 897. 749. 632. 537. 476. 339. 243. 125.  53.
953. 903. 764. 685. 615. 387. 273. 182. 129.  59.
908. 925. 756. 643. 560. 424. 313. 255. 110.  56.
876. 894. 755. 655. 573. 433. 348. 220. 145.  51.
917. 906. 755. 694. 524. 444. 320. 261. 106.  23.
938. 860. 785. 674. 524. 442. 375. 189. 116.  47.
920. 795. 774. 697. 536. 448. 321. 183. 167. 109.
924. 856. 796. 711. 538. 423. 337. 185. 112.  68.
965. 886. 797. 690. 574. 413. 273. 155. 105.  92.
921. 860. 757. 716. 514. 456. 332. 218. 119.  57.
898. 845. 761. 677. 571. 443. 303. 230. 164.  58.
1005.  886.  801.  726.  581.  389.  268.  184.   89.   21.
900. 854. 672. 635. 505. 506. 368. 294. 147.  69.
938. 764. 663. 611. 523. 436. 408. 311. 205.  91.
861. 868. 689. 569. 518. 468. 405. 291. 196.  85.
965. 905. 788. 695. 563. 420. 313. 211.  70.  20.
911. 775. 754. 610. 534. 472. 385. 254. 178.  77.
885. 867. 741. 694. 536. 457. 321. 246. 141.  62.
934. 822. 841. 698. 550. 439. 273. 196. 158.  39.
880. 849. 712. 631. 629. 399. 334. 267. 160.  89.
888. 800. 680. 552. 496. 454. 421. 335. 231.  93.
945. 952. 820. 701. 553. 418. 280. 162.  87.  32.
939. 754. 714. 612. 492. 510. 402. 265. 191.  71.
883. 765. 672. 532. 462. 503. 389. 368. 245. 131.
872. 769. 654. 595. 529. 438. 400. 325. 215. 153.
891. 751. 683. 679. 545. 465. 349. 238. 241. 108.
895. 846. 734. 680. 586. 448. 323. 188. 151.  99.
915. 847. 768. 706. 570. 433. 271. 242. 138.  60.
959. 827. 734. 665. 561. 472. 307. 240. 166.  19.
908. 850. 680. 580. 534. 472. 410. 288. 161.  67.
982. 870. 817. 679. 574. 435. 281. 145. 110.  57.
966. 821. 634. 537. 505. 439. 436. 344. 215.  53.
910. 790. 781. 635. 500. 492. 341. 244. 181.  76.
931. 926. 799. 683. 547. 414. 314. 188. 114.  34.
947. 838. 659. 624. 498. 475. 433. 302. 143.  31.
983. 851. 789. 632. 544. 452. 318. 194. 157.  30.
914. 863. 745. 637. 533. 441. 387. 252. 126.  52.
884. 856. 752. 628. 537. 460. 361. 254. 163.  55.
934. 839. 790. 693. 514. 468. 338. 198. 123.  53.
936. 822. 770. 720. 498. 446. 355. 232. 112.  59.
906. 811. 619. 521. 432. 455. 479. 363. 227. 137.
905. 822. 782. 639. 593. 413. 325. 244. 126. 101.
938. 897. 770. 640. 552. 465. 341. 219.  97.  31.
933. 678. 697. 572. 402. 481. 454. 323. 268. 142.
916. 788. 757. 665. 523. 488. 326. 242. 184.  61.
956. 643. 639. 585. 621. 374. 366. 327. 318. 121.
898. 828. 668. 615. 538. 459. 380. 314. 175.  75.
946. 754. 677. 624. 495. 467. 392. 330. 221.  44.
904. 823. 674. 609. 511. 470. 392. 312. 197.  58.
966. 811. 725. 636. 572. 393. 349. 281. 169.  48.
908. 772. 761. 617. 513. 465. 381. 244. 208.  81.
903. 751. 653. 603. 541. 450. 354. 306. 284. 105.
899. 687. 690. 563. 506. 420. 446. 330. 202. 207.
929. 824. 714. 611. 566. 452. 381. 285. 140.  48.
926. 895. 751. 680. 588. 409. 294. 247. 123.  37.
919. 824. 725. 635. 579. 422. 360. 272. 172.  42.
916. 773. 681. 652. 574. 422. 342. 306. 220.  64.
918. 895. 733. 662. 556. 449. 357. 247. 106.  27.
943. 845. 792. 635. 554. 470. 329. 222. 121.  39.
965. 862. 721. 633. 547. 477. 360. 231. 117.  37.
888. 815. 714. 684. 560. 458. 316. 244. 188.  83.
930. 850. 769. 664. 578. 430. 323. 234. 148.  24.
962. 822. 729. 736. 592. 414. 271. 226. 160.  38.
883. 764. 692. 659. 546. 458. 357. 263. 223. 105.
924. 867. 743. 705. 588. 444. 271. 175. 114. 119.
909. 743. 772. 667. 534. 472. 345. 200. 240.  68.
880. 828. 708. 623. 535. 452. 370. 295. 174.  85.
894. 797. 751. 648. 549. 452. 333. 260. 189.  77.
900. 802. 681. 687. 508. 503. 349. 260. 158. 102.
1012.  815.  655.  603.  508.  476.  402.  344.  127.    8.
948. 841. 774. 687. 534. 466. 317. 216. 146.  21.
905. 826. 734. 648. 505. 462. 374. 273. 153.  70.
1011.  748.  671.  711.  639.  434.  256.  241.  183.   56.
922. 847. 701. 624. 521. 449. 393. 264. 159.  70.
919. 810. 734. 604. 545. 478. 355. 255. 176.  74.
930. 826. 705. 653. 566. 431. 350. 300. 145.  44.
889. 833. 728. 636. 541. 457. 349. 279. 172.  66.
997. 899. 750. 706. 577. 414. 237. 201. 114.  55.
892. 787. 761. 666. 503. 448. 351. 261. 191.  90.
899. 836. 732. 602. 531. 443. 398. 276. 171.  62.
902. 820. 764. 623. 578. 433. 359. 250. 153.  68.
911. 779. 768. 678. 566. 434. 353. 221. 155.  85.
917. 808. 635. 576. 510. 484. 407. 334. 196.  83.
938. 923. 800. 704. 547. 423. 283. 194.  99.  39.
926. 796. 699. 590. 596. 426. 391. 274. 194.  58.
915. 826. 700. 596. 512. 486. 389. 286. 193.  47.
928. 841. 764. 596. 558. 481. 350. 268.  98.  66.
974. 859. 707. 606. 533. 433. 370. 280. 156.  32.
964. 813. 626. 499. 463. 482. 455. 359. 222.  67.
866. 807. 746. 670. 626. 394. 331. 240. 166. 104.
905. 873. 752. 668. 534. 460. 349. 228. 123.  58.
915. 815. 718. 556. 522. 500. 418. 287. 143.  76.
862. 792. 735. 629. 554. 460. 358. 245. 203. 112.
938. 769. 659. 623. 549. 425. 393. 337. 193.  64.
845. 768. 707. 597. 543. 434. 385. 308. 206. 157.
933. 813. 748. 661. 504. 448. 389. 242. 145.  67.
946. 829. 570. 481. 422. 511. 475. 410. 217.  89.
913. 806. 673. 652. 520. 444. 371. 327. 162.  82.
930. 886. 794. 653. 545. 463. 331. 194. 117.  37.
1008.  865.  767.  703.  567.  400.  324.  208.   96.   12.
929. 900. 774. 719. 555. 417. 275. 198. 115.  68.
965. 906. 781. 708. 555. 427. 311. 184.  90.  23.
906. 855. 773. 600. 562. 469. 355. 232. 136.  62.
940. 818. 671. 619. 564. 469. 378. 269. 153.  69.
934. 647. 602. 656. 618. 492. 265. 261. 297. 178.
905. 901. 784. 686. 552. 421. 351. 177. 113.  60.
901. 889. 752. 664. 523. 455. 340. 250. 135.  41.
936. 878. 711. 660. 532. 458. 358. 265. 124.  28.
893. 824. 782. 646. 582. 429. 354. 222. 154.  64.
991. 835. 686. 663. 626. 395. 317. 255. 146.  36.
849. 815. 723. 638. 505. 483. 358. 299. 177. 103.
924. 840. 756. 630. 556. 478. 345. 258. 130.  33.
906. 852. 770. 632. 559. 440. 350. 250. 135.  56.
873. 790. 787. 597. 595. 442. 337. 266. 155. 108.
1036.  799.  700.  648.  611.  468.  331.  198.  117.   42.
904. 827. 674. 619. 534. 432. 386. 309. 194.  71.
881. 849. 730. 648. 531. 475. 339. 270. 161.  66.
983. 884. 781. 622. 534. 464. 368. 188. 111.  15.
878. 812. 730. 668. 551. 440. 348. 259. 184.  80.
914. 833. 765. 612. 573. 436. 341. 250. 153.  73.
892. 743. 675. 663. 525. 480. 313. 280. 243. 136.
893. 874. 770. 666. 557. 444. 313. 245. 143.  45.
923. 821. 735. 682. 583. 432. 314. 240. 169.  51.
871. 863. 715. 603. 523. 443. 414. 275. 170.  73.
936. 883. 769. 623. 553. 491. 341. 220. 101.  33.
989. 834. 810. 714. 495. 466. 322. 164. 121.  35.
874. 811. 752. 610. 580. 425. 372. 259. 182.  85.
950. 881. 815. 644. 495. 463. 342. 193. 124.  43.
282. 527. 629. 958. 916. 687. 399. 355. 137.  60.
