696. 666. 679. 658. 707. 712. 560. 272.   0.   0.
 425.  626. 1138.  918.  795.  598.  379.   71.    0.    0.
730. 663. 682. 684. 653. 796. 489. 253.   0.   0.
393. 573. 974. 883. 821. 753. 416. 137.   0.   0.
568. 657. 487. 481. 462. 603. 635. 909. 148.   0.
416. 467. 498. 537. 597. 896. 832. 707.   0.   0.
620. 736. 665. 681. 544. 437. 469. 387. 362.  49.
 485.  472.  475.  564. 1115.  896.  541.  307.   95.    0.
 456.  461.  494.  634. 1067.  870.  484.  351.  133.    0.
767. 903. 797. 703. 598. 492. 301. 232. 134.  23.
514. 765. 823. 683. 563. 489. 463. 347. 254.  49.
 457.  819. 1005.  720.  639.  529.  426.  251.   96.    8.
462. 467. 502. 533. 610. 934. 977. 465.   0.   0.
453. 480. 522. 577. 805. 904. 558. 425. 226.   0.
448. 446. 555. 616. 974. 881. 487. 391. 152.   0.
 441.  436.  467.  530.  582.  800. 1229.  465.    0.    0.
456. 493. 481. 547. 846. 818. 552. 478. 279.   0.
 446.  439.  544.  593. 1026.  879.  546.  324.  153.    0.
 410.  467.  494.  524.  587.  764. 1179.  525.    0.    0.
412. 596. 954. 798. 928. 715. 425. 122.   0.   0.
440. 545. 564. 704. 788. 864. 653. 358.  34.   0.
434. 657. 850. 848. 867. 735. 429. 130.   0.   0.
497. 603. 612. 617. 802. 868. 539. 370.  42.   0.
