387. 440. 823. 865. 805. 644. 599. 266.  99.  22.
 444.  479.  502.  664. 1180.  581.  507.  399.  194.    0.
 430.  478.  479.  538.  590.  868. 1238.  329.    0.    0.
 437.  573. 1023.  800.  604.  517.  435.  302.  178.   81.
 423.  449.  469.  500.  572.  758. 1304.  475.    0.    0.
392. 384. 718. 861. 834. 545. 726. 294. 143.  53.
 421.  393.  434.  464.  493. 1023.  694.  451.  486.   91.
 393.  464.  423. 1086.  731.  563.  432.  425.  236.  197.
 385.  409.  456. 1007.  740.  582.  433.  344.  256.  338.
396. 411. 529. 873. 746. 596. 401. 376. 311. 311.
423. 467. 506. 910. 689. 572. 477. 318. 287. 301.
 421.  458.  415. 1049.  874.  583.  433.  278.  236.  203.
 402.  406.  464. 1076.  801.  532.  463.  356.  185.  265.
 405.  411.  455. 1042.  800.  559.  427.  351.  323.  177.
 416.  420.  503. 1022.  722.  571.  373.  404.  278.  241.
 394.  389.  514. 1021.  761.  574.  459.  361.  208.  269.
437. 460. 468. 937. 609. 471. 532. 356. 244. 436.
413. 445. 478. 873. 600. 454. 484. 399. 351. 453.
398. 418. 449. 911. 755. 590. 424. 291. 286. 428.
395. 438. 447. 928. 645. 552. 439. 344. 393. 369.
421. 419. 444. 978. 719. 576. 463. 295. 310. 325.
 417.  484.  479. 1016.  748.  548.  475.  373.  167.  243.
 400.  428.  474. 1050.  702.  567.  510.  289.  199.  331.
403. 457. 498. 835. 649. 537. 411. 384. 242. 534.
369. 435. 481. 970. 719. 591. 434. 348. 276. 327.
416. 455. 459. 982. 726. 557. 390. 377. 288. 300.
 455.  514.  547. 1167.  719.  495.  411.  395.  247.    0.
 391.  423.  456. 1060.  716.  539.  479.  373.  262.  251.
 472.  484.  703. 1042.  681.  514.  373.  399.  282.    0.
404. 415. 505. 920. 762. 537. 430. 461. 140. 376.
527. 807. 910. 644. 462. 498. 452. 273. 372.   5.
467. 992. 946. 752. 634. 436. 333. 232. 156.   2.
 453.  587.  573. 1195.  785.  532.  406.  290.  112.   17.
 443.  535.  559.  682. 1027.  649.  517.  322.  176.   40.
 455.  486.  668.  609. 1015.  670.  519.  339.  143.   46.
467. 848. 784. 717. 571. 484. 395. 256. 205. 223.
446. 822. 855. 576. 554. 475. 388. 354. 233. 247.
 490.  456.  516. 1047.  644.  597.  603.  280.  317.    0.
458. 852. 882. 640. 488. 449. 419. 373. 175. 214.
 434.  468.  511. 1166.  851.  610.  375.  260.  275.    0.
907. 775. 658. 568. 545. 439. 421. 364. 228.  45.
903. 808. 709. 598. 512. 479. 399. 281. 194.  67.
940. 837. 771. 577. 606. 405. 400. 254. 132.  28.
939. 829. 727. 697. 581. 419. 325. 247. 138.  48.
951. 850. 680. 583. 517. 447. 377. 303. 181.  61.
