633. 916. 704. 628. 603. 435. 352. 301. 222. 156.
386. 431. 496. 459. 672. 659. 467. 550. 739.  91.
744. 832. 705. 634. 569. 445. 364. 289. 217. 151.
300. 471. 845. 937. 741. 666. 409. 353. 214.  14.
819. 802. 751. 618. 557. 445. 374. 269. 182. 133.
911. 788. 673. 682. 551. 421. 359. 322. 177.  66.
833. 820. 709. 628. 509. 473. 376. 300. 221.  81.
897. 814. 711. 650. 582. 457. 342. 234. 177.  86.
813. 869. 794. 664. 599. 421. 324. 245. 157.  64.
788. 876. 668. 645. 548. 439. 398. 264. 211. 113.
654. 898. 681. 657. 572. 448. 343. 293. 263. 141.
902. 799. 773. 716. 531. 470. 315. 204. 154.  86.
771. 921. 836. 671. 578. 454. 320. 195. 131.  73.
973. 819. 737. 588. 521. 502. 426. 210. 141.  33.
 476. 1033.  815.  672.  553.  475.  423.  256.  166.   81.
 443. 1045.  807.  693.  571.  465.  341.  272.  186.  127.
 436.  453.  472.  509.  580.  723. 1348.  429.    0.    0.
 468. 1092.  795.  666.  555.  470.  364.  302.  150.   88.
 490. 1085.  705.  590.  524.  450.  421.  328.  248.  109.
 452.  423.  468.  539.  586.  711. 1343.  428.    0.    0.
