 473.  825. 1047. 1059.  867.  480.  185.   14.    0.    0.
439. 719. 789. 900. 692. 532. 518. 357.   4.   0.
394. 677. 757. 853. 656. 536. 544. 425. 108.   0.
4.590e+02 7.530e+02 8.610e+02 1.126e+03 8.470e+02 6.120e+02 2.910e+02
 1.000e+00 0.000e+00 0.000e+00
 433.  452.  480.  528.  590.  729. 1356.  382.    0.    0.
323. 779. 948. 883. 894. 624. 383. 116.   0.   0.
 458.  421.  534.  559.  523.  786. 1258.  411.    0.    0.
 424.  446.  479.  516.  568.  744. 1309.  464.    0.    0.
 467.  486.  562.  543.  589.  935. 1082.  286.    0.    0.
 521.  511.  624. 1367.  799.  480.  486.  162.    0.    0.
