621. 992. 878. 639. 562. 469. 349. 256. 145.  39.
362. 461. 486. 496. 619. 882. 774. 565. 266.  39.
589. 906. 719. 482. 541. 406. 396. 395. 278. 238.
 426. 1055.  733.  579.  552.  490.  382.  310.  305.  118.
661. 941. 754. 619. 554. 475. 368. 258. 198. 122.
978. 916. 823. 740. 554. 390. 283. 188.  52.  26.
 446. 1021.  805.  685.  514.  471.  390.  286.  180.  152.
663. 996. 755. 661. 568. 435. 381. 270. 164.  57.
857. 900. 755. 679. 564. 426. 369. 211. 124.  65.
453. 524. 980. 829. 567. 493. 379. 359. 257. 109.
560. 857. 721. 648. 541. 488. 381. 351. 302. 101.
864. 936. 787. 632. 559. 456. 385. 195. 106.  30.
481. 896. 843. 695. 545. 481. 415. 280. 220.  94.
 451.  456.  426.  500.  575.  766. 1374.  339.   63.    0.
 378.  411.  459.  480. 1019.  690.  512.  381.  461.  159.
951. 865. 728. 713. 561. 396. 311. 240. 143.  42.
894. 775. 629. 517. 460. 466. 456. 377. 205. 171.
908. 879. 753. 704. 566. 419. 325. 212. 136.  48.
914. 853. 684. 564. 519. 467. 439. 287. 153.  70.
912. 808. 693. 595. 515. 462. 375. 315. 208.  67.
395. 439. 439. 424. 513. 962. 562. 428. 665. 123.
801. 854. 711. 595. 538. 447. 360. 335. 255.  54.
 416.  404.  462.  428.  560. 1118.  587.  490.  454.   31.
496. 876. 875. 726. 575. 502. 377. 285. 197.  41.
 432. 1004.  751.  726.  567.  554.  425.  238.  187.   66.
 400.  494.  534.  546. 1030.  677.  420.  471.  270.  108.
744. 893. 732. 632. 540. 484. 446. 288. 144.  47.
395. 460. 600. 639. 828. 745. 755. 373. 136.  19.
390. 658. 671. 749. 899. 602. 383. 378. 201.  19.
399. 426. 453. 476. 768. 850. 546. 392. 546.  94.
406. 424. 429. 431. 848. 872. 540. 450. 465.  85.
 503.  802. 1043.  776.  603.  469.  343.  258.  123.   30.
736. 923. 766. 662. 598. 422. 338. 262. 175.  68.
560. 941. 995. 762. 587. 444. 319. 186.  99.  57.
455. 716. 882. 640. 644. 483. 323. 369. 239. 199.
434. 427. 668. 941. 600. 516. 408. 413. 334. 209.
429. 467. 639. 813. 543. 504. 417. 403. 287. 448.
 432.  437.  486.  443. 1014.  627.  406.  358.  258.  489.
 446. 1036.  784.  689.  553.  431.  397.  258.  217.  139.
848. 821. 662. 614. 517. 438. 348. 347. 262.  93.
456. 567. 968. 665. 539. 467. 418. 424. 286. 160.
669. 927. 704. 599. 499. 488. 366. 375. 179. 144.
848. 903. 640. 573. 518. 463. 463. 334. 162.  46.
 385.  463.  500.  494.  584.  715. 1043.  706.   60.    0.
 484. 1037.  832.  701.  613.  480.  352.  269.  154.   28.
 438. 1074.  813.  731.  603.  503.  349.  240.  148.   51.
 289.  706. 1071. 1019.  885.  574.  280.  103.   23.    0.
442. 795. 829. 794. 531. 478. 423. 231. 228. 199.
477. 907. 902. 617. 503. 446. 372. 354. 197. 175.
461. 837. 859. 701. 643. 470. 340. 274. 223. 142.
773. 758. 672. 692. 484. 448. 430. 254. 229. 210.
808. 922. 832. 725. 557. 412. 330. 182. 121.  61.
727. 953. 748. 647. 578. 475. 335. 224. 188.  75.
832. 851. 714. 549. 592. 390. 355. 298. 180. 189.
832. 808. 607. 634. 488. 436. 402. 359. 292.  92.
727. 803. 687. 616. 626. 433. 342. 286. 247. 183.
537. 945. 838. 703. 583. 500. 365. 268. 159.  52.
 527. 1033.  963.  801.  589.  450.  274.  165.  106.   42.
581. 662. 971. 877. 674. 479. 300. 234. 143.  29.
513. 741. 824. 913. 711. 542. 383. 215.  95.  13.
833. 854. 752. 703. 515. 483. 393. 260. 120.  37.
687. 745. 760. 674. 591. 551. 590. 285.  67.   0.
742. 798. 722. 594. 536. 623. 545. 257. 133.   0.
847. 863. 743. 615. 530. 451. 361. 291. 228.  21.
444. 477. 670. 648. 750. 700. 661. 427. 173.   0.
543. 753. 943. 846. 579. 451. 363. 289. 155.  28.
572. 760. 909. 714. 616. 493. 329. 291. 178.  88.
735. 829. 739. 662. 638. 532. 349. 252. 152.  62.
813. 867. 723. 595. 510. 492. 407. 293. 216.  34.
 404.  460.  761. 1029.  715.  561.  358.  292.  219.  151.
761. 789. 790. 662. 500. 490. 420. 248. 207.  83.
688. 709. 655. 666. 578. 486. 373. 356. 321. 118.
717. 813. 724. 608. 489. 485. 423. 399. 173. 119.
 517. 1063.  639.  432.  427.  444.  463.  427.  312.  226.
366. 425. 456. 518. 556. 723. 657. 774. 433.  42.
399. 442. 506. 522. 974. 587. 531. 332. 574.  83.
381. 425. 473. 495. 580. 598. 723. 960. 300.  15.
 459.  714. 1106.  754.  652.  440.  350.  230.  144.  101.
442. 889. 781. 613. 534. 478. 403. 338. 248. 224.
396. 444. 505. 453. 525. 712. 758. 745. 341.  71.
421. 452. 493. 934. 818. 550. 405. 310. 407. 160.
 372.  442.  460.  438.  508.  598. 1011.  819.  263.   39.
838. 813. 591. 514. 479. 437. 414. 370. 297. 197.
456. 477. 436. 440. 939. 617. 511. 428. 348. 298.
491. 841. 665. 659. 605. 433. 400. 366. 460.  30.
 395.  413.  436.  473. 1219.  721.  456.  265.  287.  285.
457. 930. 727. 652. 609. 477. 419. 375. 292.  12.
403. 426. 521. 439. 918. 547. 456. 526. 395. 319.
441. 888. 722. 718. 579. 532. 413. 269. 376.  12.
 400.  439.  452.  469. 1079.  637.  522.  363.  313.  276.
528. 931. 843. 684. 501. 575. 360. 357. 168.   3.
 393.  396.  443.  535. 1058.  612.  475.  398.  337.  303.
527. 909. 741. 624. 535. 516. 543. 305. 245.   5.
415. 437. 492. 495. 819. 508. 504. 368. 318. 594.
449. 931. 703. 699. 677. 477. 380. 311. 292.  31.
468. 447. 818. 734. 606. 463. 358. 361. 293. 402.
731. 827. 744. 493. 416. 538. 332. 306. 451. 112.
431. 503. 799. 650. 582. 444. 438. 338. 384. 381.
680. 835. 758. 624. 612. 421. 384. 428. 159.  49.
417. 498. 792. 725. 682. 518. 352. 314. 385. 267.
683. 813. 704. 582. 641. 475. 326. 335. 237. 154.
417. 458. 899. 900. 585. 466. 442. 330. 240. 213.
686. 713. 727. 596. 545. 463. 381. 248. 378. 213.
418. 448. 821. 852. 654. 562. 357. 317. 266. 255.
640. 788. 681. 617. 486. 469. 369. 424. 280. 196.
398. 465. 825. 835. 636. 526. 382. 383. 255. 245.
775. 861. 779. 657. 531. 502. 430. 199. 167.  49.
 418.  470. 1070.  698.  551.  490.  398.  388.  256.  211.
 427.  460. 1012.  814.  599.  437.  470.  296.  216.  219.
797. 860. 723. 604. 518. 459. 362. 303. 218. 106.
780. 913. 784. 695. 529. 466. 334. 229. 134.  86.
415. 473. 638. 920. 720. 574. 423. 224. 212. 351.
408. 445. 873. 855. 581. 498. 489. 318. 240. 243.
886. 839. 734. 581. 530. 502. 392. 265. 162.  59.
786. 928. 701. 647. 522. 458. 385. 311. 155.  57.
399. 417. 464. 526. 554. 860. 694. 603. 382.  51.
392. 798. 840. 688. 630. 544. 426. 309. 259.  64.
355. 411. 478. 506. 965. 792. 542. 370. 438.  93.
383. 451. 418. 415. 449. 507. 867. 836. 516. 108.
398. 856. 686. 578. 525. 614. 470. 450. 310.  63.
378. 442. 390. 503. 713. 715. 493. 478. 670. 168.
406. 440. 393. 534. 912. 740. 569. 352. 479. 125.
425. 816. 867. 592. 512. 456. 444. 372. 287. 179.
378. 362. 448. 463. 437. 874. 611. 508. 707. 162.
 360.  387.  406.  488.  477.  503. 1015.  752.  479.   83.
395. 465. 416. 486. 490. 908. 845. 670. 271.   4.
485. 657. 991. 813. 628. 467. 389. 295. 186.  39.
474. 572. 943. 923. 660. 477. 420. 278. 153.  50.
417. 873. 886. 714. 536. 505. 378. 317. 195. 129.
 431.  448. 1143.  685.  598.  538.  338.  326.  201.  242.
411. 896. 831. 668. 629. 517. 419. 299. 251.  29.
450. 773. 890. 645. 601. 457. 390. 307. 288. 149.
367. 432. 373. 424. 470. 947. 616. 545. 643. 133.
364. 421. 471. 485. 480. 514. 749. 821. 569.  76.
343. 406. 420. 474. 502. 950. 674. 447. 603. 131.
415. 447. 516. 505. 506. 895. 670. 762. 233.   1.
500. 752. 913. 674. 563. 505. 447. 327. 190.  79.
516. 619. 853. 760. 608. 490. 488. 358. 218.  40.
391. 923. 783. 720. 627. 502. 422. 311. 218.  53.
 454.  937. 1032.  755.  624.  456.  292.  241.  108.   51.
 430.  503. 1156.  745.  684.  491.  313.  274.  214.  140.
 413.  445.  398.  524. 1260.  828.  450.  258.  289.   85.
416. 719. 932. 677. 597. 491. 355. 340. 212. 211.
359. 390. 429. 472. 492. 770. 745. 496. 635. 162.
408. 431. 490. 509. 470. 577. 885. 752. 355.  73.
 372.  457.  495.  441.  491.  671. 1058.  737.  218.   10.
495. 727. 925. 777. 616. 478. 372. 317. 199.  44.
 463.  603. 1035.  898.  615.  545.  374.  239.  126.   52.
441. 926. 896. 684. 596. 473. 347. 318. 172.  97.
 443.  672. 1071.  791.  555.  517.  375.  238.  176.  112.
410. 990. 783. 674. 622. 481. 454. 307. 196.  33.
430. 713. 918. 666. 543. 468. 424. 337. 226. 225.
393. 417. 492. 480. 502. 736. 618. 404. 777. 131.
364. 424. 452. 453. 516. 469. 811. 934. 436.  91.
372. 395. 421. 481. 462. 817. 765. 513. 608. 116.
379. 395. 500. 489. 521. 665. 938. 781. 281.   1.
 467.  676. 1041.  803.  658.  491.  345.  266.  162.   41.
506. 579. 895. 974. 665. 531. 373. 218. 157.  52.
412. 971. 745. 683. 704. 511. 333. 338. 188.  65.
475. 874. 826. 661. 639. 467. 332. 265. 203. 208.
 436.  633. 1048.  705.  604.  493.  384.  262.  217.  168.
405. 397. 535. 893. 910. 569. 465. 351. 360.  65.
 452. 1000.  812.  628.  582.  481.  354.  291.  215.  135.
 585. 1040.  944.  736.  661.  402.  251.  154.  130.   47.
451. 647. 973. 851. 694. 533. 332. 240. 156.  73.
 560. 1075.  862.  708.  540.  454.  384.  222.  107.   38.
