408. 462. 807. 849. 629. 507. 432. 291. 235. 330.
 433. 1051.  825.  688.  575.  476.  327.  279.  173.  123.
488. 994. 771. 627. 570. 495. 411. 243. 200. 151.
436. 894. 886. 581. 536. 483. 387. 396. 189. 162.
468. 855. 678. 616. 663. 475. 315. 287. 301. 292.
498. 646. 889. 590. 681. 576. 501. 324. 245.   0.
 449.  594. 1017.  890.  694.  565.  417.  192.  132.    0.
 391.  532.  558.  619.  724. 1107.  670.  347.    2.    0.
 449.  823. 1013. 1003.  684.  576.  301.   78.   23.    0.
919. 819. 746. 668. 575. 430. 312. 253. 183.  45.
917. 811. 656. 639. 548. 439. 367. 334. 195.  44.
929. 821. 725. 665. 605. 419. 331. 256. 159.  40.
951. 838. 695. 683. 558. 421. 342. 294. 150.  18.
 462.  487.  502.  525.  572.  767. 1237.  398.    0.    0.
 495.  422.  520.  532.  569.  718. 1297.  397.    0.    0.
 449.  461.  485.  482.  588.  717. 1308.  460.    0.    0.
 434.  472.  462.  520.  570.  699. 1311.  482.    0.    0.
899. 961. 831. 640. 808. 278. 242. 113. 153.  25.
 626.  561.  679. 1142.  974.  741.  227.    0.    0.    0.
958. 885. 844. 707. 543. 446. 259. 178. 103.  27.
922. 861. 754. 633. 552. 445. 373. 236. 140.  34.
910. 804. 646. 540. 477. 471. 426. 404. 165. 107.
900. 716. 715. 594. 517. 433. 410. 304. 238. 123.
944. 859. 751. 668. 570. 443. 320. 229. 131.  35.
935. 781. 662. 572. 490. 462. 428. 324. 227.  69.
881. 847. 731. 646. 597. 422. 322. 239. 157. 108.
948. 793. 673. 623. 563. 418. 387. 329. 178.  38.
904. 877. 748. 720. 587. 415. 320. 224. 123.  32.
961. 826. 727. 690. 562. 435. 354. 250. 117.  28.
784. 708. 634. 633. 596. 518. 455. 410. 204.   8.
751. 736. 677. 610. 548. 546. 495. 389. 176.  22.
906. 814. 688. 646. 554. 431. 360. 283. 210.  58.
870. 801. 633. 600. 506. 478. 426. 341. 236.  59.
 424.  452.  482.  494.  608.  719. 1302.  469.    0.    0.
 450.  485.  479.  502.  526.  691. 1337.  480.    0.    0.
609. 591. 564. 569. 617. 839. 627. 391. 143.   0.
538. 534. 577. 566. 638. 503. 712. 555. 312.  15.
489. 534. 567. 673. 723. 798. 886. 280.   0.   0.
895. 854. 770. 620. 562. 455. 360. 246. 123.  65.
860. 808. 754. 636. 565. 435. 358. 261. 165. 108.
938. 832. 705. 547. 543. 493. 447. 279. 144.  22.
863. 780. 726. 710. 612. 475. 298. 254. 192.  40.
848. 775. 621. 535. 484. 497. 465. 438. 244.  43.
803. 723. 716. 548. 583. 531. 473. 348. 195.  30.
820. 807. 731. 769. 708. 535. 327. 187.  62.   4.
927. 769. 762. 676. 496. 451. 394. 232. 193.  50.
774. 744. 716. 652. 703. 588. 536. 237.   0.   0.
901. 784. 741. 605. 546. 435. 420. 273. 190.  55.
983. 721. 725. 624. 516. 473. 298. 314. 262.  34.
916. 822. 688. 660. 555. 455. 362. 294. 175.  23.
890. 824. 699. 675. 609. 418. 292. 289. 164.  90.
928. 782. 666. 569. 488. 468. 426. 328. 260.  35.
921. 791. 767. 584. 556. 445. 375. 270. 173.  68.
760. 865. 847. 587. 742. 619. 449.  81.   0.   0.
371. 389. 819. 759. 779. 834. 461. 280. 258.   0.
 464.  707. 1149.  785.  749.  358.  361.  233.  144.    0.
 477.  703. 1123.  690.  638.  438.  543.  190.  148.    0.
803. 696. 628. 737. 524. 475. 467. 434. 171.  15.
822. 789. 771. 598. 452. 516. 377. 282. 274.  69.
 398.  504.  530. 1055.  780.  592.  359.  406.  326.    0.
448. 447. 512. 907. 707. 500. 559. 445. 389.  36.
401. 420. 479. 799. 843. 609. 492. 295. 399. 213.
4.250e+02 4.480e+02 4.990e+02 1.052e+03 8.180e+02 5.970e+02 4.400e+02
 3.260e+02 3.440e+02 1.000e+00
426. 453. 563. 800. 943. 712. 672. 285.  96.   0.
495. 703. 569. 772. 921. 766. 557. 163.   4.   0.
454. 482. 502. 599. 642. 898. 624. 591. 150.   8.
427. 492. 745. 834. 866. 616. 543. 287. 132.   8.
464. 557. 568. 932. 973. 793. 457. 206.   0.   0.
441. 516. 605. 758. 974. 882. 528. 246.   0.   0.
 535.  585.  604. 1098.  784.  550.  605.  189.    0.    0.
 430.  493.  664.  709. 1146.  635.  449.  308.  116.    0.
418. 787. 931. 945. 772. 664. 306. 126.   1.   0.
 473.  567.  680.  857. 1077.  646.  414.  191.   45.    0.
479. 605. 686. 864. 820. 783. 599. 114.   0.   0.
 458.  472.  555.  725. 1073.  733.  322.  496.  116.    0.
449. 487. 626. 793. 989. 817. 464. 234.  91.   0.
476. 491. 727. 813. 872. 504. 517. 519.  31.   0.
 446.  528.  575.  735. 1074.  604.  539.  410.   39.    0.
454. 510. 476. 564. 951. 724. 535. 395. 266.  75.
 494.  588.  822. 1263.  798.  520.  424.   41.    0.    0.
 489.  761.  964. 1113.  827.  423.  218.  134.   21.    0.
407. 706. 794. 890. 842. 677. 442. 179.  13.   0.
423. 596. 667. 916. 852. 580. 460. 449.   7.   0.
 512. 1011.  748.  612.  524.  473.  406.  306.  257.  101.
556. 570. 688. 995. 723. 613. 378. 273. 124.  30.
962. 788. 674. 492. 522. 460. 448. 364. 197.  43.
917. 880. 759. 682. 558. 454. 333. 242. 101.  24.
952. 811. 763. 611. 623. 429. 337. 239. 157.  28.
864. 810. 745. 585. 558. 486. 430. 264. 176.  32.
 750.  933. 1055.  753.  646.  408.  232.  136.   35.    2.
900. 790. 728. 669. 535. 475. 377. 288. 154.  34.
872. 852. 720. 672. 552. 445. 354. 266. 161.  56.
684. 865. 818. 813. 604. 539. 300. 216.  87.  24.
896. 856. 734. 638. 559. 443. 377. 252. 143.  52.
974. 887. 816. 747. 515. 422. 343. 164.  69.  13.
841. 743. 663. 646. 610. 480. 356. 318. 237.  56.
874. 779. 825. 628. 620. 429. 403. 173. 177.  42.
880. 866. 802. 676. 591. 456. 340. 201. 110.  28.
903. 836. 735. 657. 513. 464. 385. 241. 160.  56.
841. 806. 683. 715. 729. 496. 308. 235. 112.  25.
912. 821. 772. 649. 548. 467. 357. 204. 157.  63.
839. 666. 646. 540. 467. 514. 451. 418. 288. 121.
930. 792. 635. 612. 530. 418. 369. 354. 243.  67.
926. 848. 704. 587. 565. 397. 362. 290. 189.  82.
935. 806. 731. 650. 621. 404. 328. 236. 202.  37.
939. 886. 765. 609. 537. 442. 371. 238. 120.  43.
873. 762. 706. 629. 468. 485. 424. 293. 208. 102.
952. 796. 616. 623. 505. 476. 417. 353. 179.  33.
887. 840. 744. 620. 572. 438. 383. 261. 157.  48.
604. 620. 861. 969. 668. 524. 303. 250. 151.   0.
909. 873. 735. 644. 575. 448. 327. 246. 148.  45.
912. 839. 783. 672. 548. 454. 318. 227. 141.  56.
706. 917. 810. 784. 827. 618. 243.  45.   0.   0.
794. 754. 715. 602. 543. 474. 453. 343. 216.  56.
974. 751. 672. 556. 470. 481. 468. 297. 217.  64.
542. 686. 884. 699. 588. 507. 464. 277. 226.  77.
895. 910. 771. 618. 571. 465. 345. 227. 117.  31.
870. 814. 783. 627. 572. 449. 405. 230. 152.  48.
935. 898. 770. 732. 530. 468. 271. 221.  94.  31.
897. 838. 686. 617. 569. 448. 352. 292. 193.  58.
1014.  817.  772.  617.  523.  461.  299.  296.  139.   12.
964. 861. 744. 672. 559. 404. 320. 251. 136.  39.
891. 856. 704. 602. 500. 457. 351. 328. 164.  97.
956. 884. 781. 693. 595. 417. 306. 185. 101.  32.
806. 842. 731. 638. 540. 520. 434. 231. 142.  66.
948. 813. 803. 689. 537. 443. 316. 242. 124.  35.
751. 927. 864. 854. 658. 504. 276. 106.  10.   0.
904. 861. 739. 628. 540. 469. 377. 245. 135.  52.
614. 902. 848. 714. 689. 386. 381. 220. 129.  67.
 554. 1104.  807.  689.  616.  481.  427.  204.   60.    8.
884. 903. 752. 693. 528. 449. 344. 249. 121.  27.
956. 818. 706. 583. 506. 454. 383. 309. 179.  56.
896. 777. 697. 654. 525. 461. 360. 289. 208.  83.
934. 889. 773. 685. 538. 450. 308. 220. 119.  34.
925. 872. 806. 707. 544. 424. 317. 191. 114.  50.
959. 762. 817. 643. 466. 509. 341. 223. 192.  38.
928. 781. 751. 639. 559. 456. 344. 202. 183. 107.
930. 832. 779. 656. 574. 418. 332. 227. 147.  55.
960. 806. 668. 530. 502. 467. 445. 315. 206.  51.
884. 821. 735. 616. 576. 432. 353. 281. 166.  86.
830. 795. 709. 655. 545. 481. 370. 216. 188. 161.
952. 919. 795. 705. 558. 415. 301. 173. 100.  32.
931. 809. 685. 595. 539. 464. 398. 311. 173.  45.
943. 863. 732. 555. 557. 423. 394. 282. 154.  47.
1024.  904.  820.  730.  560.  384.  231.  187.   94.   16.
965. 935. 823. 683. 551. 424. 292. 169.  91.  17.
903. 831. 735. 675. 628. 391. 314. 232. 151.  90.
972. 933. 790. 656. 559. 459. 307. 178.  80.  16.
923. 794. 726. 695. 587. 420. 311. 261. 184.  49.
940. 782. 705. 561. 510. 504. 396. 287. 206.  59.
975. 802. 669. 567. 516. 460. 442. 330. 167.  22.
904. 806. 718. 658. 594. 396. 342. 252. 212.  68.
981. 739. 609. 502. 477. 515. 449. 329. 258.  91.
952. 842. 775. 650. 534. 480. 340. 207. 111.  59.
742. 794. 730. 713. 638. 525. 393. 275. 140.   0.
669. 872. 920. 626. 372. 720. 388. 231. 132.  20.
934. 785. 716. 626. 532. 446. 392. 282. 183.  54.
687. 690. 644. 655. 638. 524. 423. 370. 233.  86.
974. 792. 725. 674. 595. 424. 339. 224. 141.  62.
956. 879. 768. 692. 504. 455. 347. 196. 114.  39.
860. 777. 809. 662. 600. 495. 330. 245. 134.  38.
805. 781. 751. 651. 623. 513. 379. 249. 163.  35.
941. 819. 772. 666. 603. 486. 390. 200.  67.   6.
895. 800. 719. 618. 523. 502. 402. 310. 146.  35.
835. 760. 633. 584. 561. 483. 401. 367. 272.  54.
1017.  837.  660.  527.  504.  518.  409.  279.  158.   41.
909. 874. 733. 633. 563. 440. 352. 256. 146.  44.
938. 817. 802. 685. 547. 463. 294. 229. 119.  56.
927. 914. 699. 670. 532. 472. 392. 193. 110.  41.
871. 798. 681. 692. 583. 467. 291. 274. 171. 122.
959. 886. 805. 720. 569. 403. 287. 194.  90.  37.
 483.  478.  590.  799. 1188.  582.  415.  257.  158.    0.
 440.  447.  444.  558.  601.  688. 1446.  326.    0.    0.
