358. 462. 810. 780. 684. 637. 439. 415. 327.  38.
 365.  739.  945. 1024.  677.  567.  341.  161.  131.    0.
 474.  421.  449.  536.  616.  683. 1369.  402.    0.    0.
 334.  630.  622.  902. 1013.  746.  447.  238.   18.    0.
 452.  447.  456.  515.  598.  719. 1308.  455.    0.    0.
281. 658. 744. 917. 804. 715. 540. 186. 105.   0.
 457.  451.  481.  522.  557.  706. 1293.  483.    0.    0.
 357.  738.  637.  917. 1032.  718.  445.   93.   13.    0.
473. 452. 508. 534. 694. 865. 749. 501. 174.   0.
640. 612. 584. 592. 585. 594. 624. 601. 118.   0.
969. 816. 703. 662. 542. 416. 306. 274. 211.  51.
 420.  457.  476.  540.  571.  727. 1288.  471.    0.    0.
 407.  428.  451.  450. 1227.  620.  476.  401.  291.  199.
