 340.  423.  400.  431.  438.  521.  549. 1282.  452.  114.
 404.  751.  827. 1089.  771.  469.  297.  215.  107.   20.
386. 672. 846. 976. 925. 529. 274. 151. 158.  33.
 529.  638.  678.  698. 1021.  877.  404.  105.    0.    0.
 500.  432.  537.  859. 1125.  589.  461.  180.  155.  112.
472. 543. 705. 693. 888. 653. 477. 312. 162.  45.
 369.  407.  377.  440.  419.  523.  568. 1276.  434.  137.
471. 534. 970. 824. 624. 566. 377. 325. 174.  85.
736. 969. 712. 607. 537. 505. 444. 290. 125.  25.
 347.  432.  410.  444.  396.  529.  518. 1298.  453.  123.
474. 536. 591. 802. 717. 924. 805. 101.   0.   0.
470. 588. 662. 678. 882. 941. 686.  43.   0.   0.
 491. 1165.  754.  728.  575.  427.  359.  227.  142.   82.
 404.  479. 1148.  692.  561.  492.  443.  343.  210.  178.
 449.  465. 1040.  604.  525.  449.  432.  412.  329.  245.
 409.  404.  409.  421.  450.  484.  560. 1225.  447.  141.
518. 713. 605. 551. 513. 698. 637. 531. 184.   0.
439. 453. 988. 677. 631. 494. 386. 265. 328. 289.
429. 913. 870. 650. 570. 452. 399. 320. 180. 167.
