518. 809. 992. 681. 666. 476. 416. 237. 133.  22.
532. 944. 874. 788. 625. 466. 351. 217. 123.  30.
940. 892. 791. 646. 587. 409. 331. 227.  97.  30.
1020.  901.  759.  663.  568.  431.  314.  175.   91.   28.
917. 821. 676. 739. 525. 436. 293. 278. 197.  68.
 440.  531.  619.  904. 1029.  598.  350.  317.  162.    0.
918. 814. 719. 657. 606. 401. 343. 271. 164.  57.
704. 795. 720. 644. 664. 533. 419. 336. 135.   0.
763. 751. 680. 645. 565. 536. 448. 326. 193.  43.
773. 759. 754. 759. 712. 407. 349. 257. 180.   0.
 466.  449.  488.  492.  561.  758. 1317.  419.    0.    0.
768. 695. 714. 653. 588. 492. 500. 320. 196.  24.
682. 637. 624. 669. 671. 791. 453. 338.  85.   0.
987. 718. 635. 759. 669. 386. 263. 277. 191.  65.
911. 814. 715. 658. 541. 462. 362. 240. 175.  72.
938. 886. 762. 723. 584. 412. 274. 195. 131.  45.
905. 863. 732. 622. 501. 499. 383. 259. 143.  43.
679. 686. 681. 689. 706. 619. 481. 286. 123.   0.
939. 845. 757. 651. 525. 464. 387. 227. 107.  48.
1007.  927.  798.  688.  546.  446.  305.  176.   45.   12.
909. 847. 722. 590. 524. 428. 394. 299. 174.  63.
 404.  725.  733.  946. 1136.  827.  179.    0.    0.    0.
 513.  507.  484.  477.  606.  729. 1243.  391.    0.    0.
 450.  453.  473.  489.  588.  723. 1350.  424.    0.    0.
 456.  763.  778.  948. 1133.  724.  148.    0.    0.    0.
 442.  448.  486.  542.  568.  744. 1299.  421.    0.    0.
 393.  708.  711.  870. 1130.  915.  223.    0.    0.    0.
 432.  474.  474.  534.  587.  725. 1357.  367.    0.    0.
595. 636. 704. 689. 661. 443. 839. 249. 105.  29.
986. 857. 757. 648. 554. 444. 370. 222.  95.  17.
910. 875. 794. 637. 580. 417. 352. 214. 121.  50.
729. 703. 643. 660. 663. 464. 269. 512. 297.  10.
925. 790. 667. 659. 528. 468. 344. 314. 207.  48.
 482.  427.  509.  487.  577.  675. 1323.  470.    0.    0.
 440.  735.  719. 1019. 1182.  739.  116.    0.    0.    0.
 462.  439.  464.  518.  536.  742. 1314.  475.    0.    0.
917. 775. 702. 572. 448. 506. 430. 289. 219.  92.
938. 868. 770. 699. 547. 451. 298. 215. 133.  31.
 449.  437.  485.  506.  572.  700. 1331.  470.    0.    0.
871. 788. 721. 666. 536. 441. 336. 279. 197. 115.
779. 670. 692. 568. 519. 546. 408. 450. 290.  28.
793. 704. 645. 604. 542. 486. 457. 436. 260.  23.
899. 771. 658. 618. 568. 413. 322. 374. 260.  67.
905. 792. 781. 646. 551. 443. 334. 224. 189.  85.
869. 850. 757. 639. 543. 467. 342. 254. 156.  73.
 426.  489. 1042.  662.  552.  444.  451.  358.  316.  210.
987. 836. 691. 589. 505. 423. 391. 276. 201.  51.
897. 759. 685. 634. 533. 457. 347. 323. 228.  87.
935. 919. 791. 676. 567. 419. 318. 188.  99.  38.
957. 949. 834. 705. 544. 407. 289. 156.  82.  27.
942. 829. 786. 649. 526. 474. 362. 213. 139.  30.
943. 888. 810. 699. 580. 400. 288. 212.  83.  47.
 464.  460.  486.  484.  625.  693. 1294.  444.    0.    0.
896. 812. 687. 676. 598. 436. 368. 282. 156.  39.
 419.  464.  460.  538.  557.  723. 1322.  467.    0.    0.
938. 839. 702. 573. 555. 454. 398. 296. 164.  31.
885. 762. 756. 663. 574. 463. 320. 279. 179.  69.
 447.  470.  488.  508.  581.  711. 1355.  390.    0.    0.
 448.  465.  486.  521.  599.  727. 1290.  414.    0.    0.
553. 622. 670. 543. 656. 807. 539. 346. 141.  73.
987. 863. 627. 555. 512. 523. 436. 290. 123.  34.
923. 873. 721. 621. 517. 456. 387. 256. 152.  44.
978. 870. 748. 702. 557. 403. 287. 246. 138.  21.
881. 777. 700. 667. 510. 483. 330. 284. 201. 117.
871. 823. 772. 680. 518. 475. 335. 233. 144.  99.
 439.  421.  501.  497.  614.  694. 1382.  402.    0.    0.
 546.  533.  560.  509.  606.  730. 1198.  268.    0.    0.
 417.  756.  671.  862. 1195.  848.  201.    0.    0.    0.
 435.  442.  476.  536.  563.  726. 1309.  463.    0.    0.
914. 902. 731. 628. 570. 457. 321. 263. 135.  29.
920. 827. 733. 631. 584. 449. 358. 236. 165.  47.
1002.  923.  852.  709.  562.  388.  238.  145.   90.   41.
 412.  448. 1136.  753.  561.  501.  408.  337.  231.  163.
