 363.  391.  408.  504.  477. 1070.  640.  462.  515.  120.
338. 404. 402. 493. 532. 889. 623. 387. 686. 196.
295. 477. 926. 918. 771. 762. 433. 232. 136.   0.
420. 474. 804. 846. 630. 531. 384. 343. 215. 303.
369. 451. 891. 854. 701. 501. 462. 336. 230. 155.
352. 514. 606. 984. 675. 681. 393. 337. 257. 151.
288. 378. 688. 813. 511. 731. 628. 481. 333.  99.
 306.  523.  874. 1061.  723.  669.  482.  169.  143.    0.
383. 437. 498. 709. 739. 584. 455. 303. 431. 411.
508. 606. 831. 684. 859. 729. 638.  95.   0.   0.
440. 808. 856. 988. 716. 528. 514. 100.   0.   0.
280. 588. 739. 908. 823. 656. 680. 273.   3.   0.
507. 588. 920. 828. 848. 681. 469. 109.   0.   0.
 366.  446.  504. 1037.  634.  593.  406.  391.  276.  297.
315. 447. 566. 640. 615. 736. 717. 493. 322.  99.
332. 499. 919. 851. 917. 828. 383. 181.  40.   0.
481. 846. 920. 867. 577. 455. 385. 285. 108.  26.
 351.  430.  428.  424.  487. 1241.  581.  466.  405.  137.
336. 758. 762. 805. 703. 503. 377. 364. 133. 209.
322. 472. 922. 790. 993. 694. 384. 246. 103.  24.
 362.  416.  459.  438.  448.  471.  634. 1200.  402.  120.
430. 429. 468. 679. 743. 976. 547. 325. 341.  12.
401. 413. 476. 383. 535. 656. 944. 933. 209.   0.
488. 572. 812. 630. 547. 480. 511. 482. 314. 114.
437. 768. 799. 714. 664. 648. 471. 312. 137.   0.
473. 443. 461. 602. 801. 768. 456. 497. 449.   0.
392. 410. 467. 589. 579. 920. 497. 435. 497. 164.
318. 466. 824. 678. 868. 552. 659. 269. 293.  23.
 406.  438.  459.  513.  647. 1084.  555.  439.  409.    0.
 433.  449.  443.  480.  654. 1128.  577.  491.  295.    0.
 380.  412.  392.  403.  426.  496.  539. 1363.  426.  113.
266. 514. 721. 750. 730. 798. 614. 392. 165.   0.
318. 741. 894. 838. 737. 627. 485. 251.  53.   6.
420. 714. 806. 616. 472. 485. 455. 613. 314.  55.
252. 705. 908. 824. 781. 601. 395. 311. 152.  21.
257. 631. 880. 906. 851. 688. 530. 162.  35.  10.
478. 697. 886. 747. 652. 488. 483. 206. 245.  68.
283. 575. 751. 761. 745. 590. 607. 478. 137.  23.
255. 570. 845. 830. 770. 646. 445. 384. 165.  40.
