 538.  753. 1047.  697.  643.  498.  376.  246.  126.   26.
626. 996. 727. 563. 525. 496. 448. 319. 208.  42.
 502.  809. 1029.  767.  560.  488.  377.  222.  136.   60.
 635. 1009.  785.  742.  558.  443.  380.  214.  150.   34.
584. 988. 738. 666. 550. 474. 400. 302. 176.  72.
511. 653. 984. 717. 522. 508. 439. 321. 242.  53.
 487.  669. 1071.  838.  610.  479.  390.  260.  104.   42.
607. 938. 764. 622. 507. 492. 401. 319. 199. 101.
 621.  603. 1040.  860.  694.  500.  319.  164.  102.   47.
504. 656. 969. 754. 643. 468. 390. 274. 195.  97.
 528. 1057.  872.  660.  590.  426.  381.  259.  135.   42.
576. 969. 838. 651. 531. 516. 379. 249. 212.  29.
 534.  590. 1016.  799.  681.  469.  340.  277.  205.   39.
 556. 1089.  916.  711.  542.  463.  309.  212.  130.   22.
 518.  708. 1035.  775.  622.  538.  381.  234.  110.   29.
 556. 1050.  840.  654.  583.  448.  432.  211.  153.   23.
789. 754. 694. 573. 576. 499. 458. 375. 200.  32.
809. 718. 712. 668. 547. 526. 398. 345. 203.  24.
885. 760. 792. 753. 527. 466. 396. 227. 123.  21.
 531.  597. 1021.  871.  639.  478.  346.  243.  172.   52.
 492.  708. 1179.  773.  606.  475.  355.  213.  113.   36.
491. 723. 987. 723. 574. 482. 394. 287. 189. 100.
 481.  628. 1031.  722.  616.  534.  382.  324.  153.   79.
522. 679. 999. 775. 623. 493. 323. 234. 209.  93.
518. 742. 984. 746. 590. 499. 354. 280. 182.  55.
 483.  688. 1097.  760.  577.  566.  359.  244.  136.   40.
 476.  743. 1127.  770.  627.  476.  330.  222.  128.   51.
517. 822. 937. 604. 541. 509. 452. 368. 142.  58.
515. 850. 765. 656. 562. 442. 452. 394. 227.  87.
542. 719. 915. 668. 558. 508. 381. 354. 212.  93.
557. 720. 804. 681. 561. 500. 367. 386. 313.  61.
 524.  708. 1112.  810.  632.  474.  293.  208.  136.   53.
 485.  596. 1203.  873.  609.  512.  329.  198.  108.   37.
 489.  782. 1027.  741.  591.  492.  371.  275.  140.   42.
513. 655. 980. 686. 577. 499. 434. 351. 195.  60.
 496.  662. 1091.  723.  610.  489.  398.  286.  158.   37.
524. 844. 865. 574. 506. 532. 464. 379. 197.  65.
510. 752. 979. 755. 620. 453. 354. 344. 126.  57.
 504.  605. 1128.  873.  701.  447.  303.  233.  122.   34.
 481.  724. 1024.  768.  610.  476.  387.  265.  161.   54.
 514.  601. 1168.  803.  593.  469.  372.  243.  148.   39.
510. 651. 949. 683. 615. 479. 363. 347. 254.  99.
762. 855. 565. 483. 456. 409. 449. 489. 382. 100.
 593. 1018.  725.  600.  467.  491.  418.  333.  219.   86.
 563. 1043.  798.  635.  587.  443.  427.  282.  140.   32.
609. 914. 795. 618. 582. 443. 330. 347. 198. 114.
719. 910. 596. 539. 548. 398. 453. 423. 293.  71.
595. 993. 735. 626. 494. 522. 408. 304. 203.  70.
557. 936. 805. 672. 618. 461. 363. 267. 195.  76.
 530. 1056.  817.  669.  528.  505.  402.  244.  151.   48.
 570. 1048.  848.  704.  578.  456.  334.  226.  140.   46.
 614. 1017.  830.  746.  571.  425.  361.  184.  131.   71.
611. 979. 771. 667. 568. 471. 378. 239. 198.  68.
597. 966. 813. 653. 539. 485. 391. 239. 199.  68.
 582. 1020.  849.  523.  548.  497.  422.  320.  156.   33.
 587. 1075.  831.  699.  587.  455.  318.  216.  134.   48.
 609. 1048.  781.  611.  583.  480.  433.  242.  129.   34.
621. 955. 707. 692. 555. 415. 416. 294. 229.  66.
 606. 1037.  781.  688.  578.  438.  368.  270.  133.   51.
 599. 1060.  827.  722.  588.  436.  331.  237.  125.   25.
 747. 1030.  725.  592.  482.  469.  406.  259.  171.   69.
612. 934. 713. 657. 645. 433. 348. 289. 221.  98.
625. 976. 727. 651. 542. 488. 395. 276. 215.  55.
654. 962. 632. 557. 490. 463. 435. 419. 262.  76.
604. 961. 879. 655. 678. 408. 324. 206. 174.  61.
583. 967. 734. 628. 567. 465. 365. 326. 219.  96.
648. 918. 724. 603. 511. 462. 426. 308. 229. 121.
 586. 1065.  871.  682.  606.  434.  327.  202.  118.   59.
620. 953. 739. 638. 570. 464. 369. 307. 206.  84.
 607. 1000.  746.  653.  529.  502.  396.  293.  171.   53.
638. 958. 801. 626. 550. 465. 412. 287. 149.  64.
554. 964. 821. 654. 571. 464. 381. 262. 205.  74.
 579. 1068.  806.  702.  616.  453.  349.  218.  129.   30.
 569. 1086.  918.  697.  569.  460.  338.  170.  112.   31.
 661. 1145.  908.  716.  568.  415.  257.  176.   82.   22.
592. 968. 669. 683. 687. 495. 268. 219. 203. 166.
 582. 1169.  840.  734.  612.  426.  306.  169.   79.   33.
679. 952. 728. 594. 512. 514. 442. 311. 175.  43.
 588. 1043.  775.  681.  544.  500.  328.  268.  159.   64.
586. 944. 707. 708. 614. 459. 346. 307. 218.  61.
582. 940. 739. 626. 629. 443. 375. 329. 220.  67.
 539. 1068.  817.  715.  642.  448.  302.  238.  124.   57.
 611. 1003.  723.  626.  544.  464.  414.  330.  197.   38.
572. 955. 726. 616. 538. 508. 384. 308. 249.  94.
581. 962. 750. 675. 584. 468. 324. 323. 218.  65.
654. 962. 801. 740. 629. 397. 336. 267. 128.  36.
606. 931. 735. 668. 602. 444. 371. 256. 220. 117.
501. 695. 969. 729. 594. 508. 436. 308. 155.  55.
 488.  603. 1216.  854.  683.  446.  298.  206.  106.   50.
529. 700. 985. 649. 559. 501. 432. 327. 191.  77.
502. 774. 964. 772. 579. 475. 380. 260. 178.  66.
525. 748. 884. 676. 594. 523. 446. 335. 174.  45.
 500.  842. 1107.  762.  595.  488.  345.  206.   86.   19.
 501.  831. 1023.  723.  585.  495.  390.  252.  132.   18.
530. 806. 946. 637. 574. 509. 402. 295. 205.  46.
 513.  748. 1054.  761.  600.  465.  359.  270.  134.   46.
 526.  731. 1195.  816.  609.  445.  305.  199.   78.   46.
521. 856. 911. 718. 548. 485. 409. 288. 175.  39.
566. 688. 850. 671. 581. 495. 409. 306. 312.  72.
 516.  754. 1068.  740.  608.  495.  379.  239.  117.   34.
 528.  667. 1070.  762.  549.  526.  411.  257.  141.   39.
 574.  624. 1056.  735.  702.  472.  335.  193.  214.   45.
 511.  617. 1176.  879.  656.  451.  293.  212.  120.   35.
 501.  714. 1058.  733.  570.  508.  412.  253.  151.   50.
 526.  757. 1166.  750.  549.  495.  354.  222.  105.   26.
 507.  749. 1244.  834.  636.  413.  293.  176.   87.   11.
 517.  602. 1063.  892.  694.  454.  286.  238.  148.   56.
528. 667. 959. 760. 648. 483. 347. 279. 209.  70.
 485.  671. 1011.  748.  669.  472.  343.  293.  192.   66.
627. 940. 686. 608. 556. 467. 386. 372. 246.  62.
 524.  649. 1030.  780.  545.  534.  382.  247.  215.   44.
 525.  740. 1145.  735.  643.  455.  376.  229.  100.    2.
 627. 1061.  774.  648.  573.  468.  383.  246.  132.   38.
588. 957. 711. 661. 538. 459. 405. 324. 184. 123.
 515.  782. 1090.  835.  613.  458.  311.  242.   79.   25.
 527.  567. 1097.  799.  682.  446.  324.  272.  179.   57.
602. 918. 706. 677. 614. 442. 374. 301. 238.  78.
 612. 1085.  852.  687.  520.  546.  314.  219.   97.   18.
 502.  685. 1177.  809.  610.  475.  381.  181.  110.   20.
