 423.  454.  478.  498.  599.  711. 1350.  437.    0.    0.
884. 940. 730. 561. 419. 437. 442. 368. 155.  14.
 496.  477.  461.  468.  525.  693. 1340.  490.    0.    0.
496. 898. 928. 745. 537. 496. 391. 238. 163.  58.
 442.  440.  469.  518.  599.  710. 1335.  437.    0.    0.
 433.  454.  482.  504.  581.  753. 1405.  338.    0.    0.
 463.  453.  445.  496.  541.  783. 1379.  390.    0.    0.
 424.  479.  445.  522.  562.  749. 1309.  460.    0.    0.
 465.  453.  472.  531.  527.  674. 1392.  436.    0.    0.
 409.  476.  483.  512.  584.  713. 1319.  454.    0.    0.
836. 834. 758. 553. 511. 489. 442. 330. 178.  19.
464. 530. 506. 613. 860. 858. 617. 326. 176.   0.
563. 905. 909. 681. 587. 491. 345. 259. 147.  63.
 492.  592.  548.  896. 1060.  633.  334.  286.  109.    0.
458. 484. 545. 844. 798. 623. 507. 353. 332.   6.
 497.  497.  562.  818. 1027.  579.  430.  316.  220.    4.
 477.  499.  520.  662. 1200.  688.  370.  282.  205.   47.
