484. 618. 932. 812. 635. 507. 416. 326. 192.  28.
 543.  583. 1030.  852.  694.  453.  317.  258.  150.   70.
 514.  630. 1029.  759.  579.  545.  430.  283.  138.   43.
 550.  506. 1001.  971.  658.  534.  279.  233.  169.   49.
531. 580. 948. 872. 675. 493. 380. 263. 169.  39.
522. 531. 989. 866. 642. 517. 391. 261. 153.  78.
502. 556. 998. 851. 661. 528. 372. 276. 142.  64.
467. 726. 849. 750. 596. 503. 451. 371. 186.  51.
499. 570. 884. 770. 643. 488. 399. 344. 228. 125.
 506.  582. 1103.  824.  656.  526.  423.  217.   89.   24.
498. 653. 858. 829. 580. 526. 412. 352. 190.  52.
482. 653. 964. 743. 640. 503. 396. 325. 174.  70.
514. 607. 953. 860. 624. 480. 347. 299. 186.  80.
488. 627. 910. 836. 673. 502. 362. 289. 185.  78.
517. 598. 881. 832. 624. 506. 402. 280. 211.  99.
497. 589. 987. 806. 654. 480. 433. 302. 165.  37.
524. 633. 925. 661. 554. 524. 518. 361. 207.  43.
512. 643. 924. 818. 620. 546. 434. 291. 136.  26.
453. 670. 929. 708. 557. 570. 468. 328. 187.  80.
481. 652. 871. 795. 621. 502. 429. 340. 199.  60.
505. 640. 927. 746. 577. 562. 496. 309. 168.  20.
488. 607. 952. 823. 578. 526. 450. 277. 204.  45.
490. 653. 984. 776. 594. 502. 461. 301. 152.  37.
516. 537. 993. 761. 569. 494. 481. 327. 204.  68.
 485.  589. 1022.  898.  657.  513.  364.  246.  132.   44.
 544.  595. 1072.  733.  536.  555.  456.  285.  126.   48.
 531.  530. 1072.  892.  612.  519.  373.  232.  144.   45.
513. 628. 955. 881. 628. 554. 396. 276. 106.  13.
501. 569. 970. 834. 651. 542. 386. 274. 177.  46.
469. 660. 941. 833. 630. 496. 418. 329. 138.  36.
521. 676. 915. 738. 654. 433. 412. 356. 187.  58.
 529.  495. 1158.  979.  609.  528.  345.  175.   92.   40.
