555. 961. 670. 491. 492. 515. 582. 504. 180.   0.
 510. 1043.  914.  761.  643.  483.  326.  201.   69.    0.
485. 854. 807. 739. 606. 502. 438. 366. 153.   0.
502. 863. 804. 656. 577. 519. 496. 390. 143.   0.
505. 827. 759. 692. 591. 472. 457. 438. 209.   0.
576. 768. 627. 667. 500. 474. 606. 513. 219.   0.
561. 872. 821. 670. 543. 510. 402. 367. 204.   0.
500. 864. 753. 709. 549. 570. 472. 369. 164.   0.
492. 882. 797. 727. 587. 563. 406. 347. 149.   0.
561. 821. 711. 589. 571. 555. 526. 441. 175.   0.
490. 915. 694. 681. 591. 560. 533. 314. 172.   0.
502. 902. 837. 750. 617. 543. 426. 295.  78.   0.
509. 833. 765. 653. 612. 528. 473. 368. 209.   0.
532. 833. 804. 633. 581. 507. 459. 393. 208.   0.
476. 811. 816. 704. 605. 535. 413. 344. 244.   2.
535. 748. 742. 651. 527. 551. 436. 371. 380.   9.
508. 905. 817. 701. 616. 494. 439. 347. 123.   0.
513. 888. 787. 665. 583. 513. 469. 395. 137.   0.
517. 892. 799. 601. 601. 525. 502. 369. 144.   0.
494. 840. 852. 709. 651. 516. 452. 322. 114.   0.
565. 809. 699. 670. 582. 535. 471. 415. 204.   0.
518. 865. 908. 688. 607. 530. 452. 316.  66.   0.
550. 757. 726. 674. 640. 495. 412. 497. 199.   0.
485. 948. 868. 760. 621. 525. 393. 271.  79.   0.
560. 926. 793. 724. 576. 514. 467. 331.  59.   0.
506. 948. 818. 704. 570. 523. 400. 330. 151.   0.
547. 813. 799. 784. 640. 456. 433. 364. 114.   0.
 594. 1059.  900.  720.  600.  465.  359.  201.   52.    0.
557. 859. 802. 695. 613. 486. 356. 330. 252.   0.
544. 792. 776. 683. 570. 450. 458. 461. 216.   0.
496. 821. 784. 665. 521. 543. 465. 385. 270.   0.
507. 835. 668. 621. 537. 518. 517. 466. 281.   0.
