 363.  401.  434.  474.  572. 1017.  610.  400.  595.   84.
447. 517. 524. 584. 666. 901. 589. 448. 228.  46.
899. 772. 619. 585. 484. 451. 399. 371. 270. 100.
893. 887. 698. 630. 547. 402. 376. 281. 155.  81.
 473. 1057.  706.  531.  525.  401.  441.  431.  266.  119.
430. 928. 803. 659. 620. 480. 338. 293. 214. 185.
440. 956. 822. 616. 547. 479. 360. 340. 221. 169.
 354.  394.  441.  447.  561. 1026.  612.  420.  576.  119.
 344.  403.  455.  480.  535. 1040.  607.  439.  551.   96.
 424.  496. 1034.  616.  581.  489.  375.  373.  308.  254.
493. 481. 953. 565. 634. 561. 406. 268. 281. 308.
 447. 1091.  752.  555.  596.  444.  408.  289.  237.  131.
408. 504. 398. 491. 913. 621. 487. 381. 378. 369.
375. 411. 478. 512. 954. 557. 553. 432. 232. 446.
 430.  472.  513.  506.  604.  722. 1255.  448.    0.    0.
462. 489. 521. 568. 933. 788. 495. 415. 279.   0.
 504. 1017.  787.  700.  544.  492.  353.  218.  187.  148.
 496. 1105.  768.  680.  527.  492.  369.  268.  198.   47.
438. 471. 595. 923. 731. 547. 390. 267. 341. 247.
 424.  435.  467.  545.  577.  728. 1298.  476.    0.    0.
430. 473. 521. 641. 966. 811. 533. 448. 127.   0.
 478. 1054.  669.  583.  548.  450.  331.  470.  263.  104.
 470. 1161.  833.  706.  583.  425.  339.  239.  107.   87.
