 486.  667.  897.  748. 1232.  771.  135.   14.    0.    0.
 479.  635.  958.  849. 1173.  722.  119.   15.    0.    0.
362. 797. 631. 601. 574. 717. 782. 429.  57.   0.
234. 650. 789. 958. 769. 588. 542. 299. 121.   0.
276. 564. 467. 613. 817. 762. 692. 473. 256.  30.
232. 593. 789. 894. 935. 661. 449. 277. 120.   0.
286. 761. 769. 895. 893. 693. 404. 193.  56.   0.
238. 665. 816. 994. 894. 627. 474. 186.  56.   0.
359. 674. 568. 557. 561. 664. 815. 661.  91.   0.
246. 605. 788. 861. 935. 669. 512. 246.  88.   0.
239. 616. 556. 632. 841. 739. 746. 402. 159.  20.
216. 656. 744. 913. 925. 705. 474. 220.  97.   0.
309. 749. 816. 925. 884. 700. 319. 158.  88.   2.
240. 602. 735. 910. 790. 700. 621. 252. 100.   0.
