446. 467. 639. 949. 749. 498. 416. 294. 239. 253.
392. 468. 493. 554. 634. 935. 545. 480. 411.  38.
506. 523. 461. 791. 855. 739. 464. 287. 278.  46.
 448.  492.  614. 1001.  970.  684.  474.  254.   13.    0.
 404.  639.  614.  708.  749. 1004.  431.  304.   97.    0.
662. 823. 783. 554. 535. 392. 347. 391. 347. 116.
 414.  448.  510.  557.  660. 1027.  687.  524.  123.    0.
437. 437. 699. 732. 643. 557. 629. 401. 415.   0.
 620. 1006.  791.  667.  523.  503.  382.  222.  174.   62.
462. 555. 623. 943. 785. 609. 386. 317. 232.  38.
 605.  647.  757.  610. 1054.  667.  565.   45.    0.    0.
472. 552. 950. 664. 632. 471. 445. 269. 402.  93.
781. 743. 804. 760. 659. 404. 255. 402. 142.   0.
801. 880. 754. 627. 543. 452. 379. 294. 180.  40.
436. 635. 774. 931. 933. 483. 290. 217. 251.   0.
421. 523. 499. 756. 860. 612. 660. 450. 169.   0.
514. 726. 960. 797. 608. 524. 425. 252. 133.  11.
 474.  514. 1006.  909.  629.  564.  379.  275.  200.    0.
923. 795. 712. 590. 473. 518. 402. 309. 195.  33.
 432.  458.  470.  540.  596.  706. 1310.  438.    0.    0.
438. 431. 473. 539. 603. 922. 729. 796.  19.   0.
 448.  441.  486.  511.  557.  686. 1242.  579.    0.    0.
482. 672. 883. 729. 563. 513. 436. 333. 269.  70.
482. 465. 522. 590. 778. 622. 422. 723. 346.   0.
 442.  470.  496.  530.  571.  718. 1231.  492.    0.    0.
 486.  652. 1080.  621.  512.  473.  483.  342.  228.   73.
 492.  512.  555. 1097.  775.  679.  463.  222.  128.   27.
756. 703. 654. 661. 529. 483. 475. 371. 227.  91.
735. 687. 610. 540. 578. 508. 463. 455. 301.  73.
796. 706. 684. 638. 569. 524. 457. 348. 207.  21.
770. 751. 717. 655. 589. 539. 432. 329. 143.  25.
800. 757. 696. 624. 534. 478. 434. 355. 241.  31.
816. 765. 752. 672. 543. 510. 376. 296. 185.  35.
943. 857. 786. 689. 555. 417. 335. 222. 115.  31.
949. 905. 803. 707. 517. 455. 302. 191.  79.  42.
725. 885. 775. 687. 599. 446. 367. 309. 145.  12.
526. 990. 773. 689. 653. 639. 436. 233.  11.   0.
870. 797. 714. 654. 539. 478. 353. 274. 200.  71.
946. 869. 766. 683. 568. 434. 336. 208. 100.  40.
828. 867. 762. 644. 627. 401. 344. 281. 156.  40.
670. 921. 804. 672. 581. 481. 396. 287. 106.  32.
369. 438. 388. 378. 420. 481. 878. 926. 504. 168.
551. 610. 587. 483. 541. 515. 644. 669. 350.   0.
518. 603. 606. 563. 625. 606. 595. 520. 314.   0.
 452.  441.  496.  511.  553.  720. 1290.  487.    0.    0.
984. 927. 820. 713. 565. 444. 295. 151.  47.   4.
