436. 570. 647. 926. 746. 859. 476. 224.  62.   4.
400. 553. 522. 564. 986. 927. 643. 245. 110.   0.
489. 594. 670. 669. 846. 860. 572. 240.  10.   0.
489. 585. 993. 780. 615. 498. 391. 298. 241.  60.
603. 898. 769. 698. 571. 482. 446. 312. 144.  27.
 564. 1061.  798.  660.  542.  490.  346.  289.  139.   61.
648. 933. 798. 654. 547. 474. 358. 277. 201.  60.
727. 934. 686. 639. 541. 470. 364. 309. 207.  73.
793. 941. 778. 634. 544. 465. 378. 231. 152.  34.
 633. 1034.  796.  630.  512.  491.  398.  269.  137.   50.
374. 623. 709. 683. 922. 732. 724. 183.   0.   0.
526. 534. 519. 520. 813. 778. 732. 510.  18.   0.
 498.  449.  445.  505.  584.  792. 1129.  548.    0.    0.
 438.  436.  514.  488.  619.  751. 1069.  635.    0.    0.
546. 893. 750. 531. 460. 516. 554. 463. 237.   0.
528. 740. 998. 930. 680. 451. 292. 228.  92.  11.
 561.  939. 1157.  836.  603.  389.  235.  156.   68.    6.
