 455.  444.  461.  541.  603.  727. 1284.  435.    0.    0.
 440.  448.  478.  509.  596.  711. 1322.  446.    0.    0.
 453.  445.  496.  508.  570.  672. 1338.  468.    0.    0.
 448.  438.  510.  507.  551.  705. 1329.  462.    0.    0.
 466.  449.  464.  496.  593.  740. 1324.  418.    0.    0.
 458.  441.  475.  538.  535.  749. 1332.  422.    0.    0.
 458.  443.  453.  514.  587.  707. 1330.  458.    0.    0.
 467.  451.  441.  491.  583.  752. 1333.  432.    0.    0.
 425.  459.  455.  530.  582.  729. 1307.  463.    0.    0.
 413.  473.  468.  504.  574.  725. 1325.  468.    0.    0.
886. 828. 751. 617. 544. 452. 358. 275. 156.  83.
389. 435. 507. 491. 865. 516. 448. 446. 418. 435.
