981. 805. 683. 589. 498. 523. 404. 307. 127.  33.
924. 830. 736. 582. 565. 452. 406. 258. 176.  21.
 495.  605.  585.  857.  625. 1004.  716.   63.    0.    0.
795. 838. 729. 689. 588. 435. 366. 282. 149.  79.
987. 861. 745. 578. 600. 445. 320. 218. 122.  74.
 418.  460.  502.  517.  569.  721. 1321.  442.    0.    0.
 474.  444.  475.  504.  576.  735. 1290.  452.    0.    0.
 449.  467.  474.  507.  552.  718. 1334.  449.    0.    0.
 461.  426.  509.  497.  604.  732. 1352.  369.    0.    0.
 359.  391.  402.  501.  464.  541.  805. 1038.  374.   75.
395. 402. 417. 413. 489. 926. 675. 493. 564. 176.
398. 447. 487. 493. 954. 593. 461. 405. 335. 377.
440. 707. 941. 722. 574. 504. 371. 265. 260. 166.
360. 451. 440. 489. 962. 657. 447. 444. 358. 342.
434. 360. 402. 520. 883. 654. 500. 357. 440. 400.
472. 819. 980. 648. 564. 458. 354. 271. 228. 156.
435. 734. 999. 729. 669. 489. 301. 254. 148. 192.
442. 592. 595. 804. 735. 972. 729.  81.   0.   0.
 471.  448.  500.  555.  561.  731. 1270.  414.    0.    0.
 444.  476.  488.  549.  603.  711. 1259.  420.    0.    0.
859. 881. 696. 631. 540. 430. 413. 275. 168.  57.
341. 417. 425. 409. 509. 524. 906. 884. 436.  99.
 538. 1093.  776.  651.  566.  443.  379.  259.  173.   72.
954. 779. 714. 626. 515. 505. 349. 289. 181.  38.
 604. 1048.  749.  660.  543.  435.  305.  335.  178.   93.
891. 845. 762. 748. 499. 477. 304. 230. 131.  63.
846. 835. 668. 637. 584. 412. 385. 320. 200.  63.
871. 802. 727. 650. 593. 415. 342. 268. 203.  79.
361. 420. 430. 425. 516. 986. 615. 508. 557. 132.
390. 431. 404. 434. 487. 958. 601. 476. 614. 155.
889. 853. 748. 594. 546. 442. 407. 258. 157.  56.
385. 396. 446. 506. 457. 912. 671. 460. 614. 103.
369. 412. 410. 463. 503. 871. 684. 516. 646.  76.
455. 610. 698. 551. 873. 892. 811.  60.   0.   0.
 445.  446.  455.  494.  605.  758. 1292.  455.    0.    0.
 443.  427.  523.  523.  560.  717. 1329.  428.    0.    0.
884. 822. 669. 562. 511. 439. 411. 343. 230.  79.
352. 407. 429. 464. 435. 481. 942. 905. 440.  95.
548. 959. 717. 575. 496. 484. 399. 358. 217. 197.
934. 852. 667. 599. 485. 486. 415. 304. 163.  45.
 561. 1057.  746.  660.  545.  484.  368.  234.  207.   88.
905. 861. 753. 720. 591. 410. 283. 264. 127.  36.
805. 873. 701. 628. 493. 486. 362. 343. 157. 102.
854. 872. 682. 585. 501. 458. 422. 300. 184.  92.
938. 830. 771. 732. 577. 439. 264. 172. 192.  35.
842. 857. 723. 658. 521. 474. 377. 258. 173.  67.
391. 413. 459. 470. 536. 951. 582. 399. 592. 157.
 367.  387.  425.  415.  560. 1017.  544.  400.  604.  231.
868. 844. 676. 663. 573. 441. 350. 255. 199.  81.
