568. 988. 740. 597. 523. 450. 418. 354. 266.  46.
450. 483. 518. 470. 650. 895. 840. 579.  65.   0.
434. 484. 534. 476. 786. 761. 753. 624.  98.   0.
 461.  444.  484.  600. 1119.  710.  480.  457.  189.    6.
450. 533. 487. 753. 876. 503. 510. 635. 184.  19.
442. 488. 539. 828. 975. 575. 492. 473. 129.   9.
 455.  513.  539.  771. 1110.  653.  469.  300.  135.    5.
 389.  418.  459.  495.  560. 1003.  771.  453.  383.   19.
441. 649. 706. 995. 905. 670. 364. 177.  42.   1.
 525.  755. 1028. 1253.  736.  398.  156.   72.   20.    7.
 335.  406.  411.  464.  487.  494.  537. 1304.  398.  114.
 410.  689.  731. 1133.  954.  590.  323.   89.   31.    0.
 449.  487.  514.  494.  545.  690. 1021.  750.    0.    0.
 447.  436.  448.  563.  584.  799. 1148.  525.    0.    0.
545. 823. 868. 696. 515. 481. 418. 273. 227. 104.
 458.  408.  485.  531.  546.  763. 1384.  375.    0.    0.
 313.  397. 1145.  744. 1152.  446.  645.  108.    0.    0.
 436.  437.  498.  473.  627.  719. 1426.  334.    0.    0.
 367.  369. 1187.  809. 1088.  407.  644.   79.    0.    0.
452. 486. 489. 597. 771. 870. 999. 282.   4.   0.
 531.  477.  552.  701.  824. 1122.  705.   38.    0.    0.
