256. 406. 624. 764. 835. 768. 374. 703. 176.  44.
425. 967. 658. 548. 629. 452. 280. 332. 407. 252.
282. 409. 578. 812. 920. 726. 362. 619. 179.  63.
398. 835. 784. 665. 540. 468. 357. 376. 339. 188.
296. 423. 563. 885. 894. 714. 376. 533. 208.  58.
383. 832. 863. 696. 700. 516. 262. 309. 254. 135.
282. 378. 611. 738. 705. 799. 475. 707. 193.  62.
 401. 1008.  775.  636.  562.  490.  344.  322.  240.  172.
312. 476. 618. 920. 942. 706. 277. 502. 154.  43.
424. 829. 666. 520. 742. 555. 276. 270. 341. 327.
