489. 425. 498. 635. 707. 995. 583. 494. 124.   0.
 475.  475.  461.  517.  746. 1166.  500.  425.  185.    0.
451. 485. 514. 593. 794. 956. 658. 385. 114.   0.
 458.  472.  522.  592.  717. 1151.  553.  309.  176.    0.
457. 479. 479. 535. 727. 847. 625. 519. 282.   0.
 461.  472.  520.  545.  788. 1076.  609.  391.   88.    0.
 523. 1148.  815.  646.  534.  489.  360.  241.  131.   63.
 421.  454.  480.  526.  580.  715. 1306.  468.    0.    0.
 493.  475.  531.  477.  579.  776. 1564.   55.    0.    0.
394. 814. 674. 692. 585. 664. 670. 387.  70.   0.
471. 555. 630. 922. 662. 568. 402. 396. 291.  53.
438. 495. 734. 975. 757. 599. 466. 277. 161.  48.
402. 453. 476. 591. 925. 888. 513. 451. 251.   0.
 472.  504.  512.  624.  864. 1213.  545.  214.    2.    0.
 490.  473.  486.  492.  530.  610. 1358.  511.    0.    0.
441. 822. 972. 897. 733. 528. 497.  60.   0.   0.
706. 837. 799. 710. 501. 517. 425. 274. 154.  27.
774. 854. 817. 839. 664. 474. 304. 134.  83.   7.
 483.  404.  460.  561.  598.  712. 1323.  409.    0.    0.
 432.  453.  504.  518.  578.  716. 1292.  457.    0.    0.
 411.  479.  470.  492.  609.  734. 1298.  457.    0.    0.
652. 893. 745. 690. 619. 456. 350. 340. 196.   9.
 637.  692.  525.  514. 1172.  660.  400.  241.   80.   29.
 443.  670.  927. 1070.  808.  549.  415.   68.    0.    0.
 471.  472.  547.  583.  726. 1069.  923.  159.    0.    0.
 474.  564.  575.  605.  842. 1195.  563.  132.    0.    0.
467. 507. 613. 728. 900. 835. 629. 271.   0.   0.
 462.  487.  499.  537.  618.  869. 1328.  150.    0.    0.
480. 476. 565. 811. 933. 706. 525. 286. 168.   0.
426. 443. 542. 498. 537. 805. 989. 605. 103.   2.
469. 497. 758. 916. 729. 648. 616. 317.   0.   0.
 430.  537.  505.  620.  750. 1002.  650.  456.    0.    0.
 463.  472.  503.  537.  598.  845. 1259.  273.    0.    0.
 463.  449.  492.  625.  681. 1058.  618.  564.    0.    0.
 436.  471.  470.  527.  627.  786. 1163.  470.    0.    0.
 514.  677. 1029.  709.  599.  553.  441.  294.  132.    2.
499. 525. 500. 706. 782. 748. 583. 469. 138.   0.
 458.  515.  529.  613.  841. 1147.  599.  248.    0.    0.
455. 520. 667. 725. 801. 590. 496. 396. 300.   0.
450. 540. 642. 715. 947. 797. 530. 329.   0.   0.
495. 597. 790. 813. 722. 633. 481. 347.  72.   0.
454. 481. 538. 903. 737. 756. 646. 435.   0.   0.
 533. 1069.  833.  636.  521.  510.  401.  274.  134.   39.
478. 545. 777. 952. 667. 587. 495. 362.  87.   0.
 526.  985. 1083.  813.  610.  409.  269.  152.   92.   11.
 455.  493.  518.  602.  794. 1152.  607.  299.   30.    0.
 545. 1058.  768.  630.  599.  411.  411.  310.  182.   36.
 446.  444.  527.  561.  595.  889. 1169.  319.    0.    0.
 561. 1037.  861.  705.  633.  446.  322.  218.  127.   40.
466. 776. 808. 888. 633. 527. 390. 274. 151.  37.
431. 782. 842. 903. 804. 588. 343. 202.  55.   0.
 779. 1104.  795.  638.  557.  440.  303.  195.  127.   12.
843. 836. 764. 665. 572. 443. 337. 232. 173.  85.
929. 795. 668. 671. 631. 444. 306. 241. 177.  88.
