360. 386. 410. 427. 444. 531. 883. 896. 462. 151.
 489. 1066. 1031.  809.  631.  470.  268.  129.   51.    6.
416. 465. 576. 616. 702. 899. 880. 303.  89.   4.
 510.  569.  619.  620.  736. 1152.  526.  205.   13.    0.
508. 844. 929. 715. 615. 527. 359. 286. 146.  21.
 486.  615.  639.  595.  725. 1083.  559.  228.   20.    0.
460. 469. 465. 574. 733. 810. 956. 285. 154.  44.
586. 980. 964. 739. 691. 490. 312. 136.  52.   0.
439. 527. 569. 635. 832. 888. 663. 290. 107.   0.
497. 597. 614. 675. 979. 991. 404. 185.   8.   0.
 547.  966. 1044.  818.  657.  442.  292.  133.   51.    0.
495. 518. 633. 593. 681. 852. 727. 337. 106.   8.
548. 518. 567. 713. 978. 966. 436. 200.  24.   0.
 506.  922. 1061.  763.  723.  480.  288.  149.   52.    6.
449. 528. 459. 496. 648. 777. 835. 468. 239.  51.
483. 512. 683. 883. 953. 911. 426.  91.   8.   0.
