886. 827. 642. 602. 485. 447. 440. 306. 236.  79.
531. 534. 837. 629. 517. 468. 450. 390. 364. 230.
 460.  498. 1040.  822.  618.  557.  362.  272.  188.  133.
 449.  480.  470.  473.  560.  623. 1034.  861.    0.    0.
 492.  521.  489.  557.  611.  670. 1328.  282.    0.    0.
825. 795. 572. 530. 486. 502. 502. 436. 257.  45.
632. 934. 790. 750. 621. 545. 395. 188.  90.   5.
 430.  455.  475.  537.  588.  718. 1339.  408.    0.    0.
652. 585. 561. 618. 633. 642. 752. 417.  90.   0.
 577.  717. 1030.  651.  575.  516.  449.  278.  124.   33.
 455.  459.  500.  534.  567.  704. 1339.  392.    0.    0.
 429.  453.  462.  531.  569.  740. 1370.  396.    0.    0.
 489.  529.  520.  626.  705. 1048.  971.   62.    0.    0.
 482.  544.  602.  777.  923. 1187.  409.   26.    0.    0.
798. 860. 765. 723. 618. 518. 364. 214.  79.  11.
534. 611. 784. 696. 575. 481. 583. 443. 239.   4.
638. 743. 920. 848. 646. 374. 298. 345. 138.   0.
923. 791. 730. 664. 564. 427. 354. 264. 186.  47.
463. 534. 692. 719. 991. 601. 526. 424.   0.   0.
963. 856. 752. 720. 613. 395. 270. 227. 115.  39.
 455.  500. 1090.  820.  640.  523.  421.  286.  137.   78.
430. 618. 975. 819. 668. 472. 373. 321. 210.  64.
 442.  441.  402.  530.  594.  636. 1224.  681.    0.    0.
 437.  446.  493.  501.  563.  724. 1356.  430.    0.    0.
835. 746. 677. 586. 503. 501. 421. 366. 258.  57.
638. 862. 738. 667. 607. 491. 453. 342. 152.   0.
 443.  461.  492.  522.  578.  741. 1332.  381.    0.    0.
679. 653. 653. 635. 595. 626. 585. 428.  96.   0.
544. 716. 935. 771. 525. 512. 403. 260. 239.  45.
 428.  452.  447.  553.  567.  727. 1376.  400.    0.    0.
 452.  455.  446.  524.  612.  706. 1352.  403.    0.    0.
 552.  471.  545.  641.  764. 1228.  733.   16.    0.    0.
 510.  542.  671.  663.  982. 1189.  367.   26.    0.    0.
782. 893. 874. 738. 608. 445. 342. 174.  66.  28.
649. 839. 927. 726. 574. 392. 356. 312. 175.   0.
 643.  761. 1072.  923.  597.  449.  309.  157.   39.    0.
950. 852. 767. 642. 526. 449. 343. 239. 144.  38.
464. 460. 834. 978. 894. 496. 494. 330.   0.   0.
490. 691. 749. 694. 646. 481. 373. 363. 408.  55.
 451.  505. 1018.  733.  557.  546.  451.  298.  296.   95.
498. 499. 731. 972. 693. 544. 467. 348. 172.  26.
450. 741. 784. 669. 566. 479. 452. 398. 374.  37.
433. 641. 911. 667. 535. 523. 399. 365. 322. 154.
 480.  539. 1002.  836.  588.  545.  469.  337.  147.    7.
486. 932. 946. 799. 645. 431. 377. 249.  79.   6.
485. 552. 639. 796. 869. 921. 627.  61.   0.   0.
 592.  695.  796.  829. 1058.  629.  260.   91.    0.    0.
576. 772. 854. 875. 885. 617. 328.  43.   0.   0.
350. 411. 435. 453. 462. 798. 778. 514. 602. 147.
889. 778. 696. 620. 556. 429. 378. 321. 199.  84.
 447.  593.  971. 1165.  676.  684.  360.   54.    0.    0.
 444.  498.  701. 1247.  681.  553.  370.  263.  148.   45.
400. 478. 514. 946. 803. 585. 419. 327. 368. 110.
429. 795. 784. 686. 521. 539. 453. 375. 327.  41.
462. 687. 961. 600. 552. 465. 494. 373. 281.  75.
499. 455. 638. 990. 818. 499. 383. 321. 232. 115.
462. 864. 729. 617. 496. 460. 468. 472. 352.  30.
507. 570. 849. 727. 543. 504. 377. 428. 375.  70.
 433.  543. 1001.  829.  699.  583.  449.  283.  121.    9.
 462.  933. 1010.  745.  647.  496.  341.  204.  110.    2.
 452.  590.  653.  631.  830. 1017.  692.   85.    0.    0.
532. 709. 820. 820. 942. 663. 344. 117.   3.   0.
534. 729. 970. 977. 768. 538. 328. 105.   1.   0.
377. 438. 424. 410. 458. 662. 598. 513. 890. 180.
889. 892. 699. 637. 550. 476. 332. 283. 129.  63.
 431.  576.  992. 1185.  648.  712.  368.   38.    0.    0.
457. 509. 708. 999. 647. 512. 471. 288. 259. 100.
418. 493. 519. 795. 737. 464. 450. 479. 431. 164.
