445. 570. 629. 826. 920. 574. 470. 370. 146.   0.
 458.  569.  593. 1007.  912.  555.  369.  331.  156.    0.
494. 847. 844. 939. 948. 603. 230.  45.   0.   0.
552. 773. 910. 671. 599. 473. 404. 308. 179.  81.
 533.  686. 1135.  745.  645.  479.  302.  246.  147.   32.
 448.  416.  497.  488.  604.  760. 1277.  460.    0.    0.
432. 446. 510. 519. 596. 902. 911. 634.   0.   0.
 451.  436.  479.  535.  587.  718. 1209.  535.    0.    0.
 441.  506.  572. 1013.  829.  590.  421.  317.  227.   34.
442. 455. 474. 536. 644. 864. 978. 557.   0.   0.
 509.  460.  417.  448.  596.  784. 1346.  390.    0.    0.
 463.  496.  585. 1143.  832.  628.  408.  259.  127.    9.
816. 766. 703. 652. 626. 530. 439. 299. 114.   5.
458. 568. 601. 979. 842. 653. 501. 282.  66.   0.
451. 627. 878. 997. 660. 522. 366. 322. 117.  10.
484. 635. 801. 785. 625. 534. 466. 329. 271.  20.
 500.  768. 1120.  817.  573.  505.  286.  220.  121.   40.
557. 783. 984. 683. 535. 552. 407. 283. 124.  42.
451. 546. 761. 734. 767. 671. 418. 479. 123.   0.
418. 614. 628. 905. 848. 526. 503. 345. 163.   0.
479. 837. 804. 981. 980. 549. 233.  86.   1.   0.
