 558.  982. 1151.  823.  659.  346.  167.  141.   94.   29.
387. 391. 372. 363. 479. 495. 911. 869. 498. 185.
524. 973. 933. 704. 600. 479. 303. 245. 145.  44.
444. 776. 801. 660. 552. 446. 387. 358. 262. 264.
395. 407. 464. 510. 921. 587. 480. 381. 339. 466.
 370.  436.  429.  509. 1148.  642.  471.  384.  290.  271.
 389.  417.  474.  451. 1226.  654.  506.  357.  220.  256.
383. 424. 485. 474. 921. 453. 496. 479. 369. 466.
 414.  459.  468.  479. 1025.  671.  397.  291.  356.  390.
 359.  432.  467.  484. 1078.  580.  479.  380.  334.  357.
 413.  411.  436.  462. 1130.  595.  434.  443.  343.  283.
 413.  481.  411.  490. 1007.  506.  416.  453.  398.  375.
 434.  414.  467.  476. 1090.  532.  567.  417.  237.  316.
 391.  447.  471.  502. 1082.  596.  429.  375.  368.  289.
383. 417. 456. 515. 975. 550. 524. 390. 306. 434.
 414.  452.  493.  508. 1155.  676.  491.  282.  203.  276.
380. 433. 478. 491. 933. 526. 478. 444. 355. 432.
 383.  452.  435.  485. 1019.  641.  385.  359.  419.  372.
 438.  395.  449.  473. 1208.  579.  533.  378.  264.  233.
396. 456. 440. 473. 956. 517. 485. 463. 400. 364.
 386.  420.  447.  497. 1085.  590.  448.  412.  332.  333.
 394.  452.  410.  465. 1032.  537.  455.  490.  356.  359.
 373.  466.  457.  487. 1083.  651.  459.  370.  313.  291.
391. 413. 404. 533. 973. 597. 438. 347. 445. 409.
477. 501. 485. 450. 834. 429. 426. 428. 527. 393.
 419.  421.  412.  474. 1092.  562.  503.  402.  387.  278.
 410.  428.  380.  432. 1277.  680.  458.  369.  343.  173.
 386.  421.  412.  450. 1152.  606.  521.  388.  389.  225.
386. 412. 467. 514. 956. 571. 437. 436. 306. 465.
 405.  409.  459.  471. 1077.  638.  423.  482.  311.  275.
 408.  430.  548.  467. 1025.  604.  436.  440.  293.  299.
 395.  358.  450.  455. 1120.  615.  436.  391.  345.  385.
 355.  418.  456.  496. 1107.  594.  498.  368.  288.  370.
392. 393. 452. 480. 995. 649. 432. 319. 287. 551.
 382.  417.  484.  542. 1099.  625.  485.  335.  185.  396.
 366.  425.  433.  516. 1124.  651.  478.  373.  287.  297.
385. 445. 432. 557. 938. 541. 538. 295. 358. 461.
 398.  429.  474.  458. 1183.  706.  483.  309.  278.  232.
 381.  427.  457.  457. 1003.  511.  483.  492.  366.  373.
 413.  369.  405.  528. 1150.  634.  467.  327.  278.  379.
 364.  420.  449.  480. 1233.  741.  428.  319.  217.  299.
 390.  373.  478.  450. 1089.  591.  481.  465.  329.  304.
 382.  402.  436.  508. 1103.  614.  488.  405.  265.  347.
 377.  473.  498.  482. 1089.  597.  445.  407.  293.  289.
 391.  385.  482.  513. 1083.  578.  514.  366.  300.  338.
 374.  437.  411.  485. 1089.  576.  470.  446.  344.  318.
 382.  395.  481.  464. 1090.  614.  476.  371.  373.  304.
409. 491. 420. 492. 821. 417. 472. 484. 473. 471.
 408.  419.  435.  502. 1004.  581.  505.  410.  303.  383.
 406.  409.  452.  458. 1032.  535.  468.  458.  427.  305.
 415.  439.  443.  494. 1066.  639.  488.  337.  286.  343.
369. 423. 449. 519. 981. 626. 494. 306. 308. 475.
 374.  417.  477.  462. 1091.  634.  477.  369.  340.  309.
 377.  407.  482.  489. 1151.  667.  414.  392.  331.  240.
 537. 1077.  800.  627.  573.  450.  444.  279.  120.   43.
492. 950. 940. 699. 574. 508. 353. 266. 118.  50.
