346. 413. 459. 450. 467. 892. 616. 495. 655. 157.
 363.  380.  387.  445.  430.  490.  610. 1273.  453.  119.
 468.  515.  567.  720. 1083.  714.  534.  332.   17.    0.
436. 641. 647. 806. 955. 655. 499. 260.  51.   0.
345. 768. 901. 950. 942. 661. 297.  83.   3.   0.
532. 980. 799. 672. 560. 496. 357. 244. 229.  81.
472. 573. 696. 705. 824. 691. 625. 296.  68.   0.
 508.  798.  909. 1037.  702.  424.  307.  197.   59.    9.
1048.  962.  854.  690.  571.  379.  270.  107.   41.   28.
980. 819. 834. 701. 494. 458. 318. 184. 120.  42.
897. 844. 756. 620. 529. 456. 375. 243. 164.  66.
920. 799. 672. 598. 547. 444. 396. 320. 189.  65.
973. 764. 769. 703. 508. 484. 363. 171. 138.  77.
962. 845. 729. 662. 567. 453. 339. 241. 129.  23.
939. 776. 662. 612. 519. 431. 378. 365. 216.  52.
1012.  895.  803.  751.  572.  378.  234.  182.   94.   29.
710. 701. 882. 831. 883. 621. 279.  43.   0.   0.
880. 841. 741. 621. 535. 461. 351. 285. 162.  73.
927. 841. 787. 660. 560. 431. 342. 206. 138.  58.
990. 878. 756. 662. 570. 461. 320. 201.  90.  22.
507. 865. 755. 783. 591. 527. 477. 297. 128.  20.
668. 960. 868. 702. 518. 368. 470. 242. 131.  23.
 493.  533. 1189.  752.  661.  487.  369.  274.  155.   37.
 440.  468.  490.  492.  588.  698. 1278.  496.    0.    0.
 452.  426.  486.  523.  536.  734. 1266.  527.    0.    0.
 427.  438.  487.  508.  585.  695. 1233.  577.    0.    0.
 422.  440.  518.  472.  618.  699. 1243.  538.    0.    0.
 439.  456.  463.  486.  596.  724. 1234.  552.    0.    0.
 484.  438.  422.  504.  546.  791. 1328.  437.    0.    0.
 428.  463.  484.  509.  593.  721. 1260.  492.    0.    0.
 476.  550.  543.  752. 1154.  573.  406.  329.  167.    0.
 448.  479.  508.  672.  615.  820. 1111.  297.    0.    0.
443. 519. 524. 686. 800. 823. 787. 346.  22.   0.
870. 805. 664. 567. 471. 489. 430. 317. 226. 111.
935. 844. 777. 711. 539. 454. 317. 197. 132.  44.
716. 691. 570. 559. 629. 656. 655. 421.  53.   0.
932. 793. 751. 631. 493. 496. 363. 285. 156.  50.
655. 883. 951. 870. 971. 416. 167.  37.   0.   0.
904. 803. 663. 591. 546. 459. 407. 326. 184.  67.
935. 881. 735. 622. 553. 467. 363. 240. 130.  24.
890. 804. 683. 559. 552. 424. 410. 318. 227.  83.
962. 753. 706. 500. 534. 454. 478. 326. 176.  61.
934. 945. 829. 667. 509. 446. 282. 192.  98.  48.
933. 827. 752. 712. 552. 444. 300. 244. 142.  44.
923. 877. 749. 652. 522. 468. 342. 251. 135.  31.
937. 804. 742. 634. 608. 448. 318. 257. 170.  32.
903. 838. 680. 627. 516. 464. 372. 309. 192.  49.
929. 812. 720. 692. 604. 415. 293. 236. 177.  72.
951. 886. 778. 689. 557. 415. 324. 213. 115.  22.
835. 744. 691. 662. 632. 510. 344. 278. 210.  44.
879. 684. 746. 593. 536. 514. 436. 343. 194.  25.
798. 756. 682. 575. 537. 504. 457. 353. 216.  72.
936. 732. 588. 423. 440. 521. 566. 436. 275.  33.
844. 758. 653. 683. 641. 486. 359. 299. 192.  35.
820. 805. 653. 650. 579. 485. 414. 336. 182.  26.
868. 771. 780. 660. 568. 520. 339. 253. 161.  30.
834. 711. 608. 586. 511. 522. 436. 392. 294.  56.
847. 842. 786. 683. 559. 511. 371. 222. 115.  14.
808. 816. 699. 661. 593. 495. 389. 294. 156.  39.
912. 799. 678. 649. 601. 500. 392. 277. 119.  23.
827. 741. 710. 670. 582. 511. 372. 276. 190.  71.
846. 800. 695. 666. 556. 521. 402. 293. 158.  13.
807. 815. 680. 584. 591. 521. 418. 302. 177.  55.
825. 735. 726. 644. 630. 484. 362. 316. 176.  52.
819. 694. 613. 586. 512. 511. 432. 371. 314.  98.
853. 828. 776. 636. 575. 480. 378. 272. 126.  26.
846. 794. 681. 618. 509. 514. 442. 309. 203.  34.
821. 809. 683. 587. 540. 525. 449. 341. 163.  32.
851. 815. 617. 544. 514. 498. 499. 388. 197.  27.
911. 786. 703. 639. 587. 478. 409. 304. 119.  14.
867. 748. 642. 586. 487. 504. 480. 385. 211.  40.
839. 832. 713. 651. 551. 480. 386. 308. 172.  18.
805. 824. 717. 661. 583. 507. 393. 265. 166.  29.
548. 678. 594. 611. 591. 784. 583. 425. 136.   0.
441. 609. 905. 804. 704. 716. 554. 217.   0.   0.
843. 700. 804. 699. 565. 501. 351. 260. 212.  15.
882. 774. 653. 591. 537. 460. 418. 359. 223.  53.
834. 750. 697. 695. 619. 462. 394. 325. 160.  14.
570. 885. 856. 770. 620. 448. 450. 253.  92.   6.
510. 649. 705. 781. 703. 694. 542. 308.  58.   0.
634. 765. 883. 840. 564. 487. 488. 250.  39.   0.
698. 919. 847. 701. 575. 535. 401. 212.  58.   4.
838. 745. 761. 585. 616. 418. 403. 260. 185. 139.
 556.  814. 1048. 1013.  800.  476.  198.   45.    0.    0.
575. 693. 801. 909. 749. 526. 291. 247. 135.  24.
 455.  569. 1020.  829.  677.  504.  401.  277.  177.   41.
500. 723. 683. 802. 799. 688. 429. 224.  99.   3.
 480.  488.  490.  514.  571.  728. 1375.  304.    0.    0.
 632.  815. 1033. 1058.  629.  426.  284.   73.    0.    0.
 708.  965. 1009.  958.  688.  423.  156.   43.    0.    0.
969. 844. 784. 674. 573. 441. 282. 206. 133.  44.
704. 866. 969. 692. 523. 689. 277. 140.  90.   0.
 537.  930. 1012.  802.  671.  490.  339.  136.   27.    6.
 429. 1088.  776.  599.  548.  474.  391.  314.  206.  125.
481. 989. 750. 689. 532. 476. 388. 245. 216. 184.
 463. 1129.  830.  672.  598.  467.  329.  242.  141.   79.
 490. 1060.  736.  501.  565.  408.  409.  365.  241.  175.
