562. 931. 903. 728. 550. 463. 406. 222. 135.  50.
 449. 1008. 1001.  895.  674.  446.  297.  140.   40.    0.
735. 637. 637. 539. 652. 501. 424. 412. 383.  30.
 450.  468.  476.  532.  655.  830. 1070.  469.    0.    0.
491. 544. 700. 849. 638. 550. 469. 404. 226.  79.
 452.  532.  753. 1144.  682.  535.  428.  257.  142.   25.
510. 781. 972. 626. 526. 513. 485. 321. 169.  47.
484. 568. 981. 785. 697. 468. 337. 302. 233.  95.
5.400e+02 5.720e+02 8.170e+02 1.032e+03 7.230e+02 5.890e+02 4.320e+02
 1.770e+02 6.700e+01 1.000e+00
449. 491. 538. 974. 865. 726. 417. 363. 127.   0.
 451.  580.  835. 1114.  749.  422.  343.  249.  175.   32.
458. 460. 551. 711. 982. 774. 556. 366.  92.   0.
431. 554. 828. 926. 688. 448. 341. 323. 306. 105.
 459.  460.  498.  500. 1223.  877.  561.  251.  121.    0.
 486. 1181.  832.  684.  570.  465.  351.  216.  133.   32.
509. 896. 845. 729. 574. 483. 342. 313. 180.  79.
 430.  591.  862. 1134.  795.  411.  336.  233.  158.    0.
 439.  462.  530.  592. 1190.  541.  479.  569.  148.    0.
472. 769. 989. 662. 497. 490. 454. 313. 208.  96.
 479.  446.  455.  619. 1062.  743.  400.  407.  339.    0.
563. 985. 797. 699. 490. 479. 413. 240. 183. 101.
886. 850. 748. 682. 550. 463. 295. 264. 131.  81.
493. 858. 873. 558. 550. 447. 473. 371. 264.  63.
440. 477. 494. 600. 990. 757. 522. 423. 247.   0.
 585. 1109.  756.  573.  543.  473.  418.  291.  162.   40.
454. 528. 872. 861. 634. 548. 396. 345. 229.  83.
838. 948. 696. 562. 526. 504. 421. 288. 139.  28.
 450.  428.  485.  665. 1200.  610.  447.  490.  175.    0.
 484. 1001.  788.  791.  570.  468.  313.  267.  199.   69.
451. 516. 553. 862. 676. 578. 550. 389. 348.  27.
977. 849. 632. 541. 524. 482. 448. 327. 139.  31.
606. 894. 775. 646. 551. 480. 362. 302. 246.  88.
 538. 1026.  918.  639.  598.  438.  370.  207.  164.   52.
 444.  469.  533.  588. 1062.  837.  553.  436.   28.    0.
 457.  608. 1144.  885.  666.  406.  344.  271.  136.   33.
 474.  491.  556. 1081.  625.  698.  604.  299.  122.    0.
 456.  541.  741. 1044.  750.  394.  425.  345.  226.   28.
898. 828. 718. 704. 553. 466. 278. 261. 149.  95.
471. 830. 900. 740. 549. 507. 347. 281. 202. 123.
459. 538. 591. 794. 813. 592. 535. 392. 236.   0.
 444.  547.  687. 1146.  740.  451.  411.  351.  173.    0.
811. 941. 761. 699. 549. 442. 347. 254. 118.  28.
441. 563. 945. 919. 685. 523. 314. 259. 228.  73.
 455.  467.  485.  576. 1176.  787.  491.  486.   27.    0.
 457.  543.  793. 1032.  780.  435.  351.  285.  264.   10.
490. 528. 592. 838. 809. 644. 441. 407. 201.   0.
464. 491. 541. 724. 855. 996. 755. 124.   0.   0.
469. 542. 635. 927. 842. 653. 442. 321. 109.  10.
 487.  523.  618. 1096.  963.  536.  380.  241.   96.   10.
 462.  516.  624. 1202.  719.  567.  353.  312.  151.   44.
 502.  472.  704. 1337.  731.  491.  327.  230.  104.   52.
939. 726. 614. 501. 452. 431. 455. 344. 351. 137.
