 456.  620. 1017.  810.  585.  547.  354.  324.  138.   99.
467. 470. 662. 881. 734. 494. 361. 448. 319. 114.
436. 514. 600. 694. 801. 567. 514. 448. 341.  35.
434. 494. 567. 765. 769. 681. 465. 399. 336.  40.
399. 522. 565. 623. 678. 737. 785. 573.  68.   0.
512. 594. 679. 919. 777. 556. 462. 445.   6.   0.
430. 560. 875. 925. 683. 588. 432. 295. 162.   0.
668. 727. 738. 702. 632. 601. 396. 299. 150.  37.
971. 949. 783. 699. 547. 372. 277. 206. 116.  30.
909. 864. 787. 628. 570. 447. 344. 230. 146.  25.
732. 712. 698. 487. 398. 397. 491. 463. 328. 244.
833. 889. 752. 635. 535. 463. 375. 267. 152.  49.
520. 838. 660. 572. 485. 465. 563. 575. 270.   2.
803. 953. 766. 690. 549. 442. 333. 229. 136.  49.
506. 600. 935. 695. 582. 439. 471. 317. 202. 203.
443. 499. 695. 966. 669. 567. 436. 311. 355.   9.
489. 548. 524. 719. 723. 662. 460. 477. 328.  20.
432. 501. 633. 740. 929. 636. 535. 328. 208.   8.
355. 555. 633. 568. 694. 697. 854. 575.  19.   0.
488. 663. 597. 892. 677. 525. 432. 650.  26.   0.
472. 632. 806. 826. 676. 587. 518. 314. 119.   0.
721. 573. 569. 543. 536. 743. 486. 405. 264. 110.
916. 884. 820. 641. 605. 406. 316. 207.  99.  56.
915. 843. 694. 687. 579. 430. 343. 266. 164.  29.
677. 737. 668. 561. 465. 441. 425. 382. 351. 243.
821. 836. 714. 658. 574. 426. 350. 298. 196.  77.
553. 812. 685. 681. 613. 513. 396. 432. 260.   5.
817. 897. 803. 683. 528. 453. 370. 223. 128.  48.
