 395.  444.  479.  569.  516.  550. 1273.  593.  128.    3.
 407.  454.  543.  503.  567.  558. 1190.  615.  108.    5.
 421.  409.  432.  469.  495.  600. 1206.  640.  257.   21.
 408.  400.  506.  518.  574.  597. 1287.  549.  109.    2.
 409.  423.  478.  492.  541.  614. 1260.  566.  161.    6.
 406.  427.  502.  541.  605.  586. 1312.  504.   67.    0.
 424.  413.  487.  574.  551.  553. 1246.  561.  141.    0.
 414.  433.  522.  534.  558.  571. 1251.  529.  138.    0.
3.920e+02 4.020e+02 4.990e+02 5.710e+02 5.890e+02 5.570e+02 1.405e+03
 4.510e+02 8.300e+01 1.000e+00
 391.  429.  471.  488.  532.  564. 1342.  542.  189.    2.
 426.  410.  488.  563.  540.  526. 1274.  589.  134.    0.
 408.  462.  489.  498.  563.  590. 1351.  483.  106.    0.
 406.  466.  473.  539.  550.  560. 1321.  519.  116.    0.
 418.  450.  491.  482.  498.  559. 1400.  522.  130.    0.
 429.  397.  506.  544.  604.  589. 1294.  480.  105.    2.
4.030e+02 4.490e+02 4.800e+02 4.690e+02 5.780e+02 5.700e+02 1.271e+03
 5.840e+02 1.450e+02 1.000e+00
4.040e+02 4.520e+02 5.020e+02 5.050e+02 5.920e+02 5.030e+02 1.277e+03
 5.780e+02 1.360e+02 1.000e+00
 403.  424.  495.  502.  566.  590. 1261.  591.  116.    2.
 433.  435.  424.  520.  526.  594. 1357.  495.  159.    7.
 412.  434.  422.  574.  525.  577. 1295.  583.  128.    0.
 411.  397.  472.  579.  527.  549. 1356.  534.  125.    0.
 391.  445.  500.  487.  592.  599. 1343.  494.   99.    0.
 420.  396.  491.  523.  482.  612. 1265.  566.  192.    3.
 392.  436.  493.  541.  591.  589. 1311.  484.  113.    0.
 442.  468.  543.  552.  597.  545. 1219.  463.  119.    2.
 415.  449.  470.  474.  572.  570. 1346.  516.  132.    6.
 392.  414.  489.  521.  551.  593. 1309.  553.  128.    0.
 394.  413.  501.  511.  529.  572. 1278.  624.  128.    0.
 406.  376.  590.  468.  586.  614. 1300.  495.  112.    3.
 482.  473.  453.  490.  488.  613. 1175.  666.  110.    0.
 392.  437.  479.  560.  584.  560. 1338.  486.  114.    0.
 386.  440.  494.  523.  560.  571. 1325.  532.  119.    0.
 422.  430.  527.  555.  530.  556. 1285.  515.  130.    0.
 401.  428.  494.  520.  553.  564. 1307.  541.  142.    0.
 400.  394.  492.  505.  539.  738. 1029.  565.  209.   79.
 391.  420.  490.  478.  565.  851. 1070.  521.  142.   22.
 407.  431.  453.  451.  501.  764. 1103.  527.  248.   65.
 400.  459.  477.  584.  570.  764. 1049.  461.  151.   35.
421. 435. 519. 486. 532. 707. 987. 528. 238.  97.
374. 473. 491. 506. 541. 764. 978. 554. 220.  49.
 425.  406.  453.  512.  563.  853. 1111.  462.  116.   49.
 403.  472.  501.  459.  560.  873. 1032.  464.  151.   35.
431. 455. 429. 596. 565. 717. 942. 530. 197.  88.
 398.  430.  497.  492.  566.  734. 1037.  538.  201.   57.
 409.  421.  467.  556.  556.  713. 1137.  542.  117.   32.
376. 455. 510. 511. 610. 798. 993. 494. 177.  26.
 417.  442.  474.  474.  592.  785. 1015.  511.  185.   55.
 387.  480.  417.  450.  529.  608. 1261.  566.  237.   15.
 408.  459.  495.  521.  580.  569. 1228.  551.  121.   18.
 379.  450.  438.  525.  512.  583. 1250.  586.  192.   35.
 395.  440.  496.  521.  506.  613. 1320.  546.  110.    3.
 414.  447.  483.  457.  471.  639. 1195.  601.  210.   33.
 373.  477.  437.  480.  537.  590. 1300.  605.  149.    2.
 379.  445.  467.  511.  536.  565. 1329.  573.  142.    3.
4.030e+02 4.080e+02 4.920e+02 5.020e+02 5.870e+02 6.130e+02 1.287e+03
 5.360e+02 1.210e+02 1.000e+00
 417.  431.  478.  434.  569.  628. 1274.  600.  119.    0.
 443.  425.  407.  536.  502.  550. 1336.  591.  158.    2.
 382.  434.  502.  533.  554.  605. 1267.  530.  143.    0.
 370.  458.  490.  528.  554.  587. 1332.  525.  106.    0.
4.400e+02 4.230e+02 4.780e+02 5.080e+02 4.560e+02 5.480e+02 1.377e+03
 5.040e+02 2.150e+02 1.000e+00
 438.  385.  474.  439.  500.  587. 1260.  593.  269.    5.
 397.  463.  438.  468.  572.  554. 1362.  536.  160.    0.
 384.  462.  427.  476.  538.  556. 1345.  579.  183.    0.
 371.  465.  499.  518.  613.  581. 1326.  501.   76.    0.
3.950e+02 4.680e+02 5.010e+02 4.850e+02 5.350e+02 6.010e+02 1.341e+03
 5.260e+02 9.700e+01 1.000e+00
 402.  424.  466.  555.  524.  654. 1308.  512.  105.    0.
 387.  441.  480.  481.  536.  597. 1272.  564.  190.    2.
 406.  494.  454.  442.  495.  586. 1268.  588.  212.    5.
 420.  461.  473.  531.  592.  575. 1267.  531.  100.    0.
 493.  460.  547.  618.  522.  526. 1194.  504.   86.    0.
3.840e+02 4.430e+02 4.740e+02 5.630e+02 5.560e+02 6.030e+02 1.346e+03
 4.880e+02 9.200e+01 1.000e+00
 395.  443.  454.  506.  507.  565. 1397.  529.  152.    2.
 415.  395.  505.  571.  497.  582. 1295.  520.  170.    0.
 406.  443.  451.  605.  596.  562. 1297.  452.  130.    8.
 361.  469.  455.  549.  524.  593. 1300.  564.  133.    2.
 386.  469.  478.  448.  529.  628. 1255.  592.  162.    3.
 418.  418.  501.  501.  549.  608. 1281.  567.  107.    0.
 403.  436.  506.  511.  497.  578. 1224.  621.  166.    8.
 405.  448.  480.  487.  532.  591. 1355.  536.  114.    2.
 378.  476.  472.  509.  575.  592. 1280.  569.   99.    0.
 438.  420.  466.  487.  532.  552. 1375.  480.  198.    2.
421. 460. 423. 462. 521. 860. 999. 430. 251. 123.
 408.  407.  493.  538.  549.  771. 1052.  511.  182.   39.
 395.  430.  460.  525.  548.  807. 1097.  470.  163.   55.
 413.  432.  510.  509.  475.  700. 1053.  612.  210.   36.
370. 489. 495. 550. 583. 818. 963. 464. 182.  36.
372. 491. 461. 524. 568. 694. 956. 567. 255.  62.
 398.  451.  501.  531.  618.  711. 1080.  476.  140.   44.
 393.  457.  445.  556.  584.  892. 1041.  403.  151.   28.
 386.  393.  480.  544.  555.  763. 1074.  502.  171.   82.
 422.  426.  449.  553.  600.  774. 1122.  476.  110.   18.
 387.  442.  490.  463.  549.  844. 1038.  523.  176.   38.
389. 454. 467. 511. 543. 665. 975. 561. 265. 120.
 383.  418.  539.  500.  624.  737. 1009.  496.  185.   59.
 570. 1056.  845.  623.  594.  467.  342.  258.  125.   70.
481. 598. 875. 665. 610. 452. 395. 521. 351.   2.
 403.  437.  504.  494.  507.  634. 1244.  530.  177.   20.
 399.  482.  424.  480.  578.  872. 1016.  487.  190.   22.
508. 535. 895. 693. 601. 503. 337. 325. 531.  22.
845. 879. 708. 570. 512. 433. 402. 314. 213.  74.
419. 451. 513. 591. 851. 651. 526. 433. 503.  12.
 419.  500.  513. 1169.  644.  538.  463.  322.  288.   94.
810. 878. 724. 628. 477. 485. 379. 284. 218.  67.
398. 484. 496. 559. 998. 681. 534. 568. 226.   6.
454. 487. 577. 949. 577. 475. 400. 534. 446.  51.
937. 947. 830. 660. 575. 414. 303. 172. 102.  10.
867. 931. 752. 642. 574. 454. 366. 224. 102.  38.
472. 941. 832. 651. 512. 469. 449. 289. 212. 123.
346. 460. 473. 471. 601. 884. 690. 733. 276.  16.
420. 458. 450. 365. 552. 804. 824. 666. 375.  36.
459. 940. 805. 661. 557. 466. 380. 304. 255. 123.
902. 839. 739. 625. 507. 454. 381. 273. 155.  75.
655. 951. 719. 690. 558. 470. 335. 294. 218.  60.
450. 530. 952. 845. 614. 557. 365. 307. 314.  16.
 476.  470.  402.  576.  503.  585. 1355.  410.  134.   39.
391. 445. 505. 555. 497. 846. 974. 498. 170.  69.
471. 479. 899. 691. 619. 468. 378. 398. 463.  84.
785. 911. 753. 629. 543. 462. 389. 272. 142.  64.
 405.  475.  462.  643. 1046.  663.  497.  406.  337.   16.
 458.  430.  512. 1241.  740.  593.  358.  231.  281.  106.
828. 956. 766. 571. 549. 485. 404. 252. 103.  36.
 394.  503.  445.  541. 1045.  844.  481.  451.  226.   20.
444. 518. 552. 984. 617. 484. 468. 376. 424.  83.
872. 906. 749. 670. 524. 449. 359. 221. 140.  60.
373. 447. 419. 686. 967. 590. 514. 401. 427. 126.
 475.  564. 1057.  812.  601.  449.  390.  252.  202.  148.
882. 937. 794. 671. 563. 442. 314. 214. 102.  31.
464. 443. 379. 515. 949. 545. 455. 451. 588. 161.
 503.  468. 1020.  723.  577.  535.  367.  331.  300.  126.
900. 855. 658. 646. 486. 498. 383. 314. 148.  62.
