 536.  606.  583.  690.  810. 1509.  216.    0.    0.    0.
339. 740. 703. 755. 605. 735. 467. 303. 302.   1.
 394.  426.  496. 1044.  654.  489.  458.  378.  333.  278.
 513.  595.  641.  646.  788. 1503.  264.    0.    0.    0.
286. 710. 624. 728. 927. 896. 539. 240.   0.   0.
239. 622. 632. 783. 834. 742. 576. 333. 161.  28.
 442.  552. 1091.  813.  557.  471.  427.  255.  145.  197.
397. 857. 748. 690. 695. 543. 570. 334. 116.   0.
 474.  590. 1120.  714.  591.  500.  433.  277.  142.  109.
311. 659. 629. 651. 801. 784. 634. 481.   0.   0.
368. 680. 781. 829. 801. 732. 638. 111.  10.   0.
365. 707. 796. 650. 571. 595. 468. 458. 280.  60.
 446.  577. 1077.  728.  644.  479.  345.  338.  176.  140.
378. 833. 769. 715. 681. 583. 572. 311. 108.   0.
414. 735. 874. 860. 747. 746. 332. 193.  49.   0.
240. 621. 794. 935. 824. 728. 462. 346.   0.   0.
340. 785. 891. 934. 772. 595. 471. 158.   4.   0.
326. 639. 773. 892. 811. 662. 360. 265. 193.  29.
239. 525. 656. 937. 742. 644. 580. 344. 233.  50.
380. 744. 786. 742. 829. 558. 469. 290. 152.   0.
391. 821. 791. 867. 764. 671. 400. 222.  23.   0.
 436.  598. 1069.  751.  616.  478.  376.  269.  215.  142.
243. 534. 654. 857. 816. 677. 670. 321. 125.  53.
271. 565. 655. 701. 732. 752. 716. 420. 138.   0.
204. 551. 629. 933. 800. 752. 543. 298. 203.  37.
299. 660. 827. 946. 764. 690. 439. 207.  84.  34.
304. 612. 708. 942. 753. 680. 394. 273. 220.  64.
451. 564. 939. 579. 636. 508. 327. 335. 279. 332.
266. 604. 663. 813. 949. 742. 534. 375.   4.   0.
 248.  764.  856. 1068.  833.  609.  388.  182.    2.    0.
436. 568. 983. 651. 573. 500. 383. 291. 333. 232.
399. 790. 653. 535. 544. 574. 579. 420. 350. 106.
256. 550. 660. 887. 753. 683. 593. 296. 230.  42.
 524.  610.  536.  680.  772. 1482.  342.    4.    0.    0.
