 351.  385.  423.  445.  495.  478.  493. 1383.  383.  114.
 334.  370.  439.  424.  541.  511.  513. 1324.  393.  101.
879. 862. 761. 630. 584. 441. 342. 251. 133.  67.
 336.  378.  446.  438.  494.  519.  758. 1113.  363.  105.
 462.  424.  467.  538.  604.  704. 1322.  429.    0.    0.
 431.  472.  465.  512.  571.  723. 1300.  476.    0.    0.
 441.  437.  473.  521.  587.  701. 1335.  455.    0.    0.
 435.  449.  491.  475.  603.  700. 1358.  439.    0.    0.
 466.  443.  437.  534.  588.  699. 1371.  412.    0.    0.
 421.  479.  447.  524.  566.  749. 1318.  446.    0.    0.
 447.  458.  490.  506.  602.  723. 1291.  433.    0.    0.
 463.  479.  482.  498.  591.  683. 1295.  459.    0.    0.
