 788. 1079.  819.  529.  431.  438.  470.  309.   83.    4.
417. 672. 712. 860. 781. 757. 413. 258.  80.   0.
663. 933. 721. 677. 554. 493. 319. 286. 183. 121.
 416.  843. 1086.  791.  647.  485.  351.  202.  109.   20.
 541. 1039.  757.  625.  554.  477.  335.  284.  221.  117.
471. 581. 577. 919. 946. 530. 408. 347. 171.   0.
467. 489. 543. 772. 966. 704. 428. 281. 300.   0.
886. 749. 659. 566. 496. 473. 355. 347. 342.  77.
932. 781. 737. 618. 522. 456. 365. 289. 207.  43.
982. 761. 689. 684. 666. 419. 278. 193. 210.  68.
1022.  793.  704.  741.  608.  369.  291.  240.  159.   23.
884. 773. 635. 628. 513. 482. 349. 327. 234. 125.
1020.  816.  643.  668.  615.  457.  327.  248.  122.   34.
1012.  728.  753.  646.  601.  457.  288.  280.  158.   27.
1035.  877.  724.  622.  534.  478.  319.  233.  105.   23.
954. 807. 678. 621. 552. 462. 375. 287. 165.  49.
874. 880. 766. 678. 542. 434. 335. 233. 114.  94.
945. 789. 774. 620. 525. 517. 338. 251. 135.  56.
945. 755. 653. 706. 563. 379. 359. 337. 204.  49.
922. 822. 667. 563. 507. 481. 436. 304. 166.  82.
964. 874. 802. 651. 575. 436. 331. 192. 100.  25.
928. 825. 790. 643. 542. 439. 348. 258. 132.  45.
901. 851. 739. 662. 534. 457. 329. 276. 138.  63.
919. 872. 754. 604. 525. 469. 380. 243. 132.  52.
930. 845. 765. 670. 566. 420. 327. 190. 148.  89.
908. 781. 728. 599. 582. 424. 363. 299. 210.  56.
956. 861. 785. 627. 548. 451. 355. 223. 121.  23.
