423. 454. 439. 941. 933. 605. 470. 382. 264.  39.
492. 463. 552. 828. 915. 573. 478. 359. 211.  79.
482. 493. 526. 577. 915. 952. 494. 346. 159.   6.
 439.  489.  430.  442. 1095.  981.  554.  338.  143.   39.
400. 395. 444. 455. 443. 598. 955. 951. 293.  16.
4.120e+02 5.040e+02 4.650e+02 5.800e+02 6.540e+02 7.270e+02 1.192e+03
 4.150e+02 1.000e+00 0.000e+00
419. 473. 603. 634. 991. 708. 539. 363. 220.   0.
 513.  518.  504.  456.  472.  543. 1304.  609.   31.    0.
 421.  447.  497.  558.  544.  705. 1065.  713.    0.    0.
 485.  482.  489.  537.  636.  736. 1272.  313.    0.    0.
805. 787. 746. 689. 588. 519. 441. 254. 113.   8.
940. 906. 800. 654. 554. 442. 326. 195. 104.  29.
817. 710. 671. 582. 529. 478. 457. 358. 275.  73.
 433.  468.  528. 1055.  635.  526.  441.  388.  316.  160.
 405.  445.  557. 1107.  805.  568.  359.  317.  268.  119.
 512. 1098.  711.  542.  475.  512.  437.  349.  233.   81.
925. 754. 673. 566. 467. 493. 415. 336. 238.  83.
907. 783. 716. 597. 523. 470. 390. 284. 221.  59.
 483.  553. 1047.  761.  559.  494.  458.  335.  199.   61.
 458.  488. 1188.  897.  636.  485.  361.  244.  157.   36.
 512.  482. 1101.  774.  563.  459.  440.  347.  208.   64.
484. 560. 942. 949. 601. 472. 423. 247. 220.  52.
383. 518. 865. 794. 537. 539. 469. 332. 436.  77.
 461.  415.  491.  539.  610.  729. 1194.  511.    0.    0.
 463.  472.  505.  533.  585.  742. 1094.  556.    0.    0.
 447.  474.  506.  513.  568.  712. 1281.  449.    0.    0.
 476.  453.  490.  539.  565.  696. 1366.  365.    0.    0.
 421.  462.  454.  559.  588.  756. 1320.  390.    0.    0.
 447.  427.  463.  517.  606.  792. 1199.  499.    0.    0.
 376.  360.  465.  498.  447. 1007.  614.  487.  550.  146.
 421.  386.  609. 1000.  629.  430.  480.  399.  244.  352.
297. 447. 833. 946. 724. 716. 572. 277. 138.   0.
 374.  377.  473.  524.  494. 1160.  566.  422.  490.   70.
 480.  856. 1270. 1221.  712.  295.  114.    2.    0.    0.
979. 926. 824. 701. 529. 414. 311. 161.  86.  19.
800. 695. 727. 624. 576. 500. 431. 331. 223.  43.
952. 836. 705. 709. 559. 424. 320. 257. 148.  40.
