469. 932. 935. 742. 585. 407. 402. 241. 138.  99.
391. 518. 971. 820. 498. 460. 452. 414. 266. 160.
 386.  448.  455.  717. 1022.  650.  457.  316.  255.  244.
445. 979. 779. 737. 596. 490. 333. 222. 206. 163.
 500. 1102.  792.  720.  545.  501.  299.  185.  205.  101.
441. 680. 715. 689. 626. 626. 559. 393. 181.  40.
751. 822. 807. 709. 574. 492. 378. 211. 152.  54.
923. 882. 799. 634. 552. 480. 319. 216. 103.  42.
872. 793. 662. 585. 531. 511. 449. 359. 158.  30.
416. 446. 405. 376. 501. 550. 930. 671. 549. 106.
910. 726. 782. 630. 480. 467. 385. 226. 238. 106.
894. 955. 760. 619. 546. 408. 340. 232. 155.  41.
896. 902. 771. 625. 545. 439. 364. 234. 133.  41.
 831. 1061.  863.  766.  534.  395.  282.  153.   54.   11.
 412.  434.  469.  490. 1008.  566.  498.  483.  351.  239.
949. 998. 834. 604. 505. 398. 309. 222. 110.  21.
884. 947. 761. 607. 564. 435. 358. 265. 115.  14.
936. 880. 749. 660. 568. 454. 323. 239. 119.  22.
 394.  406.  405.  525. 1155.  750.  499.  321.  336.  159.
 385.  355.  427.  506.  517.  497. 1024.  596.  499.  144.
436. 430. 516. 681. 660. 840. 583. 607. 167.  30.
1069.  828.  715.  698.  554.  381.  331.  197.  102.   75.
806. 928. 706. 525. 496. 522. 442. 314. 148.  63.
690. 924. 716. 605. 513. 467. 446. 277. 216.  96.
761. 932. 696. 579. 510. 464. 405. 332. 183.  88.
705. 877. 705. 616. 569. 465. 336. 312. 215. 150.
 425.  647. 1039.  695.  552.  480.  420.  336.  239.  117.
 457. 1114.  857.  722.  589.  442.  336.  226.  155.   52.
441. 982. 711. 564. 471. 456. 395. 380. 291. 259.
 403.  427.  577.  670.  641. 1001.  617.  248.  350.   16.
436. 426. 812. 845. 552. 475. 450. 368. 296. 290.
 399.  426.  438.  439. 1179.  614.  502.  424.  308.  221.
755. 903. 647. 634. 520. 422. 394. 298. 254. 123.
387. 462. 459. 500. 774. 494. 488. 422. 393. 571.
380. 408. 491. 496. 912. 542. 503. 473. 338. 407.
 374.  420.  440.  480. 1133.  702.  501.  344.  316.  240.
 370.  411.  449.  494. 1142.  710.  513.  405.  216.  240.
386. 436. 401. 382. 449. 527. 714. 877. 602. 176.
434. 960. 739. 683. 578. 470. 381. 285. 235. 185.
824. 846. 676. 612. 524. 455. 390. 306. 203. 114.
368. 370. 442. 434. 405. 549. 908. 646. 673. 155.
883. 824. 738. 632. 567. 425. 376. 279. 171.  55.
955. 977. 687. 560. 455. 484. 413. 234. 126.  59.
962. 790. 668. 666. 537. 406. 385. 378. 124.  34.
818. 904. 797. 633. 619. 400. 321. 239. 174.  45.
 410.  395.  446.  535. 1072.  696.  437.  403.  377.  179.
919. 993. 757. 626. 512. 432. 329. 246. 119.  17.
837. 875. 764. 695. 570. 429. 331. 256. 164.  29.
965. 878. 863. 685. 540. 419. 283. 162. 121.  34.
 383.  444.  448.  527. 1040.  614.  515.  426.  318.  235.
 357.  352.  462.  476.  498.  604. 1023.  587.  498.   93.
777. 819. 601. 636. 602. 414. 334. 366. 262. 139.
 372.  379.  446.  410.  445.  527. 1072.  680.  480.  139.
906. 886. 818. 699. 575. 420. 266. 220. 127.  33.
858. 913. 780. 637. 530. 479. 353. 241. 144.  15.
916. 829. 795. 661. 571. 418. 343. 258. 125.  34.
782. 863. 658. 583. 514. 484. 386. 340. 249.  91.
 401.  398.  462.  487. 1041.  754.  343.  383.  418.  263.
 899. 1047.  854.  620.  530.  387.  308.  168.  109.   28.
819. 954. 816. 713. 605. 409. 268. 194. 129.  43.
901. 775. 718. 650. 621. 417. 309. 259. 213.  87.
 383.  442.  436.  482. 1117.  695.  444.  439.  307.  205.
358. 412. 416. 430. 418. 519. 909. 660. 623. 205.
731. 879. 791. 586. 606. 439. 356. 262. 185. 115.
343. 422. 416. 475. 523. 969. 584. 461. 646. 111.
 365.  389.  431.  482.  480. 1101.  640.  430.  495.  137.
573. 789. 818. 653. 455. 589. 460. 359. 193.  61.
379. 482. 454. 925. 684. 589. 415. 375. 306. 341.
 395.  435.  487. 1173.  824.  539.  448.  314.  137.  198.
629. 875. 792. 570. 603. 521. 442. 301. 119.  98.
465. 829. 856. 817. 580. 517. 330. 286. 196.  74.
 473. 1160.  898.  684.  560.  456.  317.  224.  128.   50.
 479. 1106.  855.  667.  592.  442.  314.  249.  157.   89.
368. 376. 389. 461. 501. 496. 786. 998. 435. 140.
431. 450. 869. 884. 650. 502. 391. 361. 305. 107.
738. 875. 682. 578. 472. 464. 427. 347. 216. 151.
 429.  476.  463.  504.  572.  721. 1320.  465.    0.    0.
 431.  455.  460.  521.  562.  769. 1315.  437.    0.    0.
384. 422. 434. 444. 517. 943. 600. 496. 589. 121.
387. 416. 482. 461. 443. 929. 579. 491. 637. 125.
499. 739. 813. 738. 602. 553. 375. 325. 253.  53.
 427.  459.  441. 1038.  825.  602.  459.  255.  139.  305.
416. 496. 494. 873. 546. 423. 466. 460. 492. 284.
 610. 1026.  791.  664.  609.  557.  390.  210.   69.   24.
478. 844. 921. 878. 591. 521. 363. 218.  87.  49.
 458. 1013.  785.  648.  545.  485.  345.  350.  180.  141.
527. 968. 769. 568. 476. 485. 428. 370. 216. 143.
384. 426. 444. 458. 428. 461. 720. 998. 465. 166.
436. 460. 853. 935. 676. 548. 371. 307. 234. 130.
753. 821. 737. 656. 526. 449. 385. 260. 211. 152.
 427.  461.  483.  495.  588.  715. 1327.  454.    0.    0.
 428.  465.  468.  510.  604.  752. 1262.  461.    0.    0.
