 476.  853. 1227.  942.  712.  432.  173.  117.   18.    0.
540. 520. 551. 679. 641. 730. 543. 614. 132.   0.
 475.  659. 1030. 1029.  773.  548.  260.  154.   22.    0.
477. 740. 943. 965. 835. 657. 229.  95.   9.   0.
 464.  465.  526.  654. 1100.  698.  488.  340.  215.    0.
 434.  490.  536.  637. 1206.  752.  454.  296.  145.    0.
 449.  512.  522.  596.  649. 1138.  860.  224.    0.    0.
 462.  737.  821.  819. 1124.  679.  185.  123.    0.    0.
 464.  530.  547.  586.  727. 1028.  833.  235.    0.    0.
 553.  531.  784.  954. 1100.  731.  208.   89.    0.    0.
465. 538. 623. 745. 765. 839. 406. 479.  90.   0.
468. 585. 666. 714. 891. 888. 514. 206.  18.   0.
