 363.  401.  453.  442.  503.  473. 1059.  630.  541.   85.
 537.  504.  594.  927. 1175.  640.  311.  201.   61.    0.
427. 738. 951. 786. 630. 593. 451. 275.  99.   0.
423. 471. 452. 548. 969. 701. 481. 366. 539.   0.
6.140e+02 7.270e+02 1.131e+03 1.047e+03 6.580e+02 3.370e+02 2.210e+02
 1.680e+02 4.600e+01 1.000e+00
 453.  451.  462.  513.  565.  728. 1335.  443.    0.    0.
 419.  472.  462.  514.  569.  759. 1308.  447.    0.    0.
 531. 1036.  852.  733.  617.  451.  340.  202.  148.   40.
 578. 1003.  816.  725.  621.  469.  312.  261.  142.   23.
 563. 1007.  822.  726.  609.  488.  337.  225.  153.   20.
396. 371. 415. 459. 731. 893. 574. 399. 506. 206.
288. 430. 634. 900. 964. 507. 685. 349. 168.  25.
289. 496. 536. 953. 938. 675. 551. 315. 183.  14.
291. 534. 902. 882. 845. 745. 456. 264.  31.   0.
290. 448. 503. 768. 894. 715. 562. 463. 288.  19.
307. 402. 551. 722. 794. 883. 576. 437. 228.  50.
425. 416. 476. 489. 706. 999. 516. 368. 405. 150.
