461. 446. 623. 918. 624. 563. 388. 394. 358. 175.
384. 435. 450. 513. 521. 633. 882. 746. 310.  76.
 359.  373.  458.  452.  534.  568. 1035.  576.  501.   94.
 424.  412.  486.  580. 1074.  492.  494.  480.  229.  279.
458. 968. 773. 642. 568. 468. 384. 317. 210. 162.
348. 396. 429. 494. 409. 498. 906. 677. 653. 140.
 372.  451.  688. 1021.  682.  530.  414.  319.  241.  232.
454. 764. 823. 689. 528. 464. 421. 301. 218. 288.
762. 887. 712. 684. 604. 447. 345. 215. 163. 131.
3.830e+02 4.550e+02 4.040e+02 4.310e+02 4.820e+02 5.460e+02 1.002e+03
 9.350e+02 3.110e+02 1.000e+00
378. 409. 433. 465. 453. 610. 933. 900. 335.  34.
 385.  391.  386.  476.  496.  571. 1048.  744.  431.   22.
 398.  415.  444.  425.  538.  624. 1069.  744.  274.   19.
390. 440. 425. 428. 449. 845. 605. 568. 655. 145.
361. 409. 456. 497. 457. 926. 586. 466. 656. 136.
457. 823. 793. 717. 529. 479. 434. 248. 251. 219.
547. 715. 713. 572. 570. 450. 407. 311. 227. 438.
 366.  390.  448.  424.  486.  519.  805. 1014.  435.   63.
 368.  356.  397.  532.  514.  490.  702. 1158.  328.  105.
 470.  547. 1074.  678.  615.  490.  394.  318.  262.  102.
 486.  506. 1228.  752.  641.  497.  327.  251.  153.  109.
 435.  463. 1118.  761.  550.  487.  418.  316.  207.  195.
696. 884. 662. 573. 540. 424. 414. 327. 231. 199.
 526. 1011. 1254. 1061.  597.  292.  122.   53.   34.    0.
355. 435. 394. 411. 467. 991. 675. 545. 572. 105.
 377.  392.  442.  467.  504.  521.  486. 1335.  339.   87.
474. 637. 912. 873. 649. 483. 393. 275. 240.  14.
744. 893. 766. 647. 546. 472. 361. 292. 181.  48.
 435.  503.  543. 1259.  676.  535.  427.  288.  276.    8.
 466.  543.  492.  578. 1107.  847.  634.  277.    6.    0.
452. 502. 555. 634. 985. 668. 658. 496.   0.   0.
 453.  483.  504.  659. 1159.  733.  444.  484.   31.    0.
346. 394. 449. 406. 548. 882. 828. 456. 541. 100.
360. 410. 440. 446. 465. 807. 755. 477. 696.  94.
