 532.  614.  781.  778. 1120.  632.  321.  147.   25.    0.
 458.  517.  542.  600.  745. 1148.  429.  296.  171.   44.
 481.  482.  603.  569.  617. 1084.  469.  342.  234.   69.
 451.  505.  580.  570.  788. 1167.  408.  310.  144.   27.
 475.  511.  614.  589.  703. 1118.  490.  277.  150.   23.
457. 538. 632. 656. 660. 972. 523. 324. 147.  41.
 445.  553.  577.  656.  741. 1030.  475.  287.  151.   35.
 458.  546.  562.  646.  696. 1044.  515.  277.  165.   41.
 452.  499.  599.  737.  633. 1011.  525.  313.  144.   37.
 463.  496.  638.  664.  596. 1030.  514.  318.  177.   54.
 466.  514.  549.  641.  678. 1095.  479.  301.  163.   64.
 444.  520.  567.  679.  762. 1149.  434.  244.  110.   41.
 451.  541.  561.  709.  624. 1017.  480.  295.  213.   59.
 479.  549.  535.  710.  819. 1245.  352.  174.   72.   15.
493. 592. 600. 545. 575. 895. 544. 414. 248.  44.
 440.  532.  590.  622.  707. 1132.  416.  289.  179.   43.
 439.  546.  502.  689.  709. 1113.  472.  261.  171.   48.
509. 508. 534. 718. 708. 952. 549. 244. 154.  74.
 491.  575.  506.  621.  673. 1046.  464.  315.  211.   48.
 531.  592.  769.  702. 1198.  599.  372.  157.   30.    0.
 528.  629.  637.  889. 1218.  536.  332.  167.   14.    0.
521. 668. 759. 716. 993. 691. 416. 171.  15.   0.
 512.  640.  704.  764. 1267.  613.  305.  129.   16.    0.
 575.  589.  677.  746. 1108.  617.  381.  235.   22.    0.
 539.  672.  740.  814. 1049.  608.  334.  147.   47.    0.
 519.  565.  775.  843. 1272.  531.  303.  140.    2.    0.
 539.  506.  798.  708. 1327.  560.  324.  147.   41.    0.
 511.  660.  714.  790. 1180.  596.  335.  151.   13.    0.
