 442.  487.  473. 1032.  935.  519.  416.  406.  240.    0.
477. 439. 500. 538. 560. 636. 809. 888. 103.   0.
 583.  840.  985. 1164.  970.  323.   85.    0.    0.    0.
864. 834. 720. 646. 577. 457. 408. 252. 139.  53.
688. 780. 726. 566. 895. 631. 472. 163.  29.   0.
685. 770. 742. 739. 841. 456. 479. 196.  42.   0.
548. 567. 914. 871. 615. 488. 559. 372.  16.   0.
 436.  472.  468.  529.  564.  716. 1315.  450.    0.    0.
 422.  457.  485.  503.  569.  747. 1310.  457.    0.    0.
433. 470. 511. 485. 635. 883. 965. 568.   0.   0.
 420.  453.  484.  506.  601.  730. 1298.  458.    0.    0.
 431.  453.  475.  512.  597.  731. 1204.  547.    0.    0.
 461.  460.  495.  521.  581.  753. 1350.  329.    0.    0.
 455.  461.  582. 1298.  818.  586.  361.  314.   75.    0.
374. 453. 461. 752. 894. 632. 448. 286. 258. 392.
 454.  453.  430.  509.  605.  752. 1285.  462.    0.    0.
435. 467. 863. 887. 665. 527. 367. 414. 310.  15.
938. 876. 730. 625. 507. 440. 389. 278. 138.  29.
 527.  565. 1272.  817.  654.  499.  366.  250.    0.    0.
397. 475. 457. 502. 702. 930. 541. 428. 518.   0.
 470.  436.  466.  472.  588.  683. 1370.  465.    0.    0.
435. 506. 556. 662. 838. 747. 578. 458. 170.   0.
937. 850. 708. 636. 571. 495. 391. 245.  97.  20.
676. 660. 579. 583. 552. 536. 402. 328. 509. 125.
681. 652. 559. 550. 522. 473. 415. 369. 629. 100.
894. 842. 698. 637. 548. 420. 393. 312. 165.  41.
 458.  407.  487.  543.  583.  709. 1295.  468.    0.    0.
 461.  463.  492.  517.  593.  732. 1278.  414.    0.    0.
 447.  424.  490.  508.  578.  740. 1328.  435.    0.    0.
 448.  443.  487.  518.  576.  728. 1382.  368.    0.    0.
 449.  457.  441.  522.  618.  768. 1227.  468.    0.    0.
390. 414. 508. 744. 886. 537. 465. 418. 290. 298.
 478.  523.  554. 1093.  707.  501.  546.  443.  105.    0.
 569.  592. 1091.  848.  619.  510.  339.  382.    0.    0.
433. 466. 773. 951. 685. 498. 392. 357. 246. 149.
