 489.  675. 1098.  772.  569.  533.  326.  267.  180.   41.
 512. 1015.  865.  744.  592.  457.  326.  278.  139.   22.
 399.  450.  441.  568. 1159.  622.  525.  325.  294.  167.
541. 925. 863. 622. 580. 464. 419. 292. 161.  83.
1000.  928.  842.  716.  557.  397.  239.  167.   71.   33.
901. 823. 760. 705. 522. 491. 270. 208. 156. 114.
899. 818. 720. 646. 541. 447. 353. 290. 172.  64.
931. 824. 780. 742. 522. 473. 313. 150. 129.  86.
721. 964. 791. 606. 557. 479. 356. 304. 126.  46.
 504.  576.  696. 1055.  736.  553.  416.  414.    0.    0.
 498.  675. 1096.  757.  618.  485.  406.  252.  163.    0.
512. 498. 714. 953. 855. 433. 385. 319. 271.  10.
 488.  643.  671.  832. 1312.  493.  311.  164.   36.    0.
518. 626. 795. 941. 833. 578. 398. 190.  66.   5.
 521.  581.  658.  612. 1004.  618.  463.  300.  179.   14.
438. 445. 492. 470. 954. 841. 578. 565. 167.   0.
440. 567. 491. 565. 716. 992. 872. 307.   0.   0.
338. 501. 952. 992. 983. 456. 552. 176.   0.   0.
467. 967. 877. 830. 586. 477. 412. 223. 110.   1.
 344.  459.  833. 1005.  937.  536.  707.  129.    0.    0.
413. 651. 940. 894. 827. 619. 444. 162.   0.   0.
559. 764. 868. 932. 636. 471. 375. 226. 101.  18.
506. 653. 914. 701. 606. 507. 413. 345. 242.  63.
 538.  651. 1237.  942.  658.  448.  280.  162.   34.    0.
 500.  902. 1163.  886.  595.  444.  289.  138.   33.    0.
487. 672. 957. 925. 663. 511. 394. 241.  97.   3.
 521. 1011. 1173.  926.  603.  349.  223.  115.   29.    0.
5.080e+02 6.420e+02 7.350e+02 1.209e+03 7.500e+02 4.700e+02 3.140e+02
 2.280e+02 9.300e+01 1.000e+00
541. 834. 934. 532. 541. 453. 522. 324. 269.   0.
458. 502. 519. 606. 931. 854. 754. 272.  54.   0.
624. 745. 668. 677. 689. 608. 675. 264.   0.   0.
652. 734. 702. 665. 655. 714. 639. 189.   0.   0.
484. 653. 978. 893. 588. 537. 440. 280.  97.   0.
 550. 1161.  902.  714.  551.  452.  292.  176.  120.   32.
