 396.  402.  464.  528. 1113.  620.  477.  298.  310.  342.
387. 459. 469. 838. 855. 620. 431. 317. 264. 310.
 435.  417.  430.  970. 1047.  668.  429.  218.  147.  189.
384. 424. 482. 800. 802. 533. 492. 412. 225. 396.
379. 448. 486. 805. 770. 579. 428. 359. 333. 363.
400. 455. 449. 802. 900. 586. 421. 354. 292. 291.
396. 456. 478. 798. 599. 408. 515. 458. 368. 474.
424. 453. 426. 851. 849. 585. 404. 297. 354. 307.
432. 465. 447. 818. 883. 616. 404. 254. 230. 401.
391. 438. 463. 747. 831. 610. 445. 339. 279. 407.
373. 414. 452. 797. 947. 658. 415. 355. 249. 290.
406. 380. 466. 773. 785. 550. 448. 403. 326. 413.
387. 452. 459. 846. 816. 589. 422. 376. 296. 307.
365. 408. 516. 804. 789. 590. 458. 415. 262. 343.
371. 438. 451. 822. 793. 550. 464. 423. 338. 300.
368. 452. 453. 773. 785. 515. 431. 406. 374. 393.
425. 414. 435. 799. 757. 486. 567. 351. 362. 354.
387. 424. 460. 804. 909. 616. 442. 367. 250. 291.
426. 385. 452. 778. 734. 585. 447. 294. 348. 501.
444. 438. 580. 780. 590. 480. 412. 389. 294. 543.
 395.  357.  442.  461.  484.  458.  549. 1290.  414.  100.
 375.  377.  420.  500.  491.  547.  471. 1371.  324.   74.
388. 409. 474. 733. 732. 580. 410. 384. 343. 497.
808. 793. 641. 581. 514. 437. 391. 361. 290. 134.
395. 404. 466. 798. 770. 584. 410. 363. 294. 466.
774. 766. 625. 595. 564. 455. 354. 320. 258. 239.
395. 411. 443. 841. 867. 566. 471. 342. 267. 347.
784. 901. 765. 643. 556. 473. 351. 260. 160.  57.
379. 423. 452. 817. 813. 598. 489. 332. 225. 422.
807. 843. 743. 671. 530. 454. 352. 256. 206.  88.
383. 454. 473. 797. 752. 553. 467. 377. 385. 309.
412. 449. 476. 786. 755. 481. 475. 393. 294. 429.
387. 449. 460. 894. 758. 573. 514. 435. 248. 232.
382. 418. 449. 871. 946. 508. 511. 379. 238. 248.
431. 498. 580. 767. 710. 448. 346. 409. 318. 443.
418. 405. 468. 761. 841. 597. 501. 366. 159. 434.
401. 468. 488. 726. 686. 527. 438. 333. 343. 540.
438. 389. 422. 829. 904. 680. 427. 271. 254. 336.
442. 442. 498. 757. 645. 446. 444. 495. 395. 386.
362. 415. 468. 896. 863. 560. 495. 411. 280. 200.
375. 418. 456. 876. 855. 636. 434. 404. 232. 264.
374. 439. 451. 806. 829. 590. 472. 327. 287. 375.
364. 399. 434. 437. 482. 539. 903. 790. 533.  69.
865. 856. 779. 624. 545. 479. 326. 287. 141.  48.
