1006.  825.  773.  600.  482.  493.  358.  236.  142.   35.
 606. 1098.  957.  730.  545.  466.  298.  150.   91.    9.
 882. 1031.  814.  716.  598.  386.  229.  154.   94.   46.
 458.  496.  766. 1120.  721.  545.  398.  255.  148.   43.
 415.  442.  498.  506.  603.  715. 1329.  442.    0.    0.
 414.  444.  476.  592.  608.  723. 1255.  423.   15.    0.
 457.  464.  502.  495.  535.  834. 1238.  412.   13.    0.
 419.  447.  530.  543.  579.  726. 1243.  421.   42.    0.
 420.  418.  519.  538.  539.  773. 1233.  465.   45.    0.
 453.  483.  499.  475.  543.  885. 1049.  525.   38.    0.
 434.  476.  469.  546.  517.  824. 1175.  446.   63.    0.
 387.  488.  488.  549.  559.  791. 1234.  406.   48.    0.
 420.  475.  492.  565.  596.  872. 1208.  314.    8.    0.
 424.  433.  528.  550.  621.  806. 1238.  343.    7.    0.
 470.  446.  463.  595.  548.  927. 1205.  268.   28.    0.
