 489. 1055.  824.  728.  565.  505.  308.  208.  190.   78.
 717. 1008.  779.  641.  568.  454.  376.  254.  130.   23.
548. 962. 856. 689. 572. 498. 382. 218. 168.  57.
962. 870. 841. 712. 529. 445. 286. 162. 114.  29.
928. 798. 710. 635. 582. 436. 360. 283. 192.  26.
1022.  899.  703.  593.  541.  488.  372.  213.   88.   31.
912. 805. 699. 613. 521. 478. 417. 314. 161.  30.
940. 834. 774. 669. 541. 436. 357. 226. 158.  15.
964. 846. 708. 610. 566. 490. 368. 227. 115.  56.
926. 833. 710. 663. 536. 435. 334. 279. 180.  54.
885. 796. 768. 634. 537. 468. 400. 244. 153.  65.
