 418.  437.  475.  552.  515.  747. 1057.  694.   55.    0.
4.950e+02 5.350e+02 6.150e+02 6.780e+02 1.103e+03 6.590e+02 3.970e+02
 3.330e+02 1.340e+02 1.000e+00
809. 806. 689. 665. 548. 435. 421. 303. 187.  87.
502. 964. 692. 597. 528. 502. 393. 429. 255.  88.
830. 831. 664. 615. 557. 468. 423. 343. 172.  47.
974. 853. 735. 590. 578. 474. 381. 228. 103.  34.
 492.  444.  441.  535.  634.  710. 1365.  329.    0.    0.
 461.  490.  483.  504.  593.  784. 1249.  386.    0.    0.
 426.  443.  460.  525.  645. 1127.  692.  577.   55.    0.
 471. 1041.  789.  652.  495.  516.  389.  361.  204.   32.
 445. 1072.  760.  659.  545.  448.  397.  339.  205.   80.
 471. 1003.  815.  591.  577.  449.  406.  276.  256.  106.
 523. 1079.  815.  666.  592.  452.  336.  319.  168.    0.
 541. 1136.  731.  605.  521.  412.  374.  410.  208.   12.
442. 979. 797. 585. 520. 437. 428. 376. 251. 135.
 416. 1070.  823.  589.  520.  498.  413.  321.  193.  107.
553. 980. 814. 544. 471. 545. 348. 441. 254.   0.
 437.  445.  479.  532.  593.  707. 1326.  431.    0.    0.
 443.  461.  462.  510.  602.  711. 1303.  458.    0.    0.
 419.  484.  512.  534.  657. 1059.  842.  419.   24.    0.
463. 684. 619. 695. 851. 958. 525. 155.   0.   0.
 471. 1050.  842.  563.  534.  509.  441.  339.  165.   36.
537. 693. 911. 992. 692. 482. 346. 174. 100.  23.
974. 821. 637. 542. 493. 430. 448. 359. 195.  51.
1018.  960.  789.  685.  481.  402.  273.  194.  108.   40.
927. 797. 717. 654. 554. 425. 361. 297. 159.  59.
 542.  595.  698. 1158.  719.  533.  380.  251.   74.    0.
902. 771. 693. 584. 472. 512. 369. 319. 230.  98.
968. 823. 666. 596. 535. 450. 424. 327. 131.  30.
931. 869. 747. 662. 536. 470. 353. 221. 106.  55.
 485.  504.  637.  672. 1110.  676.  493.  259.  114.    0.
 434.  453.  480.  531.  613. 1054.  771.  574.   40.    0.
831. 603. 615. 680. 469. 492. 466. 244. 263. 287.
536. 979. 920. 746. 614. 455. 306. 222. 134.  38.
