 463. 1030. 1034.  770.  575.  447.  326.  198.   88.   19.
 466.  549.  590.  825. 1141.  566.  366.  288.  159.    0.
465. 553. 590. 657. 843. 971. 690. 177.   4.   0.
 463.  541.  519.  553.  668. 1189.  875.  142.    0.    0.
 448.  466.  583.  568.  717. 1097.  926.  145.    0.    0.
446. 428. 479. 581. 769. 659. 628. 631. 329.   0.
 496.  473.  575. 1035.  861.  580.  493.  352.   85.    0.
 439.  481.  509.  534.  554. 1094.  921.  356.   60.    2.
465. 594. 630. 876. 873. 621. 443. 275. 170.   3.
602. 684. 754. 959. 854. 515. 433. 134.  15.   0.
 540.  808.  671.  679. 1011.  841.  363.   37.    0.    0.
 510. 1036.  874.  700.  592.  471.  323.  282.  159.    3.
 610.  595.  539.  526.  683. 1198.  661.  138.    0.    0.
802. 791. 750. 729. 579. 385. 405. 327. 161.  21.
 430.  519.  566.  702. 1016.  984.  446.  254.   33.    0.
 349.  857. 1070. 1040.  739.  536.  212.  143.    4.    0.
363. 888. 964. 917. 677. 504. 368. 199.  67.   3.
743. 702. 691. 651. 653. 580. 484. 337. 109.   0.
705. 855. 782. 683. 619. 508. 364. 260. 140.  34.
718. 888. 724. 654. 589. 489. 383. 311. 162.  32.
505. 703. 922. 754. 575. 582. 453. 316. 137.   3.
 422.  471.  473.  516.  592.  727. 1341.  408.    0.    0.
 443.  472.  455.  484.  576.  717. 1420.  383.    0.    0.
 451.  455.  477.  544.  581.  720. 1300.  422.    0.    0.
 437.  470.  480.  525.  584.  726. 1308.  420.    0.    0.
 433.  475.  473.  529.  590.  728. 1337.  385.    0.    0.
701. 870. 734. 596. 519. 497. 452. 370. 183.  28.
779. 756. 707. 696. 616. 578. 433. 228. 150.   7.
852. 810. 716. 701. 675. 536. 305. 192. 138.  25.
804. 933. 827. 741. 601. 476. 318. 166.  79.   5.
590. 965. 683. 688. 564. 483. 373. 318. 226.  60.
427. 424. 474. 515. 602. 916. 710. 669. 213.   0.
 424.  460.  492.  495.  585.  706. 1115.  673.    0.    0.
625. 860. 674. 658. 618. 533. 438. 330. 208.   6.
659. 986. 753. 718. 643. 467. 369. 262.  91.   2.
 452. 1124.  803.  747.  630.  504.  382.  216.   78.   14.
631. 931. 878. 673. 606. 470. 356. 215. 127.  63.
845. 886. 719. 741. 589. 425. 291. 242. 134.  78.
 497. 1050.  783.  641.  495.  522.  425.  290.  218.   29.
733. 952. 766. 628. 581. 467. 357. 265. 153.  48.
516. 602. 857. 603. 626. 557. 437. 449. 256.  47.
 452.  446.  477.  507.  589.  708. 1302.  469.    0.    0.
 462.  471.  469.  530.  563.  725. 1317.  413.    0.    0.
 463.  438.  456.  506.  583.  721. 1346.  437.    0.    0.
647. 815. 827. 829. 602. 481. 366. 249. 123.  11.
640. 751. 741. 932. 731. 503. 383. 215.  54.   0.
 480. 1076.  686.  619.  559.  480.  377.  346.  273.   54.
834. 853. 744. 648. 577. 544. 439. 239.  67.   5.
 464. 1083.  747.  613.  538.  492.  465.  314.  186.   48.
 634.  670.  759. 1006.  472.  419.  459.  345.  179.    7.
621. 653. 627. 627. 640. 727. 745. 279.  31.   0.
671. 711. 704. 603. 517. 572. 519. 532. 121.   0.
588. 599. 555. 615. 981. 825. 516. 248.  23.   0.
658. 730. 698. 674. 558. 474. 460. 319. 324.  55.
547. 940. 794. 709. 599. 505. 397. 259. 180.  20.
