608. 785. 908. 853. 731. 578. 284. 138.  65.   0.
 438.  446.  471.  529.  581.  727. 1334.  424.    0.    0.
 443.  455.  487.  510.  584.  722. 1308.  441.    0.    0.
 435.  429.  485.  532.  553.  785. 1308.  423.    0.    0.
 485.  502.  495.  561.  635.  750. 1062.  460.    0.    0.
443. 477. 508. 551. 617. 877. 907. 558.  12.   0.
 456.  464.  504.  515.  577.  723. 1286.  425.    0.    0.
 436.  441.  516.  468.  588.  714. 1422.  365.    0.    0.
 428.  463.  475.  534.  591.  714. 1423.  322.    0.    0.
 435.  442.  493.  518.  541.  724. 1330.  467.    0.    0.
 440.  430.  481.  538.  605.  693. 1329.  434.    0.    0.
 435.  457.  458.  520.  570.  731. 1322.  457.    0.    0.
 453.  494.  536.  600. 1284.  813.  438.  225.  107.    0.
901. 857. 746. 681. 574. 423. 325. 237. 168.  38.
836. 674. 674. 607. 606. 489. 381. 308. 262. 113.
822. 694. 625. 567. 555. 488. 374. 382. 319. 124.
 412.  442.  476.  504.  537.  718. 1328.  480.   53.    0.
