 406.  882.  989. 1013.  839.  513.  281.   27.    0.    0.
 474.  860. 1176. 1064.  744.  423.  181.   28.    0.    0.
 433.  455.  469.  518.  599.  697. 1317.  462.    0.    0.
522. 833. 641. 569. 514. 581. 579. 550. 161.   0.
 458.  505.  584.  717. 1027.  837.  487.  247.   88.    0.
473. 570. 681. 784. 958. 709. 379. 273. 123.   0.
 434.  443.  476.  537.  550.  720. 1324.  466.    0.    0.
595. 690. 659. 612. 588. 511. 577. 576. 142.   0.
 467.  558.  624.  728.  761. 1051.  504.  224.   33.    0.
 479.  500.  607.  684.  778. 1191.  520.  191.    0.    0.
509. 610. 738. 764. 918. 555. 413. 336. 107.   0.
 455.  471.  498.  551.  571.  719. 1255.  430.    0.    0.
 473.  447.  501.  540.  564.  720. 1260.  445.    0.    0.
 421.  479.  463.  509.  611.  689. 1342.  436.    0.    0.
 418.  489.  503.  508.  574.  693. 1309.  456.    0.    0.
 482.  453.  639. 1193.  625.  607.  462.  265.  179.   45.
 448.  552.  619. 1162.  801.  542.  380.  285.  161.    0.
 482.  538.  633. 1239.  637.  569.  414.  289.  149.    0.
