506. 868. 900. 709. 553. 490. 426. 332. 132.  34.
 453.  429.  487.  517.  531.  760. 1335.  438.    0.    0.
 438.  451.  478.  476.  619.  720. 1337.  431.    0.    0.
723. 972. 806. 711. 620. 415. 281. 224. 141.  57.
 552.  548.  553.  533.  546.  672. 1253.  293.    0.    0.
 460.  474.  465.  466.  592.  734. 1306.  453.    0.    0.
 459.  432.  505.  484.  642.  918. 1007.  496.    7.    0.
450. 501. 527. 577. 728. 979. 658. 472.  58.   0.
767. 860. 818. 612. 569. 400. 385. 304. 134. 101.
479. 458. 527. 698. 991. 818. 496. 327. 156.   0.
473. 524. 540. 639. 830. 755. 603. 354. 232.   0.
535. 493. 563. 602. 768. 750. 539. 440. 260.   0.
 469. 1119.  761.  621.  548.  467.  370.  306.  232.   57.
 439.  476.  512.  567.  655. 1079.  594.  499.  129.    0.
480. 535. 664. 780. 683. 559. 501. 453. 274.  21.
420. 467. 517. 559. 708. 988. 716. 425. 150.   0.
 442.  537.  594. 1024.  821.  613.  435.  299.  163.   22.
