758. 848. 686. 604. 559. 670. 498. 256.  71.   0.
579. 881. 954. 749. 627. 551. 373. 179.  57.   0.
6.89e+02 9.60e+02 1.08e+03 8.94e+02 6.87e+02 4.30e+02 1.73e+02 3.60e+01
 1.00e+00 0.00e+00
625. 786. 808. 684. 639. 576. 488. 260.  84.   0.
557. 638. 622. 537. 592. 537. 580. 461. 242. 184.
574. 722. 686. 643. 584. 542. 575. 343. 217.  64.
563. 723. 801. 661. 660. 581. 497. 292. 137.  35.
560. 759. 742. 731. 676. 592. 438. 302. 129.  21.
536. 671. 728. 626. 633. 538. 565. 358. 214.  81.
527. 743. 776. 642. 573. 607. 510. 337. 180.  55.
568. 692. 809. 703. 687. 647. 437. 246. 142.  19.
498. 737. 790. 709. 605. 584. 458. 337. 165.  67.
505. 756. 829. 736. 606. 566. 475. 290. 142.  45.
503. 746. 733. 695. 621. 564. 509. 350. 167.  62.
508. 677. 823. 700. 624. 509. 497. 354. 143. 115.
558. 653. 689. 645. 623. 646. 576. 308. 188.  64.
525. 709. 770. 637. 623. 568. 506. 368. 175.  69.
602. 666. 682. 646. 513. 542. 522. 422. 281.  74.
531. 710. 806. 684. 603. 525. 502. 338. 186.  65.
573. 732. 838. 546. 636. 528. 439. 391. 184.  83.
591. 691. 619. 564. 622. 626. 526. 403. 232.  76.
525. 724. 949. 764. 633. 611. 405. 207. 108.  24.
585. 777. 696. 619. 574. 623. 547. 350. 142.  37.
542. 652. 752. 683. 615. 507. 549. 347. 180. 123.
