 416.  469.  515.  517.  646. 1041.  728.  516.  102.    0.
 433.  477.  475.  527.  656. 1117.  766.  466.   33.    0.
 449.  457.  508.  490.  604.  880. 1037.  525.    0.    0.
 633. 1013.  791.  672.  568.  453.  346.  254.  151.   69.
 524. 1100.  739.  647.  528.  430.  402.  322.  196.   62.
 512. 1086.  810.  608.  536.  474.  417.  267.  157.   83.
 535. 1093.  784.  713.  609.  415.  306.  265.  186.   44.
 527. 1038.  727.  596.  485.  497.  408.  311.  247.  114.
 515. 1147.  746.  628.  528.  529.  369.  275.  152.   61.
 749. 1048.  854.  658.  608.  438.  297.  191.   80.   27.
444. 495. 932. 815. 626. 549. 462. 253. 162. 212.
420. 436. 495. 576. 966. 657. 512. 482. 392.  14.
 588. 1046.  866.  705.  578.  442.  341.  226.  133.   25.
 432.  454. 1071.  796.  573.  540.  371.  274.  277.  162.
442. 453. 480. 778. 957. 634. 415. 316. 473.   2.
936. 961. 827. 722. 553. 431. 269. 150.  75.  26.
856. 886. 749. 618. 527. 478. 373. 283. 129.  51.
 428.  432.  548. 1001.  703.  544.  525.  424.  317.   28.
880. 851. 697. 614. 497. 490. 398. 307. 161.  55.
846. 847. 758. 654. 560. 433. 355. 268. 131.  98.
452. 464. 489. 983. 679. 539. 489. 460. 356.  39.
 758. 1079.  796.  671.  533.  420.  310.  197.  142.   44.
417. 477. 916. 829. 553. 520. 403. 405. 226. 204.
409. 435. 486. 828. 926. 587. 545. 437. 255.  42.
602. 939. 828. 754. 612. 437. 331. 260. 144.  43.
 418.  503. 1043.  654.  577.  446.  416.  349.  311.  233.
437. 502. 484. 946. 811. 513. 373. 370. 467.  47.
674. 758. 739. 678. 528. 512. 385. 364. 258.  54.
