976. 823. 787. 674. 540. 421. 373. 233. 115.   8.
 498.  463.  515.  806. 1019.  609.  459.  304.  266.   11.
 469.  532.  521. 1041.  977.  577.  408.  249.  166.   10.
 401.  470.  472.  536.  569.  666. 1023.  813.    0.    0.
291. 697. 738. 818. 918. 873. 480. 135.   0.   0.
287. 676. 708. 806. 861. 910. 477. 225.   0.   0.
322. 690. 689. 681. 856. 940. 470. 302.   0.   0.
280. 680. 667. 723. 822. 949. 495. 334.   0.   0.
305. 658. 637. 789. 912. 945. 598. 106.   0.   0.
298. 688. 702. 724. 851. 972. 503. 212.   0.   0.
647. 772. 932. 981. 638. 444. 291. 174.  66.   5.
624. 788. 846. 838. 628. 567. 345. 182. 116.  16.
502. 813. 938. 845. 716. 503. 349. 163. 109.  12.
513. 648. 867. 679. 582. 550. 468. 383. 197.  63.
467. 657. 867. 941. 687. 582. 361. 230. 111.  47.
723. 667. 645. 657. 605. 546. 491. 365. 251.   0.
720. 681. 665. 609. 561. 535. 477. 409. 286.   7.
 396.  728.  680.  723.  917. 1031.  458.   17.    0.    0.
568. 571. 530. 548. 626. 557. 585. 745. 220.   0.
 461.  501.  500.  627. 1241.  789.  428.  239.  164.    0.
504. 473. 555. 628. 861. 720. 572. 443. 194.   0.
 476.  483.  601.  622. 1123.  716.  783.  146.    0.    0.
 473.  526.  607.  623. 1066.  803.  786.   66.    0.    0.
 457.  536.  590.  559. 1175.  656.  724.  253.    0.    0.
 395.  375.  452.  453.  512. 1020.  549.  385.  666.  143.
 465.  530.  608.  630. 1286.  646.  670.  115.    0.    0.
357. 535. 693. 643. 692. 909. 819. 302.   0.   0.
 441.  425.  428.  486.  473.  462.  608. 1094.  415.  118.
 434.  476.  504.  518.  602.  715. 1255.  446.    0.    0.
 423.  466.  462.  516.  598.  731. 1321.  433.    0.    0.
455. 518. 551. 767. 987. 673. 524. 341. 134.   0.
