 422.  376.  438.  579. 1070.  787.  517.  275.  284.  202.
 361.  395.  381.  407.  447.  488.  591. 1263.  448.  169.
410. 469. 479. 513. 705. 769. 577. 725. 299.   4.
 451.  430.  508.  519.  560.  722. 1277.  483.    0.    0.
 486.  393.  510.  523.  519.  757. 1419.  343.    0.    0.
 454.  453.  495.  484.  600.  739. 1413.  312.    0.    0.
 483.  484.  517.  510.  564.  674. 1500.  218.    0.    0.
 468.  450.  471.  511.  626.  726. 1211.  487.    0.    0.
 439.  444.  472.  489.  598.  736. 1328.  444.    0.    0.
 420.  467.  470.  507.  609.  747. 1366.  364.    0.    0.
 447.  425.  512.  477.  561.  799. 1373.  356.    0.    0.
 426.  442.  467.  531.  595.  722. 1363.  404.    0.    0.
 431.  471.  465.  518.  603.  730. 1415.  317.    0.    0.
 451.  432.  485.  490.  593.  717. 1277.  505.    0.    0.
 435.  444.  479.  521.  610.  719. 1309.  433.    0.    0.
 462.  429.  448.  518.  586.  767. 1303.  437.    0.    0.
 417.  440.  505.  510.  585.  701. 1338.  454.    0.    0.
 473.  465.  457.  526.  518.  681. 1243.  587.    0.    0.
709. 729. 702. 662. 686. 723. 505. 226.   8.   0.
4.920e+02 7.880e+02 1.039e+03 1.211e+03 8.200e+02 4.930e+02 7.900e+01
 2.700e+01 1.000e+00 0.000e+00
 508.  916. 1065. 1175.  707.  393.  123.   60.    3.    0.
452. 769. 790. 663. 461. 467. 453. 353. 253. 289.
452. 496. 497. 472. 527. 584. 918. 620. 308.  76.
466. 471. 590. 441. 543. 653. 898. 511. 264. 113.
435. 493. 575. 632. 700. 814. 842. 448.  11.   0.
451. 440. 525. 685. 705. 904. 726. 471.  43.   0.
 419.  484.  592.  638.  809. 1053.  609.  302.   44.    0.
452. 799. 811. 600. 527. 486. 414. 342. 298. 221.
649. 915. 738. 536. 479. 491. 438. 335. 248. 121.
 416.  471.  473.  551.  608.  790. 1100.  541.    0.    0.
 440.  468.  490.  525.  567.  743. 1022.  695.    0.    0.
 428.  461.  500.  523.  752. 1121.  535.  449.  181.    0.
 426.  458.  482.  526.  604.  768. 1159.  527.    0.    0.
 454.  430.  489.  541.  548.  730. 1204.  554.    0.    0.
 280.  559.  988.  856. 1009.  623.  441.  194.    0.    0.
 462.  734. 1082.  888.  533.  500.  346.  206.  117.   82.
 459.  722. 1104.  947.  547.  462.  361.  176.   85.   87.
 446.  478.  471.  503.  566.  706. 1280.  500.    0.    0.
283. 583. 923. 887. 933. 625. 465. 249.   2.   0.
 426.  446.  476.  540.  562.  753. 1351.  396.    0.    0.
 441.  458.  479.  507.  600.  720. 1375.  370.    0.    0.
 476.  464.  476.  500.  577.  734. 1288.  435.    0.    0.
 436.  433.  481.  544.  573.  722. 1461.  300.    0.    0.
 431.  462.  503.  502.  590.  724. 1417.  321.    0.    0.
 443.  484.  583.  890. 1008.  621.  351.  341.  200.   29.
 476.  523. 1017.  822.  609.  564.  436.  285.  161.   57.
 464.  511.  664. 1170.  740.  572.  414.  260.  129.   26.
526. 586. 947. 880. 670. 461. 382. 302. 172.  24.
512. 542. 668. 818. 460. 527. 528. 486. 311.  98.
380. 398. 461. 495. 536. 498. 946. 718. 444.  74.
 423.  437.  500. 1123.  692.  540.  435.  320.  157.  323.
656. 697. 656. 692. 710. 703. 587. 214.  35.   0.
 460.  505.  477.  499.  569.  736. 1356.  348.    0.    0.
 448.  457.  453.  519.  585.  739. 1342.  407.    0.    0.
 422.  460.  475.  550.  563.  742. 1376.  362.    0.    0.
 415.  457.  482.  527.  567.  740. 1372.  390.    0.    0.
 427.  490.  499.  502.  546.  735. 1334.  417.    0.    0.
 427.  484.  479.  507.  594.  710. 1375.  374.    0.    0.
 452.  462.  477.  528.  538.  702. 1312.  479.    0.    0.
 454.  484.  482.  535.  589.  713. 1245.  448.    0.    0.
 449.  453.  452.  529.  597.  716. 1314.  440.    0.    0.
 418.  452.  501.  548.  592.  702. 1345.  392.    0.    0.
 444.  450.  487.  524.  582.  717. 1293.  453.    0.    0.
 431.  468.  472.  512.  583.  730. 1323.  431.    0.    0.
 436.  470.  476.  532.  560.  709. 1540.  227.    0.    0.
 430.  467.  485.  504.  579.  723. 1471.  291.    0.    0.
 419.  477.  474.  518.  598.  719. 1413.  332.    0.    0.
499. 562. 739. 973. 931. 643. 358. 209.  36.   0.
510. 589. 567. 597. 772. 893. 551. 390.  81.   0.
472. 663. 643. 784. 926. 830. 411. 200.  21.   0.
472. 670. 664. 889. 730. 666. 492. 296.  71.   0.
429. 600. 670. 947. 745. 539. 392. 284. 254.  90.
 440.  951.  976. 1034.  664.  553.  140.   86.  103.    3.
 548. 1082. 1113.  895.  689.  324.  144.   93.   62.    0.
546. 463. 679. 877. 563. 528. 599. 377. 249.  69.
