 442. 1069. 1026.  956.  692.  358.  235.  103.   66.    3.
940. 843. 771. 689. 531. 444. 337. 234. 132.  29.
915. 815. 765. 732. 533. 475. 257. 284. 119.  55.
915. 872. 769. 642. 516. 486. 341. 245. 126.  38.
 481.  518.  699. 1142.  723.  540.  371.  304.  149.   23.
 528.  846. 1143. 1013.  728.  378.  119.  161.   34.    0.
467. 472. 751. 910. 819. 763. 662. 106.   0.   0.
493. 622. 959. 645. 556. 520. 495. 344. 224.  92.
530. 781. 885. 720. 603. 461. 390. 320. 213.  47.
528. 866. 909. 770. 585. 472. 336. 263. 171.  50.
738. 824. 753. 503. 333. 319. 383. 522. 437. 138.
 407.  704.  942. 1068.  751.  565.  322.  151.   40.    0.
874. 755. 680. 608. 591. 470. 365. 282. 211. 114.
811. 654. 617. 554. 478. 525. 545. 441. 278.  47.
799. 758. 656. 656. 575. 505. 407. 316. 190.  88.
320. 414. 767. 975. 684. 785. 474. 382. 134.  15.
482. 516. 665. 755. 813. 702. 524. 335. 148.  10.
439. 458. 541. 606. 692. 931. 755. 429.  99.   0.
648. 586. 607. 557. 534. 590. 630. 786.  12.   0.
 429.  438.  470.  523.  573.  729. 1351.  437.    0.    0.
735. 691. 771. 646. 547. 469. 318. 466. 260.  47.
728. 659. 666. 727. 587. 475. 304. 259. 476.  69.
 424.  542.  647. 1120.  710.  528.  437.  268.  233.   41.
835. 756. 651. 613. 600. 493. 440. 358. 181.  23.
854. 802. 737. 669. 578. 498. 328. 287. 164.  33.
683. 748. 791. 753. 672. 454. 357. 300. 188.   4.
884. 801. 741. 686. 633. 450. 311. 221. 157.  66.
