344. 433. 448. 486. 486. 891. 634. 450. 658. 120.
 419.  888. 1123. 1105.  780.  437.  113.   71.   14.    0.
 583. 1088.  909.  732.  611.  403.  290.  194.  106.   34.
 450.  795.  926. 1148. 1032.  479.  113.    7.    0.    0.
515. 991. 824. 775. 718. 382. 300. 235. 161.  49.
426. 624. 788. 779. 793. 810. 462. 230.  38.   0.
 418.  516.  688.  866.  758. 1094.  346.  195.   69.    0.
 490.  603. 1115.  767.  680.  533.  367.  266.  104.   25.
 483.  584. 1034.  803.  619.  542.  405.  275.  166.   39.
421. 761. 841. 858. 617. 526. 398. 281. 200.  47.
517. 906. 918. 715. 554. 454. 403. 293. 162.  28.
 444.  940. 1092. 1216.  732.  370.  104.   43.    9.    0.
625. 947. 801. 677. 540. 456. 387. 329. 156.  32.
 476.  852. 1029. 1069.  962.  375.  163.   24.    0.    0.
485. 935. 910. 705. 671. 385. 369. 271. 162.  57.
 454.  571.  705.  723.  797. 1037.  380.  237.   46.    0.
449. 482. 714. 886. 734. 923. 441. 213. 108.   0.
542. 614. 827. 557. 522. 452. 477. 571. 341.  47.
 484.  558. 1300.  894.  638.  435.  339.  194.   94.   14.
506. 766. 890. 751. 590. 446. 444. 341. 203.  13.
 584. 1074.  971.  913.  429.  388.  279.  149.  112.   51.
 385.  884. 1106. 1120.  818.  433.  119.   63.   22.    0.
 717. 1019.  816.  699.  557.  451.  364.  234.   84.    9.
 471.  916.  916. 1087. 1019.  372.  143.   26.    0.    0.
555. 871. 973. 737. 662. 401. 342. 251. 126.  32.
436. 512. 813. 819. 783. 793. 469. 264.  61.   0.
411. 549. 717. 916. 841. 813. 363. 246.  94.   0.
 436.  586. 1193.  768.  670.  491.  392.  270.  122.   22.
518. 600. 940. 641. 536. 489. 541. 386. 260.  39.
451. 680. 744. 956. 806. 525. 366. 280. 120.  22.
 468. 1041. 1004.  820.  519.  412.  330.  226.  118.   12.
 439.  936. 1219. 1007.  711.  381.  166.   82.    9.    0.
611. 936. 735. 699. 583. 451. 329. 308. 224.  74.
 430.  912.  973. 1110.  981.  399.  124.   21.    0.    0.
 503. 1037. 1100.  816.  622.  378.  251.  159.   76.    8.
 445.  565.  753.  824.  798. 1065.  318.  154.   28.    0.
399. 496. 752. 878. 712. 906. 335. 353. 119.   0.
494. 641. 939. 523. 504. 522. 507. 453. 302.  65.
474. 684. 910. 568. 495. 504. 547. 430. 259.  79.
462. 745. 803. 766. 701. 537. 459. 260. 197.  20.
535. 995. 926. 766. 498. 489. 322. 245. 140.  34.
 443. 1012. 1138. 1084.  781.  321.  126.   42.    3.    0.
588. 989. 874. 658. 554. 482. 380. 287. 123.  15.
 447.  740.  926. 1083. 1018.  519.  177.   40.    0.    0.
543. 825. 839. 717. 726. 401. 327. 239. 235.  98.
459. 497. 686. 791. 770. 882. 390. 364. 111.   0.
403. 533. 740. 925. 766. 860. 394. 232.  97.   0.
486. 674. 923. 674. 580. 552. 462. 401. 151.  47.
 480.  621. 1069.  762.  576.  556.  427.  272.  156.   31.
414. 703. 836. 884. 650. 571. 434. 279. 159.  20.
465. 789. 865. 748. 639. 443. 357. 349. 213.  82.
 489.  937. 1208. 1061.  796.  263.  104.   79.   13.    0.
601. 981. 849. 679. 594. 432. 353. 250. 177.  34.
 429.  867.  959. 1196.  951.  441.   91.   16.    0.    0.
587. 919. 799. 861. 757. 309. 246. 247. 167.  58.
445. 562. 860. 908. 810. 703. 363. 225.  74.   0.
 455.  504.  663. 1095.  756.  872.  316.  176.  113.    0.
516. 633. 871. 638. 733. 465. 488. 383. 166.  57.
 433.  614. 1124.  795.  646.  504.  370.  307.  123.   34.
427. 724. 832. 964. 793. 492. 319. 244. 142.  13.
508. 939. 930. 752. 573. 444. 391. 246. 132.  35.
