429. 428. 469. 524. 562. 776. 749. 632. 381.   0.
 425.  487.  649. 1133.  599.  558.  439.  375.  234.   51.
 445.  523.  662. 1132.  619.  490.  419.  329.  245.   86.
452. 831. 725. 625. 498. 406. 448. 391. 321. 253.
537. 566. 784. 793. 548. 565. 449. 424. 244.  40.
465. 516. 831. 946. 668. 530. 430. 332. 166.  66.
483. 521. 685. 985. 724. 549. 370. 288. 235. 110.
 522.  507.  807. 1109.  666.  513.  365.  235.  168.   58.
502. 762. 815. 610. 533. 434. 498. 299. 268. 229.
502. 562. 648. 972. 792. 523. 332. 268. 223. 128.
426. 525. 785. 996. 674. 575. 381. 294. 236.  58.
456. 776. 830. 649. 552. 481. 392. 342. 232. 240.
 398.  417.  377.  482. 1074.  730.  478.  358.  332.  304.
886. 709. 676. 640. 512. 456. 350. 327. 249. 145.
434. 409. 543. 883. 549. 470. 417. 530. 279. 436.
898. 833. 702. 638. 574. 456. 352. 259. 179.  59.
877. 890. 767. 642. 532. 466. 341. 259. 129.  47.
