473. 481. 567. 712. 887. 542. 525. 378. 328.  57.
459. 607. 602. 650. 840. 541. 554. 449. 231.  17.
693. 677. 634. 580. 725. 637. 477. 363. 143.  21.
640. 786. 652. 664. 600. 434. 440. 466. 241.  27.
631. 678. 682. 572. 675. 393. 511. 370. 372.  66.
492. 466. 627. 854. 959. 711. 351. 304. 171.  15.
494. 619. 500. 568. 852. 403. 454. 673. 359.  28.
713. 857. 733. 677. 847. 564. 343. 164.  51.   1.
684. 709. 781. 772. 666. 503. 441. 246. 134.  14.
623. 692. 765. 663. 626. 470. 433. 396. 259.  23.
478. 515. 597. 762. 906. 582. 480. 367. 258.   5.
430. 535. 652. 819. 975. 648. 455. 264. 149.  23.
730. 765. 726. 587. 656. 721. 445. 254.  64.   2.
693. 810. 669. 672. 567. 463. 456. 382. 186.  52.
649. 629. 694. 642. 603. 478. 451. 527. 240.  37.
436. 535. 562. 755. 961. 548. 441. 440. 261.  11.
425. 514. 599. 945. 933. 603. 427. 239. 247.  18.
656. 741. 612. 721. 696. 675. 447. 255. 132.  15.
640. 636. 667. 768. 614. 544. 517. 287. 230.  47.
627. 702. 702. 655. 520. 540. 516. 407. 246.  35.
464. 488. 679. 877. 910. 583. 436. 257. 243.  13.
440. 576. 611. 805. 828. 569. 481. 492. 141.   7.
730. 685. 607. 798. 709. 601. 462. 272.  80.   6.
663. 761. 544. 672. 580. 481. 488. 422. 266.  73.
647. 610. 549. 789. 725. 455. 408. 462. 277.  28.
411. 527. 617. 837. 893. 616. 385. 422. 222.  20.
499. 486. 520. 748. 972. 576. 405. 304. 395.  45.
724. 836. 701. 765. 663. 589. 402. 215.  54.   1.
687. 669. 681. 566. 469. 394. 456. 662. 317.  49.
642. 658. 647. 703. 670. 582. 422. 304. 286.  36.
