375. 459. 462. 464. 528. 539. 910. 797. 367.  49.
259. 568. 640. 893. 878. 657. 414. 337. 282.  22.
278. 586. 715. 917. 885. 697. 524. 348.   0.   0.
250. 693. 704. 908. 788. 663. 546. 335.  63.   0.
 428.  856. 1119.  916.  595.  426.  323.  184.   85.   18.
447. 740. 839. 704. 600. 454. 464. 498. 201.   3.
288. 631. 685. 768. 936. 835. 501. 306.   0.   0.
284. 699. 687. 761. 951. 850. 497. 221.   0.   0.
218. 580. 593. 885. 845. 745. 616. 326. 142.   0.
 263.  629.  813. 1039.  862.  660.  369.  256.   59.    0.
941. 922. 794. 649. 525. 448. 330. 203.  99.  39.
 460.  448.  448.  537.  554.  705. 1369.  429.    0.    0.
801. 846. 762. 705. 637. 469. 344. 219. 136.  31.
 435.  453.  477.  499.  582.  750. 1329.  425.    0.    0.
 433.  448.  486.  515.  575.  740. 1425.  328.    0.    0.
424. 405. 524. 900. 542. 493. 402. 501. 356. 403.
 431.  545. 1147.  843.  719.  550.  363.  205.  138.    9.
460. 658. 956. 745. 657. 471. 317. 318. 242. 126.
357. 385. 424. 464. 552. 459. 983. 865. 379.  82.
424. 463. 488. 570. 686. 778. 715. 699. 127.   0.
 427.  473. 1150.  708.  582.  488.  404.  321.  177.  220.
 437.  468. 1105.  713.  614.  491.  439.  340.  188.  155.
 410.  479. 1304.  788.  609.  469.  401.  221.  166.  103.
 428.  515. 1022.  691.  542.  493.  404.  399.  240.  216.
385. 436. 482. 978. 748. 586. 400. 315. 297. 323.
361. 444. 400. 415. 486. 482. 775. 997. 452. 138.
 452.  528. 1094.  740.  577.  589.  449.  322.  184.   15.
500. 609. 838. 612. 590. 483. 413. 270. 290. 345.
 455.  449.  461.  527.  634.  671. 1314.  439.    0.    0.
833. 791. 756. 637. 614. 497. 413. 253. 116.  40.
 438.  452.  474.  522.  567.  732. 1335.  430.    0.    0.
 450.  480.  519.  538.  584.  701. 1241.  437.    0.    0.
