462. 623. 708. 520. 740. 945. 752. 198.   2.   0.
492. 686. 737. 796. 943. 782. 416.  98.   0.   0.
 431.  552. 1065.  890.  722.  504.  337.  274.  175.    0.
 401.  707. 1081.  735.  639.  472.  432.  324.  159.    0.
 448.  657.  863. 1065.  897.  618.  281.  116.    5.    0.
459. 467. 489. 545. 626. 873. 934. 480.  77.   0.
462. 474. 493. 536. 667. 930. 720. 568. 100.   0.
 476.  443.  507.  502.  722. 1025.  509.  429.  337.    0.
464. 468. 551. 581. 912. 821. 533. 406. 214.   0.
448. 458. 512. 577. 713. 892. 547. 600. 203.   0.
 469.  438.  483.  619. 1026.  923.  506.  388.   98.    0.
 437.  479.  494.  523.  597. 1052.  787.  532.   49.    0.
465. 553. 941. 844. 655. 458. 367. 236. 431.   0.
489. 882. 846. 645. 564. 478. 379. 347. 292.  28.
685. 903. 724. 585. 545. 482. 464. 326. 192.  44.
837. 854. 665. 744. 668. 415. 296. 250. 186.  35.
402. 471. 550. 805. 741. 703. 970. 246.  62.   0.
393. 519. 596. 862. 741. 786. 788. 225.  40.   0.
 431.  475.  651. 1030.  820.  741.  534.  215.   53.    0.
407. 486. 693. 816. 712. 749. 511. 388. 188.   0.
 456.  495.  532.  631. 1111.  713.  493.  409.  110.    0.
361. 698. 891. 819. 938. 449. 529. 198.  67.   0.
459. 455. 624. 671. 784. 985. 551. 327.  94.   0.
497. 563. 642. 817. 667. 732. 412. 360. 260.   0.
 475.  594.  622.  960. 1021.  785.  415.   78.    0.    0.
 392.  725. 1065.  939.  916.  568.  289.   56.    0.    0.
421. 579. 626. 708. 963. 648. 660. 329.  16.   0.
457. 653. 942. 904. 693. 581. 475. 212.  33.   0.
 458.  529.  585.  590.  804. 1064.  711.  209.    0.    0.
321. 711. 978. 917. 957. 637. 385.  44.   0.   0.
 382.  900. 1119.  959.  703.  540.  276.   71.    0.    0.
 483. 1010. 1025.  833.  656.  519.  331.   93.    0.    0.
421. 731. 823. 716. 666. 683. 528. 382.   0.   0.
438. 801. 862. 809. 908. 646. 352. 131.   3.   0.
 474.  800.  720.  799. 1072.  748.  302.   35.    0.    0.
 440.  609.  746. 1037.  810.  589.  364.  219.  128.    8.
516. 636. 777. 904. 611. 614. 384. 364. 144.   0.
 442.  452.  497.  567.  685. 1028.  658.  524.   97.    0.
826. 812. 665. 590. 528. 479. 389. 371. 223.  67.
 660. 1029.  821.  743.  554.  441.  315.  198.  152.   37.
604. 929. 710. 622. 587. 470. 384. 362. 225.  57.
649. 919. 744. 661. 522. 503. 359. 284. 220.  89.
908. 875. 706. 565. 523. 521. 422. 265. 135.  30.
799. 831. 718. 644. 537. 468. 383. 293. 184.  93.
513. 781. 739. 710. 630. 502. 449. 390. 236.   0.
504. 718. 879. 717. 603. 544. 441. 379. 165.   0.
501. 614. 692. 792. 677. 564. 516. 406. 172.  16.
 535.  638. 1394.  867.  571.  442.  261.  133.   79.   30.
 457.  806. 1062.  748.  638.  468.  320.  269.  152.   30.
 381.  496.  531.  618.  783. 1012.  649.  444.   36.    0.
383. 577. 688. 657. 634. 859. 734. 379.  39.   0.
 569.  791.  724. 1002.  867.  380.  267.  238.  112.    0.
5.460e+02 7.810e+02 9.910e+02 1.059e+03 6.810e+02 4.670e+02 2.760e+02
 1.210e+02 2.700e+01 1.000e+00
