 409.  457.  481.  518.  591.  715. 1321.  458.    0.    0.
421. 480. 555. 469. 599. 811. 762. 712. 134.   7.
 575. 1074.  748.  663.  562.  462.  379.  289.  152.   46.
 477.  488.  553.  672. 1145.  698.  452.  322.  143.    0.
 494.  510.  732. 1037.  727.  529.  412.  289.  195.   25.
452. 580. 673. 845. 719. 510. 325. 341. 389. 116.
 550.  656.  911. 1120.  723.  434.  299.  179.   72.    6.
 458.  454.  484.  555.  708. 1046.  489.  373.  383.    0.
 457.  477.  583. 1046.  740.  545.  437.  348.  277.   40.
 770. 1027.  812.  716.  549.  424.  310.  205.  113.   24.
 455.  442.  487.  546.  571.  732. 1296.  421.    0.    0.
446. 484. 568. 560. 672. 895. 926. 305.  90.   4.
 452.  438.  493.  524.  577.  734. 1270.  462.    0.    0.
 462.  505.  595. 1020.  761.  581.  419.  348.  225.   34.
 479.  564.  757.  884. 1013.  586.  390.  224.   53.    0.
544. 601. 944. 871. 684. 520. 358. 237. 136.  55.
 546.  581. 1036.  866.  596.  520.  388.  238.  126.   53.
542. 849. 973. 792. 577. 504. 287. 233. 154.  39.
526. 986. 828. 537. 568. 505. 465. 304. 184.  47.
762. 930. 686. 614. 535. 433. 420. 328. 193.  49.
913. 978. 843. 673. 583. 416. 295. 162.  69.  18.
 491. 1036. 1064.  796.  548.  416.  311.  214.   74.    0.
365. 705. 946. 958. 938. 708. 229. 101.   0.   0.
 452.  459.  474.  533.  643.  820. 1133.  436.    0.    0.
289. 681. 640. 710. 853. 896. 686. 195.   0.   0.
 379.  812.  958. 1038.  996.  542.  177.   48.    0.    0.
439. 465. 551. 513. 711. 882. 743. 466. 161.  19.
 422.  451.  479.  518.  587.  748. 1356.  389.    0.    0.
 456.  511.  589. 1062.  977.  595.  403.  208.  137.   12.
