 447.  616. 1123.  901.  530.  655.  294.  201.  169.   14.
443. 583. 738. 974. 757. 585. 401. 262. 190.  17.
416. 583. 584. 779. 933. 983. 542. 130.   0.   0.
806. 914. 791. 739. 569. 473. 321. 229.  97.  11.
 413.  470.  480.  489.  560.  741. 1206.  567.   24.    0.
470. 770. 960. 845. 842. 656. 358.  49.   0.   0.
441. 449. 490. 492. 559. 816. 890. 714.  99.   0.
462. 426. 484. 551. 547. 894. 714. 667. 205.   0.
494. 561. 606. 686. 652. 860. 562. 423. 106.   0.
468. 483. 545. 636. 925. 720. 641. 331. 201.   0.
 476.  496.  584.  719. 1011.  738.  436.  337.  153.    0.
 460.  506.  503.  655.  873. 1053.  517.  301.   82.    0.
 454.  441.  468.  499.  593.  727. 1322.  446.    0.    0.
 455.  462.  478.  490.  585.  683. 1333.  464.    0.    0.
 428.  473.  473.  512.  587.  728. 1304.  445.    0.    0.
 455.  443.  453.  541.  575.  684. 1335.  464.    0.    0.
 430.  468.  502.  502.  611.  690. 1300.  447.    0.    0.
 422.  445.  479.  524.  571.  732. 1315.  462.    0.    0.
519. 752. 820. 796. 586. 570. 445. 315. 132.  15.
 579. 1081.  820.  746.  701.  360.  288.  239.  136.    0.
780. 939. 800. 695. 557. 458. 353. 236. 110.  22.
 572. 1007.  806.  616.  576.  527.  418.  298.  121.    9.
 372.  694. 1083.  936.  943.  608.  271.   43.    0.    0.
 391.  880. 1101. 1054.  871.  380.  224.   49.    0.    0.
 471.  499.  488.  519.  575.  703. 1254.  441.    0.    0.
 472.  474.  501.  472.  538.  681. 1347.  465.    0.    0.
 468.  468.  490.  448.  555.  778. 1331.  412.    0.    0.
 459.  472.  450.  484.  554.  770. 1344.  417.    0.    0.
 431.  467.  480.  494.  585.  714. 1323.  456.    0.    0.
 462.  468.  451.  503.  558.  720. 1346.  442.    0.    0.
467. 521. 948. 889. 569. 577. 458. 279. 232.  10.
 520.  795. 1210.  841.  519.  446.  298.  166.  122.   33.
531. 841. 990. 811. 621. 432. 323. 259. 103.  39.
506. 531. 666. 872. 871. 918. 495.  91.   0.   0.
887. 873. 758. 669. 559. 451. 371. 271.  99.  12.
689. 799. 696. 549. 546. 529. 490. 369. 254.  29.
687. 713. 700. 622. 527. 531. 478. 377. 272.  43.
670. 751. 662. 681. 615. 535. 480. 345. 197.  14.
649. 850. 752. 581. 563. 533. 494. 371. 146.  11.
685. 821. 815. 814. 642. 426. 384. 301.  62.   0.
728. 872. 760. 679. 578. 460. 362. 243. 178.  90.
 613.  866. 1087. 1041.  705.  382.  156.   66.   34.    0.
 446.  443.  468.  516.  599.  730. 1273.  475.    0.    0.
525. 786. 784. 700. 605. 643. 462. 314. 123.   8.
 463.  478.  448.  510.  561.  756. 1300.  434.    0.    0.
523. 859. 927. 698. 595. 511. 427. 308.  96.   6.
 449.  458.  483.  533.  567.  716. 1316.  428.    0.    0.
559. 794. 812. 593. 632. 573. 517. 292. 169.   9.
 453.  467.  510.  524.  575.  716. 1266.  439.    0.    0.
516. 805. 745. 678. 606. 586. 520. 338. 152.   4.
 433.  440.  474.  510.  585.  738. 1307.  463.    0.    0.
491. 884. 810. 669. 584. 564. 461. 336. 146.   5.
 434.  440.  470.  553.  594.  677. 1306.  476.    0.    0.
489. 757. 885. 687. 646. 520. 435. 334. 187.  10.
 445.  463.  471.  531.  597.  711. 1291.  441.    0.    0.
547. 775. 784. 708. 625. 552. 479. 349. 124.   7.
