 470.  640. 1196.  962.  735.  494.  259.  141.   53.    0.
 502.  467.  728. 1216.  750.  481.  400.  268.  121.   17.
483. 527. 736. 734. 640. 538. 501. 381. 305. 105.
 817. 1084.  855.  739.  584.  373.  241.  141.   96.   20.
789. 863. 675. 569. 569. 458. 418. 329. 229.  51.
903. 840. 700. 613. 544. 456. 408. 302. 154.  30.
 433.  445.  494.  518.  594.  804. 1274.  388.    0.    0.
 427.  471.  532.  656. 1009.  790.  542.  410.  113.    0.
 460.  497.  876. 1037.  602.  525.  412.  301.  132.  108.
385. 518. 624. 716. 782. 682. 719. 441.  83.   0.
 466.  430.  472.  528.  662. 1079.  643.  598.   72.    0.
 616. 1116.  910.  737.  569.  434.  293.  184.   71.   20.
 480. 1054.  780.  630.  531.  475.  406.  278.  213.  103.
 627. 1027.  860.  608.  602.  439.  376.  244.  113.   54.
814. 918. 640. 587. 519. 455. 454. 320. 173.  70.
500. 487. 519. 513. 580. 889. 686. 658. 118.   0.
 350.  392.  445.  450.  512.  526.  840. 1001.  384.   50.
952. 925. 820. 718. 564. 400. 268. 169. 103.  31.
454. 447. 523. 618. 743. 892. 577. 477. 219.   0.
 434.  469.  499.  535.  598. 1006.  786.  517.  106.    0.
 474.  516.  556.  841. 1138.  643.  378.  289.  115.    0.
 477.  465.  477.  637. 1001.  812.  423.  503.  155.    0.
 407.  433.  466.  523.  572.  698. 1215.  620.   16.    0.
448. 423. 512. 498. 561. 674. 968. 844.  22.   0.
442. 890. 883. 703. 624. 471. 331. 339. 182.  85.
501. 839. 869. 749. 638. 448. 306. 278. 269.  53.
466. 838. 933. 754. 606. 467. 348. 254. 208.  76.
454. 891. 899. 571. 590. 426. 452. 312. 256.  99.
861. 710. 603. 531. 492. 488. 429. 497. 317.  22.
963. 873. 802. 658. 540. 446. 326. 187. 115.  40.
872. 767. 689. 569. 569. 498. 422. 308. 204.  52.
516. 564. 580. 953. 816. 531. 381. 343. 248.  18.
 478.  468.  467.  501.  554.  720. 1301.  461.    0.    0.
495. 633. 616. 903. 687. 533. 442. 384. 228.  29.
