 430.  545.  556.  552.  739. 1013.  960.  155.    0.    0.
 434.  555.  550.  564.  679. 1020. 1017.  131.    0.    0.
 455.  511.  505.  580.  620.  828. 1324.  127.    0.    0.
 426.  465.  464.  503.  575.  731. 1339.  447.    0.    0.
 421.  488.  490.  509.  565.  705. 1309.  463.    0.    0.
 439.  457.  469.  547.  552.  732. 1302.  452.    0.    0.
 460.  428.  469.  557.  599.  678. 1320.  439.    0.    0.
 463.  418.  479.  526.  555.  759. 1334.  416.    0.    0.
 430.  410.  515.  512.  581.  736. 1308.  458.    0.    0.
 485.  463.  481.  546.  562.  726. 1260.  427.    0.    0.
 440.  448.  482.  501.  599.  687. 1340.  453.    0.    0.
 499.  443.  437.  464.  622.  780. 1200.  505.    0.    0.
 475.  452.  485.  547.  581.  724. 1217.  469.    0.    0.
912. 797. 740. 652. 565. 443. 323. 278. 186.  54.
984. 769. 767. 675. 522. 509. 314. 170. 187.  53.
922. 906. 832. 623. 614. 380. 330. 204. 102.  37.
955. 811. 752. 596. 590. 426. 389. 224. 159.  48.
 463.  447.  488.  527.  564.  711. 1350.  400.    0.    0.
 434.  471.  468.  487.  557.  738. 1359.  436.    0.    0.
803. 848. 792. 651. 551. 451. 350. 229. 205.  70.
 470.  454.  487.  527.  548.  764. 1283.  417.    0.    0.
 432.  465.  477.  515.  573.  737. 1460.  291.    0.    0.
 449.  475.  475.  558.  591.  691. 1347.  364.    0.    0.
 420.  479.  470.  532.  608.  700. 1316.  425.    0.    0.
 565.  415.  438.  552.  603.  607. 1363.  407.    0.    0.
 470.  484.  495.  489.  564.  750. 1274.  424.    0.    0.
956. 776. 651. 601. 524. 411. 426. 353. 205.  47.
 469.  444.  479.  517.  562.  680. 1340.  459.    0.    0.
 457.  438.  443.  511.  604.  736. 1305.  456.    0.    0.
933. 900. 767. 696. 544. 427. 337. 214. 102.  30.
 408.  483.  470.  526.  577.  721. 1333.  432.    0.    0.
923. 794. 692. 640. 566. 415. 391. 277. 204.  48.
942. 722. 757. 647. 574. 472. 296. 259. 226.  55.
970. 803. 776. 711. 552. 425. 292. 220. 149.  52.
967. 729. 605. 598. 604. 403. 350. 303. 294.  97.
443. 707. 941. 709. 655. 483. 346. 248. 223. 195.
