 443.  454.  498.  544.  558.  728. 1281.  444.    0.    0.
 460.  438.  476.  538.  542.  712. 1324.  460.    0.    0.
 443.  436.  458.  520.  580.  744. 1323.  446.    0.    0.
 440.  453.  483.  562.  576.  716. 1271.  449.    0.    0.
 422.  465.  478.  503.  590.  737. 1305.  450.    0.    0.
 462.  414.  507.  511.  541.  737. 1312.  466.    0.    0.
 440.  459.  465.  526.  603.  709. 1324.  424.    0.    0.
 438.  429.  499.  523.  566.  753. 1304.  438.    0.    0.
 443.  436.  491.  522.  537.  731. 1349.  441.    0.    0.
 475.  462.  464.  494.  567.  710. 1286.  492.    0.    0.
 449.  451.  470.  515.  586.  732. 1304.  443.    0.    0.
 456.  415.  507.  534.  573.  706. 1298.  461.    0.    0.
 465.  447.  439.  513.  629.  717. 1284.  456.    0.    0.
 432.  473.  518.  497.  588.  699. 1299.  444.    0.    0.
 475.  510.  499.  547.  580.  721. 1208.  410.    0.    0.
 425.  443.  478.  523.  586.  717. 1340.  438.    0.    0.
 430.  474.  486.  519.  583.  718. 1297.  443.    0.    0.
 453.  418.  470.  535.  591.  692. 1326.  465.    0.    0.
 487.  456.  432.  505.  556.  775. 1312.  427.    0.    0.
 435.  448.  476.  525.  581.  728. 1327.  430.    0.    0.
 437.  463.  483.  511.  591.  685. 1335.  445.    0.    0.
 484.  467.  463.  483.  564.  672. 1363.  454.    0.    0.
604. 691. 738. 701. 612. 588. 487. 348. 176.   5.
403. 706. 939. 836. 737. 618. 271. 320. 120.   0.
 426.  474. 1089.  743.  570.  481.  475.  305.  245.  142.
 477.  498. 1167.  653.  560.  480.  411.  328.  247.  129.
 444.  476. 1040.  767.  556.  483.  394.  296.  244.  250.
 347.  404.  431.  435.  544.  465.  766. 1006.  453.   99.
429. 435. 530. 986. 578. 438. 527. 386. 317. 324.
 461.  461.  453.  548.  565.  698. 1253.  511.    0.    0.
394. 377. 376. 492. 858. 824. 518. 359. 502. 250.
889. 849. 717. 670. 588. 401. 349. 249. 153.  85.
919. 931. 797. 672. 573. 438. 310. 169.  84.  57.
 385.  377.  440.  481.  530.  482.  477. 1290.  391.   97.
875. 804. 685. 627. 537. 458. 368. 302. 196.  98.
951. 770. 623. 560. 489. 440. 408. 363. 268.  78.
 384.  348.  455.  483.  528.  495.  500. 1350.  301.  106.
