 449.  478.  474.  526.  596.  702. 1303.  422.    0.    0.
 420.  468.  502.  487.  592.  724. 1300.  457.    0.    0.
 430.  473.  444.  512.  567.  748. 1333.  443.    0.    0.
 446.  455.  484.  519.  579.  735. 1290.  442.    0.    0.
 451.  471.  442.  494.  592.  727. 1290.  483.    0.    0.
907. 840. 753. 702. 536. 454. 288. 255. 150.  65.
 444.  438.  466.  501.  600.  751. 1274.  476.    0.    0.
 268.  537.  819. 1001.  885.  603.  560.  277.    0.    0.
 423.  499.  491.  544.  610.  769. 1323.  291.    0.    0.
 289.  660. 1007. 1047.  889.  544.  423.   91.    0.    0.
1162.  848.  385.  111.  162.  413.  645.  574.  449.  201.
 684. 1217.  974.  760.  612.  362.  131.  106.  104.    0.
480. 515. 518. 836. 798. 538. 425. 816.  24.   0.
 481.  534.  518. 1238.  721.  526.  465.  408.   59.    0.
653. 857. 700. 666. 480. 485. 390. 272. 236. 211.
653. 985. 793. 674. 608. 415. 332. 265. 155.  70.
 459.  432.  457.  530.  604.  672. 1354.  442.    0.    0.
 457.  446.  430.  518.  599.  721. 1350.  429.    0.    0.
 414.  481.  478.  512.  569.  707. 1316.  473.    0.    0.
 434.  471.  459.  501.  562.  727. 1351.  445.    0.    0.
 447.  423.  490.  535.  587.  727. 1284.  457.    0.    0.
 470.  431.  491.  510.  556.  683. 1335.  474.    0.    0.
 460.  477.  509.  485.  574.  637. 1332.  476.    0.    0.
 437.  450.  475.  518.  559.  734. 1323.  454.    0.    0.
