360. 404. 494. 482. 507. 840. 603. 448. 707. 105.
375. 392. 433. 419. 540. 875. 600. 468. 691. 157.
 452.  485. 1171.  695.  664.  454.  338.  331.  188.  172.
652. 766. 688. 653. 549. 589. 477. 367. 181.  28.
689. 643. 662. 617. 542. 489. 512. 457. 288.  51.
340. 447. 437. 476. 487. 862. 507. 467. 756. 171.
 404.  419.  392.  465.  419. 1053.  562.  523.  551.  162.
347. 423. 385. 474. 560. 951. 515. 464. 627. 204.
353. 441. 466. 440. 503. 854. 533. 464. 697. 199.
371. 449. 421. 429. 541. 864. 509. 539. 649. 178.
369. 399. 523. 453. 505. 865. 551. 473. 664. 148.
401. 385. 430. 491. 469. 981. 506. 373. 688. 226.
 389.  431.  390.  422.  506. 1128.  572.  532.  452.  128.
 375.  408.  404.  478.  491. 1164.  580.  423.  450.  177.
 417.  348.  339.  489.  656. 1044.  573.  312.  571.  201.
 352.  422.  407.  496.  487. 1060.  573.  524.  491.  138.
362. 424. 425. 424. 538. 981. 540. 494. 605. 157.
 370.  394.  503.  432.  578. 1084.  562.  433.  464.  130.
 383.  430.  407.  432.  512. 1000.  564.  481.  545.  196.
 354.  423.  471.  476.  522. 1022.  580.  387.  580.  135.
395. 416. 459. 448. 473. 996. 595. 510. 502. 156.
 365.  412.  403.  439.  487. 1123.  612.  456.  460.  193.
 384.  416.  415.  415.  474. 1082.  633.  490.  478.  163.
 363.  417.  442.  447.  490. 1026.  544.  479.  574.  168.
411. 426. 441. 470. 470. 764. 456. 492. 819. 201.
364. 424. 416. 438. 499. 865. 499. 470. 738. 237.
373. 395. 476. 493. 432. 946. 550. 441. 645. 199.
 352.  414.  426.  483.  527. 1092.  580.  393.  546.  137.
373. 425. 385. 441. 470. 976. 551. 507. 615. 207.
 389.  417.  406.  447.  558. 1058.  549.  414.  506.  206.
363. 408. 427. 473. 469. 937. 541. 495. 653. 184.
 364.  387.  419.  415.  508.  533. 1082.  756.  394.   92.
368. 350. 390. 509. 514. 496. 960. 802. 452. 109.
351. 396. 439. 486. 490. 517. 956. 755. 458. 102.
394. 350. 418. 447. 513. 492. 822. 831. 546. 137.
349. 409. 413. 484. 531. 491. 869. 803. 514.  87.
 347.  389.  427.  478.  475.  531. 1008.  749.  423.  123.
405. 344. 388. 462. 512. 523. 715. 841. 539. 221.
 349.  401.  429.  459.  490.  552. 1052.  717.  439.   62.
369. 358. 435. 450. 502. 588. 810. 821. 493. 124.
387. 416. 412. 422. 487. 533. 815. 805. 555. 118.
340. 393. 436. 453. 463. 493. 884. 809. 543. 136.
348. 400. 420. 432. 447. 550. 882. 829. 511. 131.
357. 387. 404. 453. 473. 510. 913. 798. 506. 149.
374. 390. 424. 411. 525. 443. 859. 842. 549. 133.
382. 360. 415. 451. 490. 441. 917. 780. 539. 175.
 375.  373.  414.  464.  511.  615. 1001.  694.  398.  105.
 374.  449.  393.  429.  431.  528. 1066.  762.  426.   92.
370. 379. 475. 373. 469. 469. 854. 834. 570. 157.
337. 418. 455. 460. 511. 530. 995. 740. 416.  88.
398. 364. 464. 468. 504. 545. 842. 794. 475.  96.
 362.  368.  409.  515.  454.  486. 1088.  765.  408.   95.
349. 402. 434. 432. 534. 502. 843. 806. 552.  96.
380. 440. 405. 411. 478. 473. 808. 831. 560. 164.
368. 416. 429. 460. 483. 474. 940. 801. 464. 115.
345. 409. 427. 462. 489. 510. 869. 779. 545. 115.
407. 452. 504. 851. 677. 550. 412. 304. 337. 456.
402. 461. 492. 884. 713. 528. 469. 303. 371. 327.
373. 414. 502. 912. 790. 567. 439. 349. 207. 397.
345. 581. 862. 902. 862. 668. 428. 294.   8.   0.
307. 672. 867. 899. 823. 686. 425. 202.  69.   0.
385. 467. 803. 809. 720. 648. 468. 386. 240.  24.
438. 643. 988. 536. 443. 461. 440. 422. 341. 238.
 443.  438. 1204.  674.  464.  486.  505.  351.  233.  152.
362. 400. 430. 470. 432. 899. 681. 552. 616. 108.
