 452.  476.  498.  527.  625.  801. 1493.   78.    0.    0.
 475.  475.  474.  538.  640.  784. 1545.   19.    0.    0.
 486.  493.  532.  551.  616.  814. 1429.   29.    0.    0.
 440.  493.  481.  553.  583.  758. 1602.   40.    0.    0.
 506.  458.  505.  508.  606.  771. 1575.   21.    0.    0.
 450.  468.  503.  532.  632.  830. 1519.   16.    0.    0.
 458.  476.  495.  525.  623.  801. 1534.   38.    0.    0.
 461.  433.  526.  570.  551.  790. 1562.   57.    0.    0.
 444.  498.  492.  577.  614.  806. 1483.   36.    0.    0.
 454.  509.  496.  540.  637.  809. 1433.   72.    0.    0.
1013.  933.  780.  662.  564.  456.  294.  157.   75.   16.
877. 880. 710. 619. 569. 463. 329. 284. 169.  50.
943. 857. 714. 605. 533. 481. 375. 270. 137.  35.
892. 866. 760. 657. 549. 454. 327. 251. 141.  53.
964. 804. 747. 520. 505. 444. 414. 284. 187.  81.
953. 742. 679. 673. 544. 461. 321. 299. 227.  51.
953. 851. 775. 711. 583. 410. 286. 225. 126.  30.
976. 914. 801. 636. 540. 442. 324. 197. 102.  18.
892. 828. 726. 674. 545. 432. 357. 270. 150.  76.
929. 876. 715. 608. 556. 434. 348. 277. 155.  52.
859. 848. 738. 659. 515. 472. 356. 251. 146. 106.
638. 567. 765. 892. 897. 575. 346. 224.  46.   0.
 460.  434.  437.  537.  602.  682. 1407.  391.    0.    0.
 473.  489.  523.  522.  610.  755. 1562.   16.    0.    0.
 478.  472.  493.  539.  582.  804. 1541.   41.    0.    0.
 441.  475.  511.  521.  625.  788. 1544.   45.    0.    0.
 435.  503.  498.  599.  575.  800. 1500.   40.    0.    0.
 439.  501.  503.  533.  596.  812. 1528.   38.    0.    0.
 537.  489.  478.  557.  574.  807. 1471.   37.    0.    0.
 473.  455.  504.  538.  625.  749. 1571.   35.    0.    0.
 495.  497.  497.  510.  549.  797. 1576.   29.    0.    0.
 483.  472.  485.  554.  605.  793. 1524.   34.    0.    0.
 444.  485.  503.  508.  648.  800. 1536.   26.    0.    0.
913. 860. 776. 680. 532. 440. 329. 194. 154.  72.
925. 770. 771. 660. 478. 498. 384. 215. 184.  65.
896. 761. 666. 606. 554. 450. 372. 296. 241. 108.
932. 721. 652. 641. 571. 425. 340. 283. 294.  91.
984. 818. 702. 659. 532. 431. 344. 272. 162.  46.
968. 842. 756. 656. 555. 461. 326. 233. 132.  21.
896. 805. 736. 640. 581. 429. 329. 264. 187.  83.
913. 855. 783. 646. 560. 458. 331. 215. 150.  39.
966. 797. 613. 501. 466. 481. 471. 373. 223.  59.
864. 828. 709. 634. 556. 434. 369. 292. 201.  63.
910. 851. 711. 625. 551. 441. 381. 275. 146.  59.
592. 803. 735. 737. 847. 558. 415. 223.  40.   0.
 430.  471.  474.  501.  572.  742. 1468.  292.    0.    0.
