1007.  893.  786.  758.  594.  350.  255.  193.   94.   20.
927. 764. 696. 664. 540. 462. 320. 334. 181.  62.
928. 849. 735. 643. 527. 456. 366. 257. 160.  29.
948. 862. 705. 625. 514. 482. 387. 274. 129.  24.
958. 828. 697. 595. 534. 458. 404. 302. 132.  42.
995. 891. 787. 754. 559. 390. 281. 192.  93.   8.
943. 859. 748. 603. 565. 442. 355. 245. 151.  39.
 448.  399.  457. 1191.  802.  575.  325.  333.  271.  149.
 445.  430.  464.  545.  567.  723. 1355.  421.    0.    0.
 432.  498.  492.  520.  568.  717. 1278.  445.    0.    0.
950. 796. 696. 635. 587. 485. 328. 234. 165.  74.
913. 847. 726. 668. 572. 440. 338. 239. 159.  48.
1000.  941.  834.  727.  558.  369.  266.  153.   79.   23.
 381.  434.  470. 1110.  698.  524.  430.  376.  236.  291.
 478.  427.  477.  479.  609.  710. 1369.  401.    0.    0.
 417.  444.  462.  550.  587.  702. 1328.  460.    0.    0.
976. 889. 813. 681. 542. 414. 300. 203. 105.  27.
962. 854. 757. 643. 528. 433. 371. 230. 144.  28.
885. 858. 740. 657. 512. 472. 357. 232. 165.  72.
 384.  485.  515. 1027.  636.  508.  455.  362.  285.  293.
 447.  485.  471.  534.  559.  699. 1281.  474.    0.    0.
 417.  466.  464.  512.  600.  723. 1335.  433.    0.    0.
