423. 675. 886. 934. 836. 502. 343. 219. 132.   0.
865. 852. 775. 674. 589. 463. 320. 246. 132.  34.
815. 868. 755. 585. 518. 499. 405. 272. 172.  61.
665. 854. 773. 654. 560. 466. 329. 340. 279.  30.
895. 772. 710. 672. 622. 549. 339. 203. 152.  36.
 452.  448.  510.  646. 1102.  673.  552.  334.  233.    0.
 445.  488.  506.  627. 1255.  767.  410.  325.  127.    0.
 504. 1144.  867.  670.  550.  510.  336.  264.   93.   12.
 526. 1045.  925.  715.  566.  452.  331.  221.  131.   38.
 501. 1071.  731.  598.  488.  482.  441.  357.  199.   82.
 493. 1004.  918.  671.  657.  421.  338.  228.  187.   33.
 550. 1015.  752.  693.  541.  509.  340.  278.  243.   29.
570. 960. 772. 761. 552. 455. 376. 269. 212.  23.
