 338.  377.  432.  474.  512.  516.  501. 1349.  373.   78.
 598.  826. 1262.  819.  791.  436.  150.   68.    0.    0.
370. 407. 419. 479. 931. 683. 526. 432. 444. 259.
399. 385. 467. 430. 970. 808. 546. 439. 358. 148.
386. 448. 444. 458. 648. 592. 500. 503. 721. 250.
850. 829. 677. 547. 499. 482. 416. 332. 214. 104.
 357.  381.  398.  471.  489.  505.  667. 1184.  387.  111.
464. 491. 598. 643. 954. 997. 712.  91.   0.   0.
 473.  479.  570.  689. 1067.  818.  659.  195.    0.    0.
 546.  621. 1199.  784.  574.  558.  370.  270.   28.    0.
