 448.  447.  477.  520.  599.  680. 1341.  438.    0.    0.
 433.  440.  476.  505.  610.  735. 1319.  432.    0.    0.
 446.  467.  500.  513.  553.  704. 1319.  448.    0.    0.
 456.  452.  466.  522.  596.  702. 1384.  372.    0.    0.
 463.  454.  508.  509.  556.  689. 1305.  466.    0.    0.
 446.  484.  459.  532.  605.  674. 1316.  434.    0.    0.
 444.  469.  481.  525.  630.  767. 1518.  116.    0.    0.
 424.  476.  493.  527.  570.  788. 1576.   96.    0.    0.
 488.  454.  510.  510.  560.  746. 1615.   67.    0.    0.
 437.  461.  493.  521.  579.  704. 1304.  451.    0.    0.
 453.  417.  491.  510.  581.  731. 1353.  414.    0.    0.
 488. 1054.  776.  643.  609.  422.  381.  353.  224.    0.
 432.  480.  482.  503.  576.  710. 1310.  457.    0.    0.
 444.  440.  451.  568.  574.  713. 1300.  460.    0.    0.
 506. 1105.  810.  591.  484.  547.  449.  313.  145.    0.
 423.  489.  493.  518.  580.  734. 1282.  431.    0.    0.
 441.  461.  480.  516.  571.  704. 1315.  462.    0.    0.
 511. 1025.  863.  755.  620.  456.  271.  241.  208.    0.
 425.  458.  478.  529.  581.  713. 1333.  433.    0.    0.
 455.  453.  493.  503.  577.  722. 1321.  426.    0.    0.
 487. 1059.  933.  700.  608.  440.  345.  220.  158.    0.
