413. 534. 800. 714. 847. 848. 719.  75.   0.   0.
 351.  397.  414.  437.  479.  546.  535. 1322.  381.   88.
257. 529. 816. 820. 836. 713. 520. 338. 121.   0.
312. 607. 951. 877. 767. 619. 433. 262.  85.  37.
377. 826. 843. 651. 471. 463. 478. 457. 328.  56.
310. 641. 782. 857. 700. 549. 441. 401. 247.  22.
226. 649. 839. 968. 826. 692. 512. 163.  56.  19.
404. 733. 936. 768. 596. 451. 504. 213. 285.  60.
290. 533. 776. 864. 803. 699. 474. 366. 119.  26.
297. 555. 821. 815. 707. 719. 383. 494. 149.  10.
