488. 583. 826. 914. 908. 594. 386. 189.  58.   4.
 566. 1084.  894.  703.  597.  402.  309.  218.  130.   47.
 494.  498.  531.  516.  587.  706. 1276.  342.    0.    0.
554. 711. 690. 913. 746. 577. 367. 276. 112.   4.
402. 655. 754. 969. 842. 633. 419. 186.  90.   0.
923. 807. 691. 589. 497. 460. 416. 290. 219.  58.
631. 573. 570. 519. 521. 655. 830. 651.   0.   0.
894. 813. 708. 615. 500. 494. 402. 278. 160.  86.
966. 603. 563. 663. 466. 437. 409. 334. 337. 172.
845. 782. 740. 624. 572. 414. 406. 334. 165.  68.
907. 796. 713. 638. 563. 427. 363. 288. 199.  56.
948. 821. 785. 700. 567. 427. 310. 167. 143.  82.
657. 768. 550. 642. 341. 679. 627. 475. 199.  12.
755. 902. 785. 667. 565. 453. 354. 267. 113.  89.
906. 765. 700. 601. 544. 437. 424. 284. 195.  94.
412. 756. 859. 922. 719. 572. 417. 210.  81.   2.
