 602.  813.  902. 1281.  948.  263.  104.   37.    0.    0.
 619.  690.  717. 1241. 1004.  412.  195.   72.    0.    0.
 446.  449.  485.  545.  570.  778. 1159.  518.    0.    0.
407. 492. 498. 513. 643. 891. 936. 564.   6.   0.
 421.  473.  468.  539.  640. 1026.  768.  549.   66.    0.
 461.  478.  478.  573.  612. 1076.  948.  324.    0.    0.
 450.  460.  460.  524.  610.  685. 1274.  487.    0.    0.
 627. 1117.  782.  560.  583.  557.  410.  244.   62.    8.
 452.  512.  529.  552.  562.  767. 1305.  271.    0.    0.
571. 674. 875. 691. 587. 614. 515. 406.  17.   0.
 468.  756. 1023.  775.  632.  530.  385.  257.  124.    0.
498. 751. 989. 729. 636. 579. 370. 371.  27.   0.
513. 735. 809. 696. 588. 555. 485. 374. 195.   0.
479. 567. 521. 558. 728. 893. 903. 301.   0.   0.
 458.  440.  483.  532.  574.  747. 1302.  414.    0.    0.
 439.  481.  440.  512.  561.  776. 1416.  325.    0.    0.
748. 854. 767. 693. 563. 461. 315. 257. 238.  54.
702. 946. 724. 659. 553. 476. 364. 250. 210.  66.
401. 555. 916. 809. 744. 787. 343. 303.  92.   0.
410. 537. 922. 833. 856. 811. 333. 233.  15.   0.
 453.  539.  535.  750. 1290.  572.  389.  222.  169.   31.
447. 494. 562. 681. 960. 835. 477. 313. 162.  19.
416. 460. 476. 552. 570. 839. 808. 753.  76.   0.
442. 514. 708. 673. 888. 630. 481. 366. 189.  59.
470. 465. 619. 678. 690. 967. 568. 324. 145.  24.
405. 479. 483. 604. 687. 874. 649. 696.  73.   0.
 440.  454.  497.  525.  579.  762. 1173.  520.    0.    0.
 484. 1276.  876.  739.  536.  407.  315.  213.  104.    0.
 500. 1135.  758.  655.  527.  470.  404.  309.  192.    0.
