 450.  476.  519.  533.  604.  810. 1147.  411.    0.    0.
 434.  439.  510.  507.  609.  850. 1194.  407.    0.    0.
971. 814. 786. 664. 559. 448. 326. 229. 117.  36.
 422.  501.  586.  741. 1025.  629.  501.  337.  196.   12.
471. 467. 579. 892. 779. 597. 490. 352. 282.  41.
 414.  471.  457.  480.  539.  614. 1240.  735.    0.    0.
478. 580. 775. 824. 629. 350. 335. 489. 485.   5.
1057.  968.  812.  702.  557.  406.  265.  141.   36.    6.
974. 784. 644. 524. 486. 467. 492. 326. 200.  53.
908. 840. 761. 634. 588. 424. 354. 245. 141.  55.
973. 948. 800. 716. 522. 436. 285. 166.  75.  29.
946. 842. 767. 667. 526. 444. 342. 224. 137.  55.
 483.  553.  560.  607. 1167.  689.  759.  132.    0.    0.
 481.  568.  617.  636. 1417.  657.  511.   63.    0.    0.
369. 384. 403. 450. 420. 450. 973. 928. 441. 132.
377. 336. 404. 513. 510. 457. 982. 849. 388. 134.
 447.  466.  436.  507.  598.  727. 1311.  458.    0.    0.
 435.  499.  433.  519.  583.  725. 1283.  473.    0.    0.
902. 724. 762. 664. 486. 453. 430. 231. 165. 133.
920. 767. 713. 623. 568. 460. 317. 310. 231.  41.
938. 872. 839. 700. 545. 459. 251. 182. 134.  30.
934. 893. 794. 707. 559. 400. 306. 204. 115.  38.
890. 796. 734. 605. 607. 423. 370. 271. 179.  75.
877. 803. 736. 608. 548. 438. 389. 298. 195.  58.
912. 805. 753. 583. 597. 418. 404. 246. 168.  64.
933. 860. 761. 657. 550. 461. 333. 237. 123.  35.
