 435.  473. 1226.  702.  623.  470.  384.  301.  156.  180.
770. 848. 723. 701. 497. 507. 368. 215. 182. 139.
531. 992. 768. 674. 560. 460. 393. 308. 206.  58.
387. 351. 436. 463. 537. 761. 695. 559. 672.  89.
519. 978. 752. 654. 574. 470. 357. 325. 229.  92.
371. 396. 453. 491. 480. 915. 568. 560. 630.  86.
 434.  476.  525.  696. 1086.  627.  442.  346.  314.    4.
422. 425. 385. 511. 602. 921. 593. 748. 258.  85.
 472.  471.  546. 1032.  620.  494.  528.  416.  281.   90.
 450.  561.  611. 1178.  677.  460.  349.  308.  302.   54.
412. 467. 504. 421. 537. 851. 677. 744. 280.  57.
 439.  450.  589. 1041.  886.  521.  444.  359.  177.   44.
 526.  471.  427. 1325.  844.  592.  305.  211.  174.   75.
441. 501. 551. 995. 642. 553. 546. 410. 280.  31.
 461.  437.  488. 1352.  748.  561.  414.  168.  233.   88.
447. 491. 556. 883. 760. 566. 490. 460. 291.   6.
473. 893. 788. 661. 557. 451. 474. 238. 250. 165.
885. 858. 790. 675. 546. 443. 354. 213. 146.  40.
890. 782. 744. 661. 508. 466. 381. 237. 203.  78.
410. 752. 843. 962. 798. 659. 443.  76.   7.   0.
382. 823. 818. 805. 933. 717. 335. 125.  12.   0.
 301.  535.  533.  878. 1069.  594.  333.  365.  292.   50.
283. 652. 800. 921. 882. 679. 347. 280.  85.  21.
497. 833. 779. 870. 912. 582. 307. 147.  23.   0.
280. 593. 527. 584. 685. 871. 897. 433.  80.   0.
 366.  812. 1052.  987.  786.  552.  267.  111.   17.    0.
231. 611. 638. 816. 872. 757. 588. 292. 121.  24.
272. 626. 573. 710. 821. 896. 761. 268.  23.   0.
476. 821. 786. 853. 802. 600. 333. 239.  40.   0.
 367.  668.  552.  500.  514.  714. 1029.  592.   14.    0.
 411.  879. 1038. 1038.  799.  511.  209.   61.    4.    0.
241. 715. 777. 912. 812. 733. 495. 198.  47.  20.
269. 557. 548. 584. 696. 923. 774. 493. 106.   0.
457. 986. 914. 946. 853. 453. 232.  89.  20.   0.
 322.  620.  939. 1061.  871.  599.  502.   36.    0.    0.
470. 686. 982. 905. 995. 564. 215.  96.  37.   0.
 470.  524.  696. 1111.  886.  587.  550.  126.    0.    0.
 549.  671.  752. 1154. 1016.  365.  185.  156.  100.    2.
 475.  641.  778. 1199.  979.  483.  307.   88.    0.    0.
434. 584. 871. 944. 847. 613. 350. 181. 110.  16.
428. 483. 758. 860. 886. 898. 437. 162.  38.   0.
463. 902. 975. 836. 679. 553. 358. 159.  25.   0.
 553.  713.  808. 1078.  941.  379.  241.  135.   87.   15.
376. 611. 618. 764. 828. 988. 542. 221.   2.   0.
 505.  768. 1109. 1152.  563.  466.  237.   77.   52.   21.
404. 481. 711. 818. 756. 851. 552. 281.  96.   0.
365. 634. 666. 674. 851. 981. 640. 139.   0.   0.
430. 485. 541. 743. 854. 645. 550. 519. 183.   0.
 601. 1008. 1193.  873.  622.  309.  154.  122.   50.   18.
 681.  904. 1051.  875.  691.  320.  178.  129.   92.   29.
 509.  750. 1019.  811.  615.  540.  371.  239.   88.    8.
 596.  692. 1127.  799.  630.  411.  356.  229.   96.   14.
 678. 1000. 1035.  779.  637.  383.  189.  135.   74.   40.
 615. 1149. 1176.  831.  568.  306.  219.   59.   23.    4.
 636.  974. 1099.  833.  604.  324.  210.  150.   88.   32.
 609. 1075. 1110.  781.  620.  380.  200.  101.   62.   12.
480. 469. 643. 894. 640. 534. 450. 323. 385. 132.
432. 843. 864. 679. 568. 459. 361. 320. 221. 203.
856. 735. 705. 594. 579. 426. 391. 258. 266. 140.
964. 921. 753. 607. 538. 462. 340. 229. 110.  26.
