 511.  653. 1124. 1027.  735.  401.  271.  139.   89.    0.
497. 560. 590. 612. 985. 728. 914.  64.   0.   0.
 557.  869. 1032.  931.  661.  464.  215.  221.    0.    0.
 351.  368.  436.  451.  523.  543.  503. 1345.  355.   75.
252. 534. 770. 763. 861. 696. 572. 362. 140.   0.
310. 588. 727. 766. 830. 600. 580. 445.  86.  18.
424. 635. 771. 765. 519. 454. 353. 557. 394.  78.
281. 630. 890. 778. 710. 598. 500. 379. 176.   8.
256. 619. 819. 818. 912. 757. 489. 205.  46.  29.
423. 772. 874. 612. 548. 520. 542. 289. 313.  57.
270. 547. 808. 841. 731. 687. 536. 336. 153.  41.
301. 640. 770. 931. 855. 549. 312. 409. 135.  48.
