486. 593. 629. 866. 894. 869. 565.  48.   0.   0.
 431.  434.  478.  536.  568.  732. 1298.  473.    0.    0.
365. 413. 430. 465. 399. 535. 867. 723. 632. 121.
 455.  476.  514.  723. 1016.  780.  507.  257.  222.    0.
 482.  421.  557.  583. 1072.  751.  446.  446.  192.    0.
 430.  444.  472.  531.  584.  705. 1350.  434.    0.    0.
459. 554. 646. 821. 732. 938. 754.  46.   0.   0.
612. 742. 915. 823. 625. 471. 383. 272. 103.   4.
 470.  439.  409.  557.  594.  689. 1388.  404.    0.    0.
 348.  401.  416.  424.  493.  498. 1095.  642.  506.  127.
