 364.  399.  419.  446.  446.  539.  783. 1048.  424.   82.
 361.  386.  435.  476.  511.  480.  792. 1061.  346.  102.
 381.  458.  365.  430.  422.  535.  760. 1061.  407.  131.
 362.  380.  436.  447.  486.  474.  541. 1355.  362.  107.
435. 519. 840. 789. 584. 554. 534. 461. 199.  35.
437. 674. 930. 727. 687. 623. 465. 261. 126.  20.
424. 838. 742. 614. 662. 621. 525. 332. 162.  30.
394. 514. 804. 738. 671. 611. 566. 384. 187.  81.
430. 713. 972. 698. 734. 591. 480. 230. 101.   1.
408. 908. 729. 633. 676. 603. 576. 285. 121.  11.
404. 491. 813. 835. 746. 674. 545. 278. 135.  29.
390. 682. 852. 808. 680. 569. 522. 299. 120.  28.
406. 865. 836. 703. 662. 607. 498. 279.  81.  13.
416. 467. 870. 742. 634. 634. 603. 358. 178.  48.
433. 607. 835. 711. 580. 569. 547. 367. 224.  77.
