 445.  490.  587.  740. 1061.  635.  444.  296.  252.    0.
594. 644. 746. 611. 799. 934. 426. 171.  25.   0.
 450.  544.  515.  673. 1055.  687.  423.  408.  195.    0.
 488.  457.  481.  510.  691. 1110.  867.  337.    9.    0.
454. 472. 467. 539. 581. 888. 826. 630.  93.   0.
 439.  447.  496.  519.  593.  717. 1292.  447.    0.    0.
 429.  460.  482.  495.  613.  705. 1326.  440.    0.    0.
 476.  438.  457.  528.  614.  728. 1226.  483.    0.    0.
 453.  476.  468.  536.  555.  717. 1274.  471.    0.    0.
466. 483. 575. 650. 982. 875. 539. 303.  77.   0.
628. 908. 723. 694. 650. 411. 330. 327. 260.  19.
494. 719. 904. 716. 600. 484. 444. 362. 195.  32.
577. 688. 692. 708. 918. 613. 436. 249.  69.   0.
542. 671. 585. 668. 796. 618. 507. 408. 155.   0.
637. 620. 632. 668. 660. 652. 483. 366. 232.   0.
954. 820. 744. 543. 520. 453. 449. 262. 153.  52.
894. 781. 638. 589. 541. 537. 432. 338. 183.  17.
835. 821. 753. 684. 583. 480. 358. 221. 148.  67.
902. 818. 759. 715. 603. 449. 314. 222. 133.  35.
926. 741. 577. 462. 418. 465. 492. 504. 300.  65.
819. 730. 734. 590. 556. 478. 444. 317. 229.  53.
830. 798. 743. 687. 548. 478. 400. 261. 163.  42.
910. 801. 656. 534. 476. 536. 498. 345. 168.  26.
866. 728. 700. 617. 488. 512. 461. 287. 222.  69.
879. 863. 730. 663. 570. 472. 369. 255. 127.  22.
896. 721. 779. 714. 492. 533. 391. 218. 178.  28.
888. 852. 678. 646. 578. 495. 420. 274. 106.  13.
824. 724. 657. 572. 481. 488. 467. 378. 281.  78.
858. 774. 714. 670. 537. 480. 409. 287. 181.  40.
877. 719. 765. 549. 574. 514. 399. 358. 127.  68.
930. 847. 696. 614. 535. 453. 373. 294. 149.  59.
888. 881. 685. 683. 487. 473. 340. 276. 169.  68.
926. 892. 775. 720. 560. 414. 315. 182. 126.  40.
940. 829. 736. 645. 554. 484. 329. 237. 168.  28.
531. 812. 853. 661. 633. 579. 419. 337. 120.   5.
582. 902. 715. 682. 597. 538. 357. 293. 276.   8.
464. 737. 984. 838. 617. 514. 428. 280.  88.   0.
 589. 1052.  799.  729.  598.  488.  342.  239.  106.    8.
481. 874. 811. 780. 600. 560. 479. 291.  70.   4.
472. 964. 738. 588. 569. 570. 522. 321. 164.  42.
534. 792. 831. 683. 647. 579. 467. 292. 114.  11.
472. 899. 692. 574. 624. 670. 537. 309. 173.   0.
