927. 856. 812. 653. 545. 447. 338. 214. 119.  39.
956. 881. 803. 677. 521. 477. 289. 206. 112.  28.
953. 915. 744. 657. 507. 525. 311. 239.  70.  29.
 494.  556.  560.  578.  618.  976. 1153.   15.    0.    0.
936. 869. 764. 670. 543. 441. 352. 211. 125.  39.
942. 836. 760. 643. 546. 458. 370. 216. 123.  56.
949. 873. 697. 590. 489. 481. 385. 284. 135.  67.
 504.  485.  473.  541.  719. 1144. 1004.   80.    0.    0.
 583.  998. 1048. 1159.  617.  308.  160.   67.   10.    0.
 538.  945. 1050. 1043.  615.  402.  214.  115.   28.    0.
