 710. 1026.  804.  672.  539.  473.  347.  226.   99.   54.
372. 574. 626. 956. 963. 738. 468. 235.  18.   0.
 454.  456.  466.  536.  665. 1149.  660.  476.   88.    0.
 439.  447.  476.  566.  648. 1043.  770.  484.   77.    0.
 619. 1091.  817.  608.  514.  444.  369.  289.  147.   52.
 430. 1017.  894.  702.  594.  481.  337.  263.  155.   77.
 477.  457.  480.  543.  514.  677. 1308.  494.    0.    0.
456. 556. 615. 683. 892. 588. 576. 434. 143.   7.
572. 925. 909. 688. 503. 528. 377. 317. 120.  11.
 424.  477.  454.  528.  566.  743. 1474.  284.    0.    0.
466. 492. 486. 617. 908. 646. 660. 393. 282.   0.
 461.  435.  509.  551.  804. 1263.  414.  406.  107.    0.
923. 781. 724. 688. 570. 414. 359. 279. 170.  42.
717. 912. 877. 697. 564. 464. 367. 189. 139.  24.
 424.  455.  569.  690. 1095.  684.  496.  369.  168.    0.
 410.  480.  519.  569.  687. 1059.  769.  378.   79.    0.
507. 817. 871. 674. 583. 542. 359. 250. 254.  93.
485. 845. 906. 732. 684. 497. 366. 245. 190.   0.
851. 779. 788. 662. 567. 446. 332. 227. 163. 135.
927. 837. 805. 693. 544. 461. 283. 215. 148.  37.
899. 846. 733. 661. 519. 482. 353. 248. 158.  51.
478. 545. 653. 929. 682. 529. 549. 453. 132.   0.
 447.  461.  456.  522.  587.  725. 1413.  339.    0.    0.
 551. 1051.  793.  728.  588.  468.  348.  246.  138.   39.
 457.  458.  511.  521.  603.  756. 1156.  488.    0.    0.
 639. 1013.  724.  648.  577.  452.  395.  312.  162.   28.
 432.  473.  503.  540.  596.  780. 1155.  471.    0.    0.
 424.  483.  464.  518.  599.  819. 1239.  404.    0.    0.
 495.  461.  497.  444.  619.  816. 1163.  455.    0.    0.
983. 889. 649. 558. 466. 494. 387. 257. 199.  68.
825. 919. 710. 666. 577. 466. 330. 267. 113.  77.
 435.  468.  458.  512.  582.  735. 1466.  294.    0.    0.
514. 719. 946. 820. 570. 498. 303. 326. 218.  36.
 456.  461.  460.  530.  567.  734. 1382.  360.    0.    0.
 432.  457.  470.  523.  601.  762. 1297.  408.    0.    0.
523. 898. 884. 764. 628. 509. 415. 239.  87.   3.
880. 841. 781. 675. 572. 429. 338. 214. 158.  62.
1012.  993.  826.  713.  562.  403.  239.  135.   60.    7.
442. 510. 973. 814. 736. 636. 400. 245. 194.   0.
 477.  576. 1359.  790.  554.  469.  313.  246.  112.   54.
 450. 1056.  819.  652.  564.  466.  389.  282.  187.   85.
445. 580. 915. 902. 599. 570. 444. 277. 218.   0.
548. 821. 939. 693. 663. 427. 273. 317. 217.  52.
513. 967. 804. 675. 564. 479. 343. 273. 226. 106.
 417.  456. 1049.  941.  751.  659.  340.  228.  109.    0.
 482.  558. 1146.  723.  641.  461.  389.  259.  159.  132.
 473. 1142.  868.  667.  554.  511.  366.  231.  119.   19.
 426.  471.  500.  531.  563.  722. 1434.  303.    0.    0.
862. 790. 698. 617. 612. 450. 332. 288. 220.  81.
568. 950. 765. 682. 571. 473. 369. 303. 226.  43.
 456.  475.  453.  493.  598.  754. 1293.  428.    0.    0.
826. 926. 797. 614. 597. 429. 359. 224. 120.  58.
 562. 1004.  799.  674.  558.  485.  354.  282.  183.   49.
 448.  457.  487.  506.  573.  705. 1362.  412.    0.    0.
828. 884. 747. 627. 587. 412. 353. 237. 197.  78.
568. 981. 765. 734. 636. 457. 300. 315. 166.  28.
 464.  439.  431.  518.  571.  754. 1407.  366.    0.    0.
849. 922. 794. 678. 561. 440. 351. 211. 110.  34.
 540. 1051.  878.  695.  614.  418.  332.  238.  130.   54.
 451.  453.  480.  506.  581.  764. 1088.  627.    0.    0.
 602. 1100.  714.  598.  527.  489.  408.  316.  177.   19.
 611. 1016.  766.  661.  521.  486.  375.  272.  160.   82.
 436.  455.  482.  540.  579.  758. 1150.  550.    0.    0.
 570. 1080.  835.  630.  587.  466.  387.  232.  148.   15.
 545. 1130.  786.  692.  582.  421.  337.  258.  140.   59.
 458.  457.  461.  529.  588.  809. 1343.  305.    0.    0.
 534. 1050.  760.  605.  515.  513.  434.  298.  188.   53.
599. 967. 739. 682. 586. 462. 331. 271. 210. 103.
 480.  445.  445.  545.  586.  779. 1080.  590.    0.    0.
 527. 1030.  792.  692.  541.  471.  351.  266.  222.   58.
 573. 1100.  826.  719.  579.  438.  302.  243.  128.   42.
 452.  465.  503.  507.  576.  662. 1306.  479.    0.    0.
 503. 1024.  922.  654.  585.  481.  404.  241.   96.   40.
 734. 1101.  846.  738.  575.  400.  308.  144.   73.   31.
 443.  434.  480.  501.  629.  687. 1320.  456.    0.    0.
 592. 1001.  760.  712.  576.  449.  343.  285.  173.   59.
 653. 1053.  738.  712.  570.  446.  331.  267.  106.   74.
