 339.  417.  430.  451.  418.  555.  535. 1299.  410.   96.
437. 519. 639. 654. 765. 989. 849.  98.   0.   0.
467. 503. 569. 671. 679. 871. 968. 222.   0.   0.
 462.  452.  815. 1137.  640.  534.  445.  241.  147.   77.
475. 484. 681. 702. 956. 649. 891. 112.   0.   0.
 455.  488.  588.  693.  744.  738. 1042.  202.    0.    0.
445. 536. 655. 609. 807. 942. 854. 102.   0.   0.
447. 484. 769. 858. 550. 504. 492. 421. 289. 136.
456. 546. 581. 634. 682. 812. 925. 314.   0.   0.
 433.  572.  589.  540.  675.  817. 1074.  250.    0.    0.
430. 543. 651. 738. 838. 919. 687. 144.   0.   0.
435. 480. 762. 929. 594. 501. 496. 348. 285. 120.
434. 522. 614. 796. 806. 942. 709. 127.   0.   0.
