 465.  450.  449.  544.  593.  853. 1250.  346.    0.    0.
 541.  482.  466.  567.  714. 1203.  597.  340.   40.    0.
 443.  516.  471.  601.  892. 1048.  510.  315.  154.    0.
 493.  453.  499.  438.  765. 1305.  605.  285.  107.    0.
 506.  484.  440.  462.  506.  549. 1274.  584.  145.    0.
 459.  443.  469.  502.  699. 1247.  539.  410.  182.    0.
526. 814. 899. 643. 660. 562. 394. 276. 138.  38.
404. 437. 460. 511. 533. 597. 855. 963. 190.   0.
 375.  446.  429.  439.  516.  587. 1124.  751.  274.    9.
458. 812. 803. 722. 520. 476. 388. 375. 175. 221.
 447.  490.  532.  621.  682. 1094.  508.  345.  229.    2.
441. 419. 480. 558. 645. 785. 796. 826.   0.   0.
 504.  563.  716. 1055.  662.  534.  463.  262.   96.   95.
 489.  588. 1218.  680.  665.  438.  455.  220.  197.    0.
 450.  551. 1177.  703.  624.  508.  419.  274.  160.   84.
568. 995. 788. 727. 601. 436. 285. 317. 207.  26.
504. 504. 565. 599. 737. 797. 743. 340. 161.   0.
 553.  772. 1195.  796.  644.  446.  238.  172.  103.   31.
 459.  510.  527.  583. 1016.  959.  580.  295.   21.    0.
 428.  465.  469.  514.  568.  701. 1186.  619.    0.    0.
 445.  408.  468.  546.  586.  704. 1265.  528.    0.    0.
 421.  438.  472.  528.  584.  747. 1285.  475.    0.    0.
929. 782. 697. 635. 544. 421. 383. 281. 218.  60.
 459.  437.  512.  568.  673. 1171.  554.  452.  124.    0.
900. 782. 652. 674. 564. 429. 328. 335. 208.  78.
893. 839. 759. 700. 542. 451. 331. 242. 142.  51.
972. 844. 735. 705. 618. 396. 275. 209. 165.  31.
471. 441. 529. 632. 890. 638. 592. 386. 371.   0.
1008.  937.  800.  634.  518.  429.  304.  186.  107.   27.
 427.  472.  500.  530.  732. 1173.  514.  419.  183.    0.
934. 967. 817. 661. 562. 430. 284. 189.  80.  26.
 438.  436.  481.  505.  616. 1106.  753.  457.  158.    0.
458. 495. 525. 674. 985. 614. 374. 474. 303.  48.
410. 437. 475. 445. 455. 733. 688. 944. 336.  27.
 439.  502.  501.  575.  750. 1249.  555.  329.   50.    0.
466. 469. 497. 718. 902. 665. 612. 448. 173.   0.
890. 855. 736. 598. 511. 482. 396. 290. 147.  45.
673. 874. 730. 691. 531. 448. 398. 224. 212. 169.
668. 890. 775. 647. 514. 458. 383. 278. 208. 129.
671. 937. 761. 687. 534. 484. 332. 282. 168.  94.
678. 921. 756. 708. 545. 414. 392. 257. 140. 139.
661. 877. 697. 690. 580. 499. 339. 241. 193. 173.
689. 986. 845. 674. 575. 443. 342. 194. 118.  84.
 643. 1016.  759.  647.  554.  469.  382.  262.  151.   67.
 442. 1058.  778.  675.  587.  468.  343.  263.  205.  131.
656. 912. 773. 620. 597. 458. 321. 286. 196. 131.
705. 988. 786. 694. 568. 429. 331. 227. 158.  64.
738. 984. 806. 663. 534. 472. 355. 229. 126.  43.
803. 814. 772. 623. 560. 437. 382. 260. 190. 109.
824. 901. 797. 686. 601. 433. 262. 235. 131.  80.
666. 934. 776. 710. 523. 469. 325. 245. 201. 101.
663. 848. 702. 686. 412. 451. 441. 311. 219. 217.
710. 970. 699. 673. 600. 425. 343. 280. 164.  86.
788. 827. 639. 615. 537. 436. 374. 349. 235. 150.
726. 936. 700. 714. 617. 411. 309. 277. 195.  65.
 439. 1079.  761.  675.  602.  461.  331.  283.  209.  110.
447. 763. 831. 694. 518. 455. 436. 300. 257. 249.
728. 923. 689. 602. 530. 464. 412. 315. 223.  64.
687. 973. 765. 670. 549. 465. 383. 233. 157.  68.
495. 841. 689. 608. 414. 463. 414. 413. 375. 238.
 436.  480.  553.  577.  667. 1096.  461.  381.  289.   10.
445. 423. 444. 560. 717. 990. 628. 704.  39.   0.
455. 473. 474. 512. 695. 932. 728. 480. 201.   0.
 470.  492.  521.  458.  725. 1154.  628.  366.  136.    0.
 510.  498.  485.  508.  495.  702. 1215.  432.  105.    0.
 471.  466.  489.  591.  664. 1126.  606.  395.  142.    0.
