439. 445. 510. 571. 836. 975. 683. 396.  95.   0.
 449.  451.  459.  530.  547.  708. 1350.  456.    0.    0.
 458.  429.  474.  496.  565.  727. 1350.  451.    0.    0.
661. 934. 739. 650. 589. 545. 355. 236. 182.  59.
561. 653. 561. 690. 542. 426. 835. 508. 148.  26.
547. 542. 569. 615. 605. 510. 374. 882. 255.  51.
556. 972. 669. 581. 491. 477. 415. 354. 281. 154.
 439.  501.  507.  557.  785. 1042.  597.  356.  166.    0.
 458.  457.  507.  549.  768. 1094.  661.  377.   79.    0.
 431.  473.  460.  554.  783. 1115.  581.  371.  182.    0.
472. 613. 648. 781. 816. 550. 503. 416. 151.   0.
488. 518. 629. 827. 808. 544. 496. 393. 247.   0.
961. 890. 793. 656. 592. 409. 319. 177. 113.  40.
934. 836. 732. 727. 524. 497. 271. 215. 164.  50.
459. 481. 531. 950. 747. 586. 691. 505.   0.   0.
 438.  453.  457.  501.  590.  740. 1331.  440.    0.    0.
 421.  452.  499.  519.  590.  704. 1316.  449.    0.    0.
 442.  468.  500.  494.  585.  701. 1325.  435.    0.    0.
 461.  476.  451.  499.  551.  782. 1287.  443.    0.    0.
