 442.  475.  487.  563.  808. 1081.  703.  329.   62.    0.
 796. 1107.  889.  710.  613.  434.  265.  114.   22.    0.
630. 805. 807. 666. 637. 578. 401. 290. 125.  11.
974. 944. 803. 703. 525. 448. 293. 162.  81.  17.
907. 906. 755. 718. 550. 431. 291. 236. 115.  41.
1009.  864.  709.  602.  533.  461.  369.  246.  137.   20.
884. 819. 742. 603. 536. 469. 376. 266. 186.  69.
937. 840. 669. 565. 490. 502. 414. 295. 188.  50.
947. 785. 708. 645. 562. 413. 372. 281. 181.  56.
1011.  850.  756.  737.  616.  395.  221.  192.  137.   35.
909. 858. 763. 652. 565. 431. 329. 228. 166.  49.
918. 823. 779. 613. 597. 420. 353. 244. 153.  50.
933. 835. 763. 684. 593. 439. 263. 232. 146.  62.
960. 943. 846. 685. 553. 402. 266. 170.  93.  32.
950. 834. 749. 691. 562. 455. 308. 226. 140.  35.
920. 790. 578. 571. 466. 442. 423. 390. 223. 147.
936. 909. 778. 726. 558. 426. 273. 185. 119.  40.
899. 802. 810. 664. 554. 416. 364. 196. 163.  82.
907. 854. 785. 702. 552. 433. 311. 221. 135.  50.
963. 832. 735. 639. 536. 419. 332. 271. 172.  51.
936. 798. 713. 682. 544. 441. 339. 270. 168.  59.
954. 910. 796. 712. 556. 423. 288. 166.  93.  52.
924. 891. 803. 693. 516. 437. 340. 193. 103.  50.
862. 815. 704. 653. 580. 440. 326. 285. 189.  96.
961. 831. 715. 507. 537. 452. 444. 271. 185.  47.
901. 818. 748. 677. 577. 438. 320. 221. 180.  70.
952. 900. 715. 662. 521. 490. 323. 224. 118.  45.
899. 829. 764. 622. 570. 456. 359. 256. 137.  58.
 441.  476.  441.  533.  598.  868. 1112.  481.    0.    0.
 451.  461.  468.  526.  651. 1129.  881.  380.    3.    0.
434. 472. 505. 554. 630. 926. 847. 518.  64.   0.
494. 431. 501. 495. 669. 993. 830. 512.  25.   0.
456. 434. 493. 530. 661. 920. 882. 522.  52.   0.
 495.  424.  493.  522.  624. 1004.  937.  424.   27.    0.
459. 483. 489. 547. 663. 927. 826. 525.  31.   0.
470. 454. 467. 528. 716. 884. 915. 495.  21.   0.
 435.  442.  497.  544.  608. 1073.  847.  478.   26.    0.
 432.  431.  471.  566.  633. 1150.  669.  574.   24.    0.
 436.  486.  496.  531.  657. 1078.  815.  420.   31.    0.
886. 874. 745. 637. 546. 440. 373. 258. 132.  59.
937. 822. 728. 678. 558. 440. 342. 243. 159.  43.
995. 861. 694. 595. 551. 506. 392. 227.  98.  31.
969. 839. 727. 650. 555. 420. 389. 264. 115.  22.
922. 799. 720. 673. 567. 414. 351. 278. 168.  58.
1000.  850.  710.  600.  530.  514.  366.  224.  119.   37.
997. 883. 650. 563. 525. 501. 428. 278. 110.  15.
916. 874. 803. 634. 563. 444. 339. 204. 133.  40.
980. 960. 830. 704. 555. 410. 251. 158.  85.  17.
984. 894. 762. 645. 540. 493. 330. 210.  73.  19.
943. 865. 800. 703. 561. 439. 272. 196. 136.  35.
975. 951. 829. 678. 551. 425. 285. 166.  73.  17.
976. 825. 800. 714. 515. 442. 345. 200. 103.  30.
1010.  983.  806.  696.  565.  415.  263.  132.   60.   20.
921. 833. 741. 642. 570. 430. 373. 253. 134.  53.
865. 789. 760. 661. 512. 454. 398. 218. 182. 111.
983. 853. 830. 660. 504. 451. 314. 193. 115.  47.
927. 846. 771. 661. 550. 449. 350. 223. 112.  61.
936. 890. 806. 700. 570. 426. 276. 175. 119.  52.
980. 910. 833. 676. 536. 451. 263. 190.  96.  15.
991. 835. 713. 616. 566. 473. 385. 229. 124.  18.
900. 830. 725. 642. 570. 435. 350. 266. 174.  58.
981. 928. 839. 686. 546. 398. 304. 145.  92.  31.
922. 782. 731. 637. 530. 456. 364. 276. 204.  48.
961. 922. 801. 702. 601. 380. 280. 176.  90.  37.
916. 814. 717. 646. 550. 462. 340. 257. 193.  55.
980. 918. 859. 742. 502. 430. 255. 152.  77.  35.
907. 781. 649. 586. 521. 440. 390. 340. 235. 101.
933. 821. 739. 590. 548. 426. 379. 288. 163.  63.
896. 800. 777. 622. 540. 454. 381. 243. 169.  68.
915. 789. 690. 674. 533. 448. 319. 305. 206.  71.
853. 792. 704. 668. 494. 479. 379. 270. 179. 132.
957. 739. 617. 560. 485. 441. 400. 366. 315.  70.
977. 773. 648. 648. 552. 389. 350. 356. 199.  58.
916. 831. 699. 643. 562. 443. 349. 291. 176.  40.
944. 830. 792. 639. 526. 466. 366. 210. 148.  29.
921. 854. 746. 657. 545. 455. 346. 255. 132.  39.
965. 898. 750. 616. 527. 437. 358. 228. 118.  53.
941. 929. 789. 652. 572. 431. 337. 190.  82.  27.
976. 825. 805. 642. 549. 467. 305. 228. 125.  28.
959. 849. 828. 646. 503. 480. 317. 208. 130.  30.
941. 800. 693. 600. 580. 458. 372. 272. 180.  54.
973. 909. 692. 623. 546. 489. 388. 228.  89.  13.
877. 792. 695. 636. 582. 448. 321. 288. 201. 110.
942. 839. 800. 682. 572. 427. 315. 186. 127.  60.
901. 804. 759. 639. 497. 461. 353. 281. 174.  81.
904. 845. 727. 623. 537. 452. 377. 262. 148.  75.
917. 855. 769. 627. 521. 437. 352. 249. 157.  66.
913. 823. 738. 567. 550. 441. 414. 279. 153.  72.
928. 914. 793. 691. 538. 433. 320. 197. 106.  30.
910. 822. 783. 659. 589. 412. 317. 225. 173.  60.
932. 852. 722. 645. 539. 425. 327. 289. 157.  62.
924. 805. 774. 620. 532. 431. 403. 225. 179.  57.
925. 850. 823. 684. 534. 447. 326. 181. 117.  63.
918. 871. 763. 649. 532. 465. 356. 220. 129.  47.
927. 812. 737. 605. 532. 480. 352. 288. 184.  33.
944. 946. 772. 678. 546. 393. 312. 210. 105.  44.
929. 854. 776. 667. 542. 448. 300. 220. 155.  59.
933. 819. 780. 671. 526. 470. 326. 226. 162.  37.
935. 873. 734. 658. 493. 466. 324. 245. 144.  78.
945. 867. 796. 708. 540. 418. 293. 226. 115.  42.
938. 833. 710. 573. 547. 464. 416. 275. 140.  54.
1015.  818.  736.  611.  509.  486.  355.  260.  129.   31.
989. 867. 820. 681. 573. 442. 275. 165. 111.  27.
895. 859. 744. 643. 554. 443. 361. 247. 142.  62.
925. 834. 729. 622. 529. 474. 396. 240. 145.  56.
905. 839. 676. 529. 503. 472. 457. 300. 175.  94.
951. 799. 758. 691. 540. 443. 337. 234. 179.  18.
948. 895. 730. 622. 520. 476. 349. 260. 104.  46.
896. 778. 667. 629. 570. 443. 334. 326. 221.  86.
925. 806. 720. 663. 537. 474. 345. 255. 183.  42.
941. 816. 692. 565. 494. 485. 425. 301. 178.  53.
864. 855. 645. 580. 515. 484. 382. 341. 174. 110.
940. 795. 732. 680. 469. 442. 368. 231. 190. 103.
940. 811. 659. 530. 498. 492. 433. 318. 220.  49.
919. 804. 727. 641. 570. 442. 343. 285. 190.  29.
976. 869. 833. 656. 562. 442. 307. 182.  91.  32.
924. 841. 788. 656. 511. 462. 353. 204. 163.  48.
949. 922. 810. 683. 543. 446. 291. 177.  97.  32.
926. 885. 815. 645. 551. 455. 308. 211. 107.  47.
924. 820. 741. 632. 531. 425. 372. 243. 170.  92.
913. 798. 676. 568. 490. 512. 380. 339. 220.  54.
427. 528. 934. 885. 957. 761. 284. 171.   3.   0.
518. 656. 730. 775. 834. 629. 435. 257. 105.  11.
924. 895. 740. 602. 520. 506. 389. 233. 109.  32.
925. 873. 796. 713. 527. 451. 299. 201. 123.  42.
1.062e+03 7.660e+02 7.130e+02 6.980e+02 5.080e+02 4.400e+02 4.150e+02
 2.860e+02 6.100e+01 1.000e+00
941. 914. 838. 677. 556. 428. 284. 178.  96.  38.
936. 946. 800. 655. 539. 468. 317. 183.  75.  31.
919. 827. 713. 608. 516. 456. 410. 278. 175.  48.
1016.  901.  817.  673.  574.  438.  260.  133.  108.   30.
536. 770. 887. 920. 657. 578. 413. 179.  10.   0.
965. 908. 856. 686. 570. 391. 280. 170.  81.  43.
931. 778. 684. 575. 497. 484. 431. 295. 196.  79.
890. 843. 773. 662. 543. 459. 329. 252. 118.  81.
882. 875. 743. 639. 564. 421. 386. 238. 143.  59.
979. 925. 792. 672. 518. 404. 308. 204. 107.  41.
965. 883. 754. 678. 513. 452. 357. 223. 107.  18.
884. 784. 729. 619. 619. 409. 337. 268. 208.  93.
911. 891. 745. 651. 568. 441. 351. 235. 111.  46.
884. 812. 734. 663. 553. 439. 347. 242. 179.  97.
881. 848. 755. 627. 528. 439. 387. 225. 173.  87.
898. 865. 769. 663. 531. 448. 332. 242. 137.  65.
871. 757. 711. 659. 540. 459. 314. 287. 237. 115.
933. 811. 686. 601. 540. 490. 370. 289. 170.  60.
922. 771. 672. 688. 647. 442. 269. 214. 203. 122.
957. 823. 651. 555. 515. 482. 444. 305. 178.  40.
972. 865. 681. 639. 567. 454. 415. 196. 122.  39.
940. 720. 742. 669. 521. 426. 386. 244. 188. 114.
940. 872. 817. 634. 595. 413. 329. 222.  90.  38.
1026.  855.  658.  529.  474.  516.  458.  307.  117.   10.
958. 793. 838. 655. 499. 504. 323. 201. 153.  26.
