 459.  460. 1019.  698.  614.  474.  409.  333.  239.  245.
554. 776. 739. 741. 629. 404. 284. 393. 333.  97.
 537.  595. 1166.  718.  557.  530.  561.  286.    0.    0.
 504.  776. 1200.  831.  611.  452.  312.  159.  105.    0.
530. 778. 994. 717. 632. 465. 358. 345. 131.   0.
 476.  466.  469.  455.  571.  759. 1336.  418.    0.    0.
 443.  482.  458.  489.  559.  735. 1280.  504.    0.    0.
 307.  717.  613.  759.  842. 1073.  466.  173.    0.    0.
 402.  622.  534.  621.  779. 1050.  790.  152.    0.    0.
 479.  479.  473.  523.  575.  715. 1242.  464.    0.    0.
 438.  457.  492.  489.  598.  721. 1267.  488.    0.    0.
493. 531. 626. 933. 752. 596. 588. 431.   0.   0.
 519.  500.  615. 1289.  780.  532.  366.  349.    0.    0.
 554.  527.  843. 1013.  632.  510.  525.  346.    0.    0.
