 381.  422.  404.  517.  580. 1051.  551.  565.  431.   48.
370. 402. 468. 432. 507. 910. 613. 499. 624. 125.
422. 444. 469. 556. 894. 739. 550. 531. 345.   0.
423. 419. 509. 519. 931. 703. 552. 502. 392.   0.
443. 445. 501. 572. 969. 804. 506. 473. 237.   0.
 412.  447.  469.  541. 1064.  859.  529.  406.  223.    0.
411. 450. 476. 522. 904. 760. 470. 452. 505.   0.
 419.  425.  492.  523. 1055.  782.  543.  456.  255.    0.
433. 440. 483. 525. 896. 650. 592. 494. 437.   0.
426. 421. 497. 565. 983. 814. 554. 334. 356.   0.
428. 422. 462. 543. 967. 721. 593. 452. 362.   0.
441. 405. 473. 520. 971. 882. 509. 382. 367.   0.
 448.  436.  608. 1175.  736.  520.  421.  278.  260.   68.
 435.  463.  564. 1185.  728.  562.  373.  257.  275.  108.
 476. 1148.  818.  702.  558.  457.  354.  242.  135.   60.
663. 532. 660. 539. 544. 622. 400. 510. 367. 113.
643. 726. 608. 621. 611. 568. 507. 395. 223.  48.
429. 479. 518. 580. 815. 832. 665. 446. 163.  23.
634. 929. 752. 666. 588. 445. 358. 277. 206.  95.
745. 775. 703. 738. 573. 442. 421. 372. 166.  15.
682. 661. 609. 664. 689. 570. 395. 303. 251. 126.
434. 473. 519. 486. 680. 966. 977. 264. 130.  21.
704. 807. 730. 477. 484. 418. 475. 326. 293. 236.
 478.  438.  440.  517.  563.  723. 1353.  438.    0.    0.
 452.  463.  474.  492.  570.  715. 1331.  453.    0.    0.
 451.  455.  482.  478.  613.  726. 1274.  471.    0.    0.
 506.  433.  491.  518.  587.  709. 1315.  391.    0.    0.
224. 602. 597. 583. 800. 923. 744. 401.  76.   0.
 410.  405.  440.  449.  515.  587.  786. 1202.  156.    0.
900. 774. 773. 638. 476. 488. 397. 257. 164.  83.
356. 410. 460. 497. 664. 739. 536. 453. 620. 215.
