738. 817. 746. 640. 548. 436. 443. 258. 299.  25.
723. 845. 771. 691. 597. 491. 323. 243. 232.  34.
811. 909. 735. 690. 587. 452. 295. 254. 137.  80.
781. 817. 776. 673. 492. 473. 379. 267. 174. 118.
605. 944. 717. 706. 598. 464. 339. 301. 199.  77.
 558. 1046.  735.  665.  561.  477.  364.  297.  201.   46.
893. 874. 815. 674. 527. 455. 317. 222. 127.  46.
853. 816. 663. 572. 499. 457. 392. 332. 268.  98.
873. 956. 818. 697. 552. 429. 300. 200.  87.  38.
852. 827. 732. 677. 597. 412. 356. 257. 191.  49.
796. 851. 786. 666. 576. 465. 342. 214. 176.  78.
802. 783. 701. 688. 581. 458. 326. 305. 227.  79.
684. 855. 704. 567. 490. 481. 402. 391. 283.  93.
655. 850. 725. 642. 582. 484. 407. 324. 229.  52.
790. 832. 701. 633. 580. 446. 341. 310. 227.  90.
814. 694. 688. 597. 434. 517. 427. 279. 351. 149.
838. 788. 618. 542. 525. 473. 408. 360. 241. 157.
889. 899. 768. 666. 539. 507. 320. 210. 129.  23.
820. 817. 701. 606. 572. 500. 359. 259. 247.  69.
855. 844. 705. 630. 561. 425. 402. 324. 155.  49.
621. 951. 767. 632. 575. 491. 369. 280. 199.  65.
624. 947. 783. 720. 573. 453. 378. 227. 174.  71.
531. 939. 997. 773. 668. 397. 296. 205. 107.  37.
567. 994. 946. 700. 584. 488. 320. 234.  92.  25.
882. 867. 776. 690. 519. 449. 303. 248. 126.  90.
903. 858. 792. 663. 560. 425. 337. 213. 134.  65.
941. 929. 733. 635. 528. 412. 358. 239. 133.  42.
 539.  750. 1107.  726.  634.  413.  374.  252.  138.   17.
 526.  774. 1097.  818.  614.  441.  349.  219.  107.    5.
867. 797. 795. 672. 488. 476. 375. 232. 186.  62.
794. 813. 632. 615. 486. 489. 426. 293. 253. 149.
811. 830. 689. 622. 479. 493. 386. 333. 205. 102.
895. 881. 772. 715. 621. 392. 300. 222. 117.  35.
