 702. 1041.  789.  631.  549.  455.  370.  242.  134.   37.
 660. 1021.  897.  725.  527.  464.  312.  177.  118.   49.
 609. 1013.  751.  671.  585.  451.  340.  288.  183.   59.
725. 920. 698. 689. 607. 444. 383. 308. 152.  24.
682. 878. 677. 599. 634. 438. 358. 319. 283.  82.
 746. 1030.  763.  675.  554.  443.  326.  263.  102.   48.
 634. 1054.  741.  633.  555.  499.  392.  255.  146.   41.
721. 856. 717. 621. 570. 524. 407. 300. 181.  53.
453. 480. 484. 557. 689. 928. 957. 402.   0.   0.
843. 815. 683. 540. 514. 469. 495. 372. 200.  19.
491. 564. 666. 945. 653. 631. 528. 335. 131.   6.
 501.  691. 1011.  795.  631.  494.  412.  266.  122.   27.
489. 630. 872. 799. 713. 626. 438. 305.  78.   0.
505. 772. 874. 717. 572. 508. 382. 381. 211.  28.
663. 844. 697. 628. 553. 511. 438. 341. 194.  81.
598. 934. 757. 652. 595. 535. 431. 300. 148.   0.
682. 880. 735. 681. 573. 513. 395. 285. 151.  55.
690. 910. 765. 680. 612. 478. 392. 234. 131.  58.
654. 831. 747. 644. 525. 590. 425. 338. 191.   5.
683. 824. 751. 681. 595. 555. 413. 296. 138.  14.
716. 852. 735. 646. 556. 464. 424. 289. 213.  55.
675. 851. 734. 653. 602. 471. 385. 285. 222.  72.
440. 536. 982. 708. 600. 531. 416. 395. 264.  78.
663. 895. 729. 688. 530. 511. 420. 271. 194.  49.
735. 977. 765. 690. 639. 500. 327. 191.  94.  32.
586. 946. 805. 696. 649. 461. 397. 269. 136.   5.
666. 869. 886. 686. 562. 467. 380. 280. 112.  42.
517. 722. 864. 730. 584. 512. 420. 349. 208.  44.
 574. 1041.  862.  683.  621.  461.  387.  215.   98.    8.
714. 821. 789. 747. 536. 512. 378. 255. 175.  23.
828. 739. 701. 592. 507. 457. 450. 323. 234. 119.
783. 802. 688. 640. 518. 490. 390. 306. 250.  83.
851. 910. 831. 632. 613. 429. 374. 192. 105.  13.
703. 892. 762. 690. 639. 434. 341. 289. 134.  66.
744. 903. 669. 669. 583. 453. 386. 310. 183.  50.
602. 917. 677. 664. 612. 456. 388. 392. 220.  22.
668. 835. 768. 707. 675. 488. 280. 231. 274.  24.
563. 693. 888. 765. 514. 522. 453. 330. 179.  43.
584. 923. 855. 801. 595. 498. 342. 199. 141.  12.
 569. 1008.  851.  700.  592.  432.  352.  232.  162.   52.
574. 952. 730. 704. 686. 462. 311. 293. 172.  66.
684. 815. 737. 618. 548. 485. 400. 360. 237.  66.
 727. 1160.  910.  793.  565.  353.  227.  150.   59.    6.
5.65e+02 1.08e+03 9.47e+02 7.98e+02 6.62e+02 5.21e+02 2.59e+02 9.60e+01
 2.10e+01 1.00e+00
 681. 1129.  853.  735.  561.  423.  264.  166.  128.   10.
 472.  911. 1104.  778.  609.  497.  350.  155.   69.    5.
 693. 1173.  856.  769.  585.  374.  225.  183.   86.    6.
 790. 1127.  886.  712.  529.  417.  212.  178.   76.   23.
 718. 1039.  921.  717.  592.  397.  259.  165.   88.   54.
897. 880. 716. 688. 550. 488. 305. 256. 115.  55.
872. 907. 779. 710. 597. 424. 294. 198. 127.  42.
858. 857. 735. 665. 566. 465. 333. 270. 141.  60.
985. 906. 664. 571. 515. 435. 425. 289. 144.  16.
831. 883. 780. 683. 568. 433. 330. 226. 141.  75.
896. 850. 707. 640. 557. 435. 369. 291. 167.  38.
 608. 1030. 1102.  795.  605.  385.  262.  110.   40.   13.
 510.  995. 1059.  765.  640.  508.  274.  147.   47.    5.
 777. 1089.  930.  858.  572.  293.  228.  151.   47.    5.
 581. 1175. 1254.  858.  521.  306.  170.   71.   14.    0.
5.700e+02 9.900e+02 1.097e+03 7.900e+02 6.430e+02 4.080e+02 2.470e+02
 1.620e+02 4.200e+01 1.000e+00
 439.  907. 1259.  942.  747.  375.  152.  104.   25.    0.
 885. 1057.  862.  708.  549.  367.  252.  169.   79.   22.
848. 861. 763. 670. 621. 417. 321. 203. 171.  75.
858. 770. 790. 640. 547. 476. 357. 246. 191.  75.
852. 814. 764. 634. 553. 472. 344. 274. 158.  85.
942. 843. 730. 588. 547. 501. 393. 245. 124.  37.
869. 879. 756. 646. 555. 475. 353. 234. 128.  55.
862. 859. 757. 679. 579. 434. 301. 256. 154.  69.
912. 850. 715. 648. 583. 464. 333. 248. 147.  50.
955. 850. 706. 536. 550. 490. 451. 264. 126.  22.
927. 880. 766. 661. 513. 447. 371. 220. 119.  46.
 477.  520. 1154.  844.  709.  524.  284.  210.  188.   40.
885. 780. 717. 585. 548. 444. 431. 322. 218.  20.
754. 863. 767. 672. 576. 462. 370. 262. 158.  66.
456. 458. 508. 551. 885. 869. 510. 412. 301.   0.
635. 760. 772. 631. 547. 414. 480. 415. 266.  30.
482. 519. 607. 596. 720. 658. 648. 499. 221.   0.
 471.  472.  442.  476.  530.  693. 1399.  467.    0.    0.
 469.  448.  485.  534.  611.  730. 1165.  508.    0.    0.
871. 868. 721. 666. 569. 470. 365. 259. 131.  30.
436. 476. 536. 612. 806. 767. 575. 493. 249.   0.
471. 466. 559. 620. 824. 709. 598. 518. 185.   0.
 419.  467.  458.  526.  575.  748. 1205.  552.    0.    0.
 449.  440.  475.  544.  570.  891. 1152.  429.    0.    0.
 452.  460.  479.  514.  662. 1357.  593.  359.   74.    0.
858. 836. 681. 641. 617. 478. 392. 311. 112.  24.
819. 881. 672. 558. 491. 541. 473. 315. 158.  42.
599. 956. 803. 608. 628. 462. 406. 289. 157.  42.
 442.  460.  458.  567.  689. 1141.  630.  479.   84.    0.
 445.  443.  488.  567.  715. 1037.  704.  349.  202.    0.
467. 477. 527. 554. 688. 972. 729. 488.  48.   0.
829. 834. 755. 634. 564. 495. 334. 304. 164.  37.
906. 806. 692. 590. 477. 476. 484. 274. 200.  45.
842. 751. 688. 653. 578. 424. 359. 381. 232.  42.
908. 696. 649. 572. 559. 403. 409. 328. 285. 141.
516. 973. 833. 639. 572. 479. 418. 304. 167.  49.
493. 930. 819. 619. 557. 480. 424. 345. 210.  73.
961. 985. 853. 768. 526. 387. 258. 132.  62.  18.
374. 751. 847. 841. 866. 778. 383. 103.   7.   0.
906. 849. 732. 702. 643. 443. 265. 254. 130.  26.
760. 793. 626. 571. 607. 516. 394. 345. 276.  62.
623. 873. 755. 696. 560. 514. 357. 297. 215.  60.
774. 771. 650. 452. 381. 418. 509. 389. 466. 140.
 502.  540.  724. 1071.  650.  570.  349.  281.  239.   24.
477. 707. 987. 760. 672. 460. 360. 317. 170.  40.
934. 731. 628. 484. 450. 390. 409. 374. 380. 170.
 453.  663. 1058.  642.  542.  507.  485.  358.  194.   48.
