441. 539. 620. 756. 852. 634. 538. 372. 194.   4.
574. 984. 874. 806. 634. 410. 368. 222.  69.   9.
508. 885. 935. 936. 697. 500. 294. 146.  47.   2.
614. 819. 897. 632. 686. 554. 437. 221.  80.  10.
 773. 1047.  718.  508.  414.  489.  451.  331.  178.   41.
613. 930. 833. 883. 626. 447. 296. 198. 107.  17.
 414.  934. 1046.  973.  714.  506.  228.  113.   22.    0.
500. 889. 788. 738. 606. 505. 463. 329. 132.   0.
641. 787. 945. 616. 502. 502. 436. 289. 193.  39.
 495.  567. 1064.  935.  672.  478.  310.  256.  133.   40.
557. 725. 891. 729. 638. 584. 478. 235.  88.  25.
571. 763. 730. 892. 868. 702. 312. 112.   0.   0.
493. 943. 774. 551. 574. 542. 465. 368. 186.  54.
613. 775. 786. 803. 730. 527. 377. 264.  73.   2.
502. 501. 600. 967. 996. 674. 435. 208.  67.   0.
 551.  550.  614. 1003. 1006.  591.  400.  207.   28.    0.
 453.  529.  655. 1044.  803.  558.  442.  248.  156.   62.
577. 697. 771. 946. 624. 510. 360. 232. 174.  59.
465. 615. 781. 691. 576. 513. 503. 450. 303.  53.
478. 837. 795. 806. 711. 558. 477. 249.  39.   0.
423. 591. 972. 894. 825. 500. 328. 345.  72.   0.
 512. 1129. 1046.  792.  571.  417.  260.  146.   63.   14.
511. 953. 938. 739. 579. 438. 361. 208. 184.  39.
 563.  634.  835. 1299.  669.  460.  278.  121.   81.   10.
418. 602. 750. 852. 820. 929. 487.  90.   2.   0.
703. 948. 962. 779. 598. 431. 265. 188.  76.   0.
