 445.  439.  455.  558.  562.  711. 1310.  470.    0.    0.
 453.  439.  482.  512.  610.  686. 1342.  426.    0.    0.
 664. 1036.  787.  787.  542.  472.  272.  228.  120.   42.
 406. 1023.  866.  759.  615.  485.  377.  237.  134.   48.
310. 607. 637. 849. 977. 691. 361. 327. 191.   0.
305. 647. 591. 691. 837. 847. 609. 358.  65.   0.
 412. 1052.  952.  827.  639.  479.  310.  185.   58.   36.
317. 633. 587. 929. 999. 686. 465. 286.  48.   0.
364. 721. 812. 938. 878. 547. 329. 269.  92.   0.
1012.  854.  730.  648.  582.  459.  360.  200.   86.   19.
902. 846. 727. 660. 535. 474. 329. 262. 176.  39.
974. 863. 760. 645. 557. 431. 321. 234. 117.  48.
910. 787. 816. 670. 538. 434. 359. 207. 127. 102.
956. 883. 762. 640. 517. 436. 339. 255. 119.  43.
951. 915. 785. 672. 571. 431. 312. 183.  95.  35.
937. 875. 730. 655. 546. 464. 348. 231. 128.  36.
925. 864. 759. 689. 515. 475. 343. 221. 127.  32.
917. 793. 744. 648. 560. 436. 315. 269. 201.  67.
1012.  951.  837.  688.  518.  399.  255.  178.   94.   18.
906. 856. 779. 638. 548. 438. 346. 215. 159.  65.
1021.  898.  808.  692.  606.  387.  235.  147.   97.   59.
