1009.  924.  791.  659.  557.  446.  300.  168.   80.   16.
936. 800. 751. 615. 535. 461. 367. 273. 171.  41.
 457.  491.  508.  498.  658.  744. 1365.  229.    0.    0.
 438.  490.  481.  525.  631.  809. 1400.  176.    0.    0.
 463.  455.  535.  512.  622.  822. 1421.  120.    0.    0.
501. 592. 891. 803. 527. 548. 396. 345. 305.  42.
 446.  492.  538.  532.  693.  870. 1235.  144.    0.    0.
 439.  446.  486.  489.  608.  691. 1350.  441.    0.    0.
 433.  450.  462.  537.  593.  695. 1326.  454.    0.    0.
 483.  461.  489.  588. 1008.  841.  479.  343.  258.    0.
 503.  623.  675.  580. 1083.  996.  470.   20.    0.    0.
485. 545. 617. 898. 739. 905. 676.  85.   0.   0.
456. 605. 620. 843. 759. 920. 688.  59.   0.   0.
446. 583. 631. 935. 870. 879. 557.  49.   0.   0.
 446.  451.  462.  531.  569.  692. 1315.  484.    0.    0.
 461.  441.  483.  550.  529.  721. 1287.  478.    0.    0.
571. 530. 948. 907. 644. 463. 456. 228. 149.  54.
