 306.  774. 1029.  864.  682.  505.  366.  262.  140.   22.
340. 776. 932. 953. 869. 464. 294. 228.  92.   2.
 368.  385.  361.  435.  414.  494.  554. 1282.  460.  197.
261. 516. 964. 927. 880. 601. 457. 222. 122.   0.
309. 703. 909. 939. 826. 670. 344. 157.  80.  13.
429. 749. 823. 636. 522. 504. 459. 428. 346.  54.
329. 712. 949. 743. 703. 527. 444. 344. 173.  26.
269. 701. 900. 916. 876. 707. 456. 101.  22.   2.
394. 618. 997. 880. 615. 513. 517. 198. 181.  37.
291. 494. 761. 790. 750. 767. 502. 395. 139.  61.
279. 567. 841. 802. 781. 668. 438. 390. 143.  41.
