412. 647. 878. 563. 575. 537. 332. 359. 241. 406.
406. 813. 922. 593. 585. 449. 418. 358. 176. 230.
 485.  463.  468.  496.  547.  742. 1275.  474.    0.    0.
 449.  459.  490.  464.  553.  754. 1349.  432.    0.    0.
 463.  468.  475.  517.  611.  702. 1297.  417.    0.    0.
 449.  464.  472.  541.  574.  746. 1251.  453.    0.    0.
699. 794. 740. 649. 541. 524. 402. 385. 184.  32.
411. 407. 432. 441. 538. 838. 824. 518. 454.  87.
711. 641. 738. 631. 616. 533. 413. 308. 256. 103.
425. 508. 583. 808. 939. 661. 356. 412. 248.  10.
 448.  466.  453.  511.  596.  769. 1325.  382.    0.    0.
574. 875. 942. 744. 617. 438. 393. 256. 106.   5.
518. 814. 704. 609. 607. 518. 475. 373. 300.  32.
 452.  464.  483.  501.  578.  701. 1326.  445.    0.    0.
 437.  432.  462.  518.  609.  721. 1311.  460.    0.    0.
689. 959. 863. 891. 665. 552. 233.  85.  13.   0.
710. 766. 710. 661. 640. 547. 361. 311. 182.  62.
568. 933. 848. 721. 672. 495. 325. 241. 109.  38.
608. 880. 807. 595. 637. 470. 434. 317. 166.  36.
 410.  418.  442.  487. 1011.  594.  415.  384.  317.  472.
354. 444. 421. 799. 911. 611. 487. 297. 253. 373.
376. 415. 470. 768. 833. 583. 437. 388. 381. 299.
386. 428. 485. 971. 684. 520. 493. 435. 191. 357.
 400.  416.  504. 1045.  640.  536.  412.  408.  263.  326.
358. 389. 448. 430. 477. 580. 825. 956. 413.  74.
406. 430. 483. 469. 868. 551. 434. 314. 462. 533.
405. 438. 427. 854. 884. 639. 439. 349. 336. 179.
409. 445. 388. 768. 757. 525. 383. 436. 425. 414.
 370.  410.  393.  487. 1008.  773.  490.  360.  455.  204.
 441. 1107.  807.  705.  547.  453.  346.  267.  164.  113.
 466. 1074.  735.  592.  539.  476.  329.  336.  246.  157.
 366.  403.  447.  466.  491. 1071.  587.  412.  576.  131.
 342.  421.  462.  440.  496. 1180.  616.  449.  443.  101.
435. 852. 818. 643. 554. 456. 423. 310. 285. 174.
464. 811. 934. 565. 565. 455. 458. 349. 219. 130.
459. 485. 479. 857. 807. 604. 401. 252. 391. 215.
602. 883. 708. 657. 475. 459. 339. 382. 319. 126.
 409.  482.  513. 1024.  771.  579.  489.  358.  215.  110.
799. 831. 769. 606. 541. 488. 393. 292. 154.  77.
 408.  440.  451. 1030.  643.  537.  399.  372.  319.  351.
 385.  439.  505. 1042.  753.  567.  382.  325.  250.  302.
407. 474. 510. 952. 580. 445. 500. 346. 377. 359.
420. 415. 491. 977. 657. 525. 520. 290. 232. 423.
 447.  424.  444. 1137.  544.  533.  489.  372.  311.  249.
416. 422. 517. 991. 541. 427. 466. 411. 250. 509.
 414.  442.  515. 1029.  696.  574.  377.  302.  227.  374.
 430.  426.  454. 1072.  710.  520.  514.  304.  172.  348.
430. 903. 921. 683. 600. 445. 403. 276. 177. 112.
440. 855. 870. 660. 557. 436. 382. 392. 191. 167.
451. 503. 519. 847. 641. 501. 584. 402. 330. 172.
632. 813. 768. 724. 592. 447. 332. 329. 235.  78.
419. 471. 566. 945. 789. 592. 435. 363. 283.  87.
799. 890. 777. 634. 566. 463. 379. 252. 143.  47.
 391.  463.  470. 1117.  700.  573.  417.  333.  223.  263.
413. 504. 494. 901. 612. 455. 536. 389. 317. 329.
 388.  412.  447. 1098.  664.  533.  447.  386.  282.  293.
421. 436. 499. 973. 488. 446. 426. 477. 378. 406.
 414.  463.  469. 1042.  538.  479.  476.  347.  437.  285.
 382.  482.  456. 1041.  648.  540.  403.  341.  336.  321.
 369.  470.  484. 1042.  662.  531.  451.  328.  314.  299.
404. 435. 460. 960. 702. 563. 407. 320. 319. 380.
 520. 1030.  817.  704.  482.  519.  385.  273.  208.   12.
 561. 1109.  941.  723.  666.  368.  282.  131.  149.   20.
 587. 1026.  818.  622.  560.  502.  355.  300.  163.   17.
 532. 1027.  863.  559.  596.  448.  477.  236.  199.   13.
 409.  478.  456.  519.  589.  722. 1306.  471.    0.    0.
329. 517. 839. 961. 840. 757. 609.  98.   0.   0.
699. 829. 731. 714. 543. 488. 437. 287. 191.  31.
386. 532. 626. 831. 816. 836. 790. 133.   0.   0.
740. 817. 679. 616. 549. 446. 420. 391. 258.  34.
 429.  455.  474.  525.  557.  729. 1377.  404.    0.    0.
572. 840. 758. 660. 618. 529. 414. 337. 199.  23.
639. 970. 750. 765. 611. 426. 355. 303. 121.  10.
491. 577. 589. 899. 987. 674. 694.  39.   0.   0.
 482.  613.  614.  925. 1010.  613.  648.   45.    0.    0.
 508.  533.  593.  684. 1157.  870.  577.   28.    0.    0.
 501.  558.  625.  665. 1272.  846.  471.   12.    0.    0.
 521. 1024.  823.  639.  574.  412.  394.  312.  243.    8.
 588. 1006.  891.  768.  499.  509.  344.  184.  161.    0.
 562. 1087.  877.  715.  551.  428.  349.  274.   98.    9.
 497. 1077.  870.  678.  589.  452.  381.  207.  177.   22.
 434.  454.  469.  512.  602.  704. 1325.  450.    0.    0.
373. 447. 773. 917. 882. 766. 681. 111.   0.   0.
711. 816. 607. 651. 630. 462. 352. 391. 271.  59.
360. 474. 857. 996. 695. 759. 659. 150.   0.   0.
708. 819. 634. 637. 537. 473. 420. 371. 312.  39.
 468.  417.  455.  540.  588.  692. 1340.  450.    0.    0.
647. 802. 665. 627. 605. 499. 427. 412. 233.  33.
 596. 1010.  743.  639.  549.  499.  431.  304.  166.   13.
 524.  489.  613. 1089. 1070.  481.  627.   57.    0.    0.
486. 568. 613. 963. 976. 566. 722.  56.   0.   0.
 495.  521.  637.  643. 1343.  780.  492.   39.    0.    0.
 492.  515.  633.  669. 1249.  832.  518.   42.    0.    0.
