516. 689. 706. 774. 660. 665. 657. 283.   0.   0.
 501.  591.  861. 1179.  710.  599.  348.  161.    0.    0.
930. 712. 699. 618. 523. 455. 357. 307. 276.  73.
413. 523. 806. 882. 934. 820. 459. 113.   0.   0.
 455.  428.  454.  579.  554.  727. 1309.  444.    0.    0.
 438.  445.  452.  531.  600.  698. 1333.  453.    0.    0.
 467.  500.  488.  477.  524.  643. 1281.  570.    0.    0.
 487.  536.  930. 1165.  813.  631.  257.  102.   29.    0.
 432.  666.  920. 1124.  971.  511.  225.   69.   32.    0.
491. 948. 756. 622. 539. 496. 400. 334. 210. 154.
416. 442. 503. 880. 716. 541. 408. 457. 516.  71.
443. 516. 494. 746. 523. 377. 460. 511. 536. 344.
198. 571. 707. 771. 889. 802. 454. 459.  89.  10.
 493.  505.  501.  512.  642.  816. 1405.   76.    0.    0.
453. 613. 555. 654. 660. 983. 827. 205.   0.   0.
460. 776. 694. 694. 498. 683. 657. 383. 105.   0.
500. 705. 698. 764. 753. 788. 565. 160.  17.   0.
481. 876. 794. 634. 551. 448. 415. 365. 283. 103.
 466.  486.  484.  511.  562.  679. 1224.  538.    0.    0.
 447.  458.  439.  517.  591.  768. 1304.  426.    0.    0.
748. 888. 786. 672. 575. 443. 333. 234. 208.  63.
710. 918. 756. 680. 573. 439. 317. 295. 139. 123.
775. 911. 704. 625. 560. 433. 387. 293. 180.  82.
 581. 1147.  814.  689.  582.  412.  347.  222.  111.   45.
 500.  503.  805. 1071.  698.  510.  353.  338.  139.   33.
 449.  488.  659. 1183.  784.  547.  394.  260.  125.   61.
724. 686. 678. 544. 552. 512. 562. 469. 220.   3.
 504. 1076.  823.  618.  581.  542.  398.  266.  107.   35.
 518. 1018.  818.  644.  530.  523.  408.  297.  157.   37.
492. 781. 790. 630. 569. 584. 611. 373. 120.   0.
 729. 1083.  811.  657.  536.  519.  331.  179.   84.   21.
 524.  530.  749. 1125.  711.  523.  359.  284.  117.   28.
858. 843. 738. 679. 580. 430. 325. 272. 168.  57.
503. 926. 927. 820. 603. 430. 318. 235. 156.  32.
 477.  659. 1073.  773.  704.  461.  351.  226.  171.   55.
981. 902. 799. 724. 595. 383. 258. 192.  93.  23.
892. 860. 767. 627. 515. 485. 366. 248. 145.  45.
919. 971. 864. 674. 567. 418. 266. 182.  60.  29.
704. 913. 706. 585. 571. 460. 390. 349. 195.  77.
750. 947. 777. 680. 577. 453. 337. 254. 144.  31.
 532. 1078.  748.  695.  593.  481.  350.  280.  147.   46.
 460.  481.  771. 1117.  721.  559.  393.  272.  131.   45.
 489. 1126.  863.  735.  562.  454.  330.  212.  125.   54.
731. 841. 666. 566. 586. 406. 388. 355. 298. 113.
 526. 1094.  874.  733.  544.  476.  318.  221.   90.   74.
830. 906. 744. 645. 558. 468. 362. 255. 137.  45.
 476.  452.  496.  575.  672.  900. 1215.  164.    0.    0.
 439.  485.  508.  552.  660.  851. 1321.  134.    0.    0.
 421.  435.  488.  491.  594.  698. 1236.  575.   12.    0.
953. 874. 842. 640. 538. 475. 287. 215. 106.  20.
 462.  485.  557.  620. 1018.  745.  506.  280.  277.    0.
 446.  443.  459.  646. 1174.  653.  321.  403.  397.    8.
 439.  434.  515.  641. 1071.  638.  524.  315.  373.    0.
467. 477. 523. 693. 842. 554. 352. 545. 464.  33.
443. 438. 516. 823. 947. 642. 460. 356. 302.  23.
360. 416. 894. 810. 808. 727. 418. 290. 217.  10.
420. 432. 960. 839. 707. 689. 444. 300. 150.   9.
457. 622. 558. 533. 935. 898. 675. 271.   1.   0.
505. 620. 620. 535. 961. 925. 598. 185.   1.   0.
 447.  451.  449.  539.  719. 1215.  509.  389.  232.    0.
448. 460. 432. 539. 787. 976. 618. 536. 154.   0.
429. 474. 452. 533. 701. 931. 633. 541. 256.   0.
441. 482. 504. 505. 626. 949. 670. 534. 239.   0.
