453. 354. 534. 376. 506. 545. 767. 961. 438.  16.
505. 334. 491. 322. 528. 535. 853. 947. 420.  15.
1217.    0.    0.    0.    0.    0. 2103.  388.    0. 1242.
899. 825. 682. 615. 550. 449. 370. 277. 187.  96.
924. 830. 717. 623. 575. 477. 383. 277. 124.  20.
405. 427. 427. 488. 934. 656. 498. 422. 453. 240.
371. 421. 463. 478. 971. 668. 494. 456. 420. 208.
355. 421. 450. 456. 992. 713. 524. 396. 368. 275.
353. 414. 484. 471. 918. 681. 508. 440. 460. 221.
390. 431. 433. 476. 977. 705. 506. 371. 425. 236.
401. 456. 440. 466. 868. 499. 479. 545. 524. 272.
370. 421. 398. 462. 955. 662. 509. 473. 457. 243.
 391.  409.  446.  503. 1057.  747.  505.  374.  328.  190.
394. 411. 401. 477. 925. 547. 520. 449. 486. 340.
360. 440. 427. 471. 952. 664. 507. 382. 482. 265.
380. 414. 507. 509. 781. 534. 525. 439. 462. 399.
366. 437. 425. 484. 973. 675. 502. 403. 429. 256.
410. 446. 478. 499. 682. 509. 489. 520. 524. 393.
381. 391. 474. 448. 912. 579. 535. 421. 512. 297.
 368.  392.  455.  436. 1002.  693.  499.  404.  441.  260.
390. 387. 456. 507. 967. 682. 534. 368. 382. 277.
372. 405. 472. 482. 893. 668. 497. 362. 498. 301.
 372.  432.  424.  495. 1035.  705.  534.  389.  342.  222.
382. 396. 401. 497. 959. 648. 511. 402. 497. 257.
401. 418. 419. 494. 862. 597. 443. 464. 584. 268.
408. 401. 464. 394. 852. 638. 475. 396. 496. 426.
405. 451. 450. 444. 830. 563. 452. 483. 548. 324.
383. 392. 452. 493. 854. 623. 431. 402. 461. 459.
 386.  414.  462.  508. 1025.  682.  503.  423.  363.  184.
375. 415. 431. 508. 985. 724. 481. 327. 435. 269.
 424.  395.  408.  476. 1013.  821.  462.  203.  427.  321.
 417.  420.  452.  509. 1015.  826.  493.  286.  299.  233.
 389.  419.  458.  490. 1061.  724.  535.  360.  324.  190.
379. 462. 478. 443. 792. 590. 403. 437. 562. 404.
601. 592. 595. 628. 790. 937. 601. 186.  20.   0.
 586.  543.  566.  614.  647. 1050.  501.  365.   78.    0.
722. 634. 744. 668. 653. 504. 524. 334. 164.   3.
 574.  589.  561.  521.  676.  667. 1057.  305.    0.    0.
643. 648. 633. 653. 752. 659. 526. 425.  11.   0.
808. 748. 626. 498. 499. 520. 591. 438. 222.   0.
823. 660. 604. 608. 646. 578. 342. 277. 296. 116.
802. 758. 680. 603. 577. 534. 446. 345. 168.  37.
704. 938. 762. 726. 513. 407. 395. 244. 172.  89.
 527. 1013.  963.  721.  623.  444.  353.  187.   91.   28.
627. 616. 632. 805. 939. 787. 347. 185.  12.   0.
924. 807. 632. 615. 526. 507. 387. 329. 164.  59.
872. 804. 712. 531. 523. 472. 439. 331. 204.  62.
895. 790. 699. 603. 519. 470. 405. 290. 209.  70.
942. 864. 701. 606. 517. 473. 418. 250. 127.  52.
967. 848. 748. 726. 602. 424. 262. 214. 131.  28.
906. 795. 817. 681. 530. 434. 389. 183. 151.  64.
482. 800. 870. 822. 630. 536. 342. 234. 215.  19.
566. 754. 968. 951. 648. 468. 337. 188.  70.   0.
433. 653. 813. 898. 835. 491. 436. 269. 103.  19.
