 497.  499.  496.  561.  795. 1027.  481.  345.  249.    0.
894. 841. 712. 616. 549. 444. 380. 291. 179.  44.
 460.  517.  678. 1043.  648.  560.  434.  328.  201.   81.
 424.  449.  433.  478.  588.  660. 1104.  605.  209.    0.
852. 790. 701. 683. 596. 449. 329. 258. 207.  85.
474. 519. 641. 814. 997. 590. 395. 410. 110.   0.
468. 532. 660. 857. 915. 673. 344. 370. 131.   0.
875. 951. 616. 465. 444. 518. 469. 363. 179.  70.
946. 863. 744. 677. 574. 425. 293. 196. 153.  79.
496. 575. 567. 836. 878. 523. 456. 385. 234.   0.
490. 626. 597. 581. 914. 715. 575. 334. 118.   0.
812. 835. 749. 558. 517. 466. 409. 307. 204.  93.
885. 800. 630. 663. 596. 458. 314. 292. 193. 119.
500. 688. 739. 768. 837. 638. 391. 309.  80.   0.
563. 503. 551. 610. 990. 647. 454. 455. 177.   0.
752. 838. 654. 611. 542. 462. 370. 292. 273. 156.
1018.  904.  678.  557.  509.  435.  393.  279.  139.   38.
505. 592. 747. 817. 926. 570. 430. 244. 119.   0.
513. 611. 788. 665. 947. 740. 391. 193. 102.   0.
834. 895. 753. 692. 585. 437. 319. 241. 146.  48.
929. 836. 719. 568. 500. 496. 408. 297. 159.  38.
