482. 587. 734. 883. 962. 627. 380. 222.  73.   0.
602. 769. 827. 680. 552. 571. 554. 303.  92.   0.
887. 783. 769. 682. 517. 491. 377. 213. 197.  34.
889. 781. 747. 632. 505. 496. 394. 291. 161.  54.
924. 817. 716. 596. 600. 459. 407. 259. 133.  39.
905. 848. 817. 673. 540. 465. 313. 220. 141.  28.
539. 901. 727. 723. 685. 462. 291. 280. 248.  94.
857. 915. 800. 691. 579. 454. 326. 180. 106.  42.
968. 770. 764. 729. 550. 433. 390. 187. 120.  39.
552. 923. 795. 658. 613. 487. 344. 294. 168. 116.
796. 782. 787. 675. 547. 473. 373. 263. 166.  88.
846. 828. 757. 668. 624. 433. 350. 230. 142.  72.
512. 766. 870. 613. 583. 505. 490. 434. 176.   1.
875. 841. 717. 647. 561. 452. 391. 272. 147.  47.
915. 838. 706. 669. 585. 440. 338. 271. 162.  26.
852. 817. 738. 623. 534. 481. 394. 266. 173.  72.
871. 806. 762. 657. 620. 414. 334. 224. 175.  87.
750. 708. 627. 502. 456. 551. 537. 570. 231.  18.
470. 900. 989. 775. 535. 487. 361. 243. 153.  37.
 489.  894. 1045.  744.  547.  474.  381.  189.  139.   48.
313. 717. 647. 673. 858. 981. 672.  89.   0.   0.
 469.  434.  509.  534.  512.  788. 1257.  447.    0.    0.
 428.  435.  478.  526.  557.  695. 1216.  615.    0.    0.
 467.  474.  479.  501.  545.  691. 1181.  612.    0.    0.
 449.  491.  506.  542.  583.  698. 1225.  456.    0.    0.
 459.  470.  497.  484.  593.  904. 1133.  410.    0.    0.
548. 791. 833. 608. 518. 504. 570. 420. 144.  14.
914. 849. 714. 650. 561. 498. 383. 204. 123.  54.
907. 827. 714. 597. 590. 463. 450. 261.  98.  43.
903. 837. 775. 717. 546. 447. 356. 228. 104.  37.
897. 833. 707. 630. 556. 430. 373. 309. 165.  50.
 473.  634. 1025.  781.  601.  518.  471.  315.  118.   14.
889. 835. 779. 662. 617. 445. 299. 255. 133.  36.
952. 835. 816. 687. 587. 455. 354. 155.  84.  25.
931. 866. 786. 710. 561. 446. 290. 203. 132.  25.
948. 831. 731. 581. 541. 489. 402. 270. 111.  46.
 511.  878. 1026.  620.  549.  549.  461.  276.   75.    5.
855. 835. 706. 638. 555. 487. 365. 296. 166.  47.
924. 837. 762. 653. 575. 423. 376. 240. 128.  32.
882. 848. 736. 651. 563. 478. 374. 277. 120.  21.
908. 816. 730. 576. 517. 444. 432. 273. 168.  86.
