414. 722. 842. 793. 662. 557. 462. 253. 223.  22.
438. 786. 907. 874. 766. 568. 307. 234.  70.   0.
437. 565. 861. 943. 617. 562. 458. 317. 190.   0.
452. 614. 716. 888. 891. 795. 386. 164.  44.   0.
494. 717. 937. 787. 647. 471. 372. 231. 193. 101.
 481. 1005. 1106.  958.  646.  340.  240.  116.   50.    8.
567. 780. 868. 717. 565. 457. 353. 357. 249.  37.
451. 576. 854. 984. 757. 497. 422. 289. 106.  14.
407. 546. 754. 869. 857. 805. 645.  67.   0.   0.
371. 478. 740. 837. 752. 751. 838. 183.   0.   0.
 451.  446.  471.  542.  570.  806. 1207.  457.    0.    0.
416. 681. 746. 865. 848. 820. 474. 100.   0.   0.
 492.  500.  477.  525.  668. 1076.  987.  225.    0.    0.
467. 453. 408. 489. 615. 982. 927. 609.   0.   0.
453. 524. 775. 980. 709. 515. 416. 327. 178.  73.
442. 439. 428. 535. 580. 772. 913. 841.   0.   0.
440. 432. 519. 571. 660. 899. 670. 509. 250.   0.
477. 560. 851. 684. 536. 502. 544. 473. 301.  22.
446. 527. 816. 950. 672. 492. 461. 316. 260.  10.
 459.  515.  530.  763. 1097.  626.  451.  292.  217.    0.
452. 735. 735. 767. 990. 723. 388. 144.  16.   0.
432. 718. 870. 798. 678. 511. 453. 360. 118.  12.
 476.  516.  595. 1185.  777.  545.  375.  292.  168.   21.
