562. 628. 620. 613. 567. 507. 520. 541. 386.   6.
454. 482. 596. 880. 655. 603. 579. 453. 248.   0.
911. 777. 655. 536. 534. 434. 440. 357. 253.  53.
935. 859. 691. 568. 522. 453. 418. 293. 161.  50.
716. 635. 662. 621. 610. 549. 491. 445. 221.   0.
909. 886. 758. 655. 542. 463. 365. 218. 119.  35.
858. 853. 732. 645. 574. 497. 394. 236. 122.  39.
951. 832. 743. 712. 595. 403. 320. 252. 117.  25.
655. 724. 936. 859. 772. 600. 368.  36.   0.   0.
942. 864. 720. 710. 567. 397. 318. 227. 149.  56.
911. 863. 768. 679. 553. 453. 316. 243. 133.  31.
838. 744. 709. 571. 513. 483. 460. 334. 233.  65.
468. 527. 851. 958. 678. 526. 454. 322. 138.  28.
436. 846. 966. 669. 569. 457. 375. 304. 201. 127.
498. 856. 672. 567. 635. 474. 323. 333. 268. 324.
991. 896. 800. 691. 546. 418. 315. 201.  80.  12.
 420.  475.  476.  528.  573.  767. 1332.  379.    0.    0.
1038.  860.  702.  607.  540.  463.  331.  243.  131.   35.
971. 885. 736. 634. 539. 444. 348. 217. 134.  42.
945. 886. 788. 665. 544. 452. 323. 212. 110.  25.
 438.  448.  478.  536.  591.  755. 1257.  447.    0.    0.
 453.  452.  463.  512.  593.  800. 1246.  431.    0.    0.
 468.  469.  502.  466.  570.  752. 1278.  445.    0.    0.
 436.  456.  447.  540.  619.  724. 1232.  496.    0.    0.
 462.  491.  484.  556.  617.  735. 1285.  320.    0.    0.
 443.  480.  484.  531.  578.  744. 1395.  295.    0.    0.
 431.  470.  455.  544.  576.  726. 1188.  560.    0.    0.
 445.  450.  465.  568.  548.  762. 1347.  365.    0.    0.
566. 663. 626. 789. 844. 730. 530. 194.   8.   0.
 422.  460.  553.  640.  679. 1128.  504.  358.  206.    0.
 471.  493.  646.  749. 1252.  727.  401.  202.    9.    0.
600. 655. 732. 758. 857. 815. 402. 124.   7.   0.
670. 922. 763. 534. 530. 439. 422. 468. 202.   0.
 748. 1186.  951.  629.  539.  393.  300.  140.   64.    0.
414. 443. 446. 486. 877. 664. 583. 467. 534.  36.
375. 439. 459. 532. 948. 790. 552. 353. 459.  43.
 514.  915. 1092.  703.  600.  485.  379.  226.   36.    0.
632. 699. 973. 710. 558. 433. 449. 384. 112.   0.
667. 942. 795. 614. 515. 424. 415. 390. 188.   0.
737. 959. 855. 590. 639. 403. 299. 304. 164.   0.
553. 798. 935. 616. 543. 548. 403. 403. 151.   0.
 554. 1053. 1072.  719.  613.  461.  310.  127.   41.    0.
460. 592. 666. 705. 938. 959. 573.  57.   0.   0.
463. 519. 720. 765. 999. 754. 634.  96.   0.   0.
 470.  526.  526.  836.  780. 1025.  683.  104.    0.    0.
916. 804. 701. 553. 530. 463. 421. 303. 203.  56.
 472.  453.  470.  564.  718.  773. 1030.  381.   87.    2.
 457.  448.  504.  628.  676. 1026.  809.  321.   79.    2.
4.920e+02 5.950e+02 8.260e+02 1.113e+03 6.900e+02 5.070e+02 3.530e+02
 3.730e+02 1.000e+00 0.000e+00
405. 470. 516. 954. 814. 531. 445. 373. 330. 112.
