 520.  639.  740.  876. 1110.  553.  299.  166.   47.    0.
416. 525. 574. 571. 711. 972. 551. 364. 200.  66.
470. 517. 560. 540. 639. 929. 553. 398. 277.  67.
 547.  581.  754.  839. 1138.  564.  337.  134.   56.    0.
 445.  450.  687.  551.  757. 1045.  498.  351.  127.   39.
 438.  464.  504.  637.  824. 1091.  495.  261.  152.   84.
 549.  666.  740.  715. 1012.  560.  423.  222.   63.    0.
 441.  497.  492.  600.  893. 1103.  494.  246.  133.   51.
 442.  496.  550.  556.  692. 1152.  514.  317.  193.   38.
612. 643. 779. 569. 844. 603. 502. 305.  93.   0.
 428.  496.  592.  660.  797. 1046.  502.  274.  130.   25.
 436.  517.  544.  533.  788. 1069.  513.  295.  195.   60.
 561.  616.  661.  771. 1024.  564.  373.  309.   71.    0.
477. 471. 549. 539. 729. 966. 529. 323. 241. 126.
 435.  526.  543.  552.  816. 1111.  489.  300.  147.   31.
 557.  631.  850.  942. 1184.  445.  239.   83.   19.    0.
426. 508. 583. 595. 765. 987. 553. 321. 168.  44.
 425.  484.  614.  593.  808. 1077.  513.  280.  130.   26.
 513.  615.  765.  875. 1189.  511.  284.  159.   39.    0.
 443.  545.  485.  547.  672. 1141.  512.  320.  217.   68.
 444.  492.  550.  659.  735. 1063.  539.  274.  157.   37.
522. 660. 855. 657. 902. 616. 440. 208.  90.   0.
 412.  491.  629.  606.  834. 1140.  453.  246.  106.   33.
 445.  481.  512.  566.  716. 1198.  509.  249.  209.   65.
 514.  642.  767.  939. 1094.  527.  295.  150.   22.    0.
 448.  505.  584.  588.  686. 1002.  560.  309.  196.   72.
 448.  447.  531.  601.  770. 1154.  506.  281.  115.   97.
553. 691. 640. 843. 976. 561. 390. 249.  47.   0.
473. 479. 589. 621. 684. 795. 586. 427. 191. 105.
 428.  494.  612.  630.  832. 1069.  510.  266.   93.   16.
 510.  645.  720.  875. 1264.  494.  270.  130.   42.    0.
473. 495. 521. 606. 668. 978. 564. 344. 255.  46.
 444.  451.  583.  685.  756. 1021.  503.  318.  136.   53.
553. 652. 790. 744. 873. 624. 394. 259.  61.   0.
 445.  465.  530.  570.  742. 1092.  546.  273.  179.  108.
475. 462. 622. 559. 826. 837. 540. 344. 188.  97.
