383. 461. 426. 502. 883. 629. 499. 436. 458. 273.
378. 420. 448. 505. 870. 636. 491. 373. 551. 278.
539. 672. 895. 701. 560. 459. 430. 326. 251. 117.
503. 713. 922. 737. 617. 482. 406. 230. 249.  91.
494. 753. 873. 703. 605. 471. 451. 282. 225.  93.
524. 768. 904. 692. 502. 482. 426. 381. 193.  78.
 521. 1046.  726.  559.  499.  470.  444.  351.  211.  123.
741. 984. 745. 665. 538. 455. 362. 267. 144.  49.
455. 587. 698. 888. 784. 504. 400. 342. 233.  59.
468. 579. 680. 793. 731. 578. 427. 251. 352.  91.
447. 598. 744. 874. 892. 501. 438. 323. 118.  15.
515. 597. 637. 827. 680. 568. 367. 392. 298.  69.
