363. 374. 432. 457. 469. 921. 781. 508. 528. 117.
447. 650. 990. 715. 611. 491. 420. 311. 203. 112.
455. 498. 545. 621. 999. 727. 537. 509.  59.   0.
901. 882. 780. 669. 556. 449. 315. 186. 145.  67.
907. 893. 772. 648. 542. 463. 358. 218. 118.  31.
921. 858. 773. 699. 551. 414. 330. 250. 116.  38.
882. 785. 738. 597. 494. 466. 402. 279. 214.  93.
596. 603. 823. 927. 700. 680. 259. 164. 186.  12.
401. 480. 532. 825. 921. 629. 430. 364. 303.  65.
 453.  476. 1196.  842.  660.  496.  331.  251.  175.   70.
674. 991. 756. 628. 522. 491. 370. 272. 185.  61.
 720. 1025.  774.  624.  547.  468.  379.  250.  117.   46.
510. 933. 688. 555. 549. 489. 416. 334. 258. 218.
 401.  496. 1027.  669.  645.  496.  372.  328.  313.  203.
 533. 1027.  766.  611.  460.  504.  440.  320.  265.   24.
 483.  533. 1304.  809.  516.  539.  373.  213.  180.    0.
435. 559. 691. 716. 782. 865. 588. 281.  33.   0.
1023.  804.  710.  528.  555.  437.  432.  334.  107.   20.
942. 820. 736. 618. 529. 464. 367. 246. 180.  48.
428. 430. 478. 560. 894. 851. 555. 491. 263.   0.
 502.  565. 1268.  936.  619.  494.  273.  170.  111.   12.
 478. 1019.  861.  665.  584.  509.  327.  220.  193.   94.
 433.  467. 1089.  777.  600.  495.  409.  343.  142.  195.
 480. 1094.  907.  726.  590.  443.  336.  218.  104.   52.
 456.  496. 1097.  776.  532.  566.  340.  334.  337.   16.
 429.  420.  541.  493.  699.  610. 1374.  368.   16.    0.
 460.  445.  454.  475.  599.  771. 1270.  476.    0.    0.
485. 871. 780. 627. 464. 499. 361. 382. 342. 139.
460. 907. 800. 605. 543. 424. 409. 359. 238. 205.
777. 836. 665. 565. 456. 476. 429. 318. 282. 146.
 423.  435.  483.  530.  579.  717. 1337.  446.    0.    0.
 432.  467.  466.  539.  578.  669. 1332.  467.    0.    0.
 464.  474.  504.  547.  612.  719. 1211.  419.    0.    0.
 456.  476.  445.  503.  573.  738. 1282.  477.    0.    0.
 470.  454.  453.  518.  585.  712. 1277.  481.    0.    0.
 443.  421.  511.  540.  551.  714. 1315.  455.    0.    0.
 440.  439.  490.  524.  584.  713. 1304.  456.    0.    0.
 430.  436.  509.  515.  607.  695. 1303.  455.    0.    0.
 488.  446.  492.  501.  516.  699. 1342.  466.    0.    0.
473. 653. 999. 685. 521. 516. 411. 287. 259. 146.
 438.  479. 1219.  777.  585.  508.  406.  278.  185.   75.
819. 873. 720. 574. 537. 452. 407. 280. 203.  85.
 433.  446.  479.  520.  568.  736. 1309.  459.    0.    0.
 473.  414.  503.  478.  578.  686. 1364.  454.    0.    0.
 477.  467.  485.  518.  511.  685. 1321.  486.    0.    0.
 433.  460.  507.  482.  574.  684. 1337.  473.    0.    0.
 439.  444.  478.  523.  575.  740. 1290.  461.    0.    0.
 444.  462.  472.  543.  581.  684. 1328.  436.    0.    0.
 464.  436.  475.  548.  572.  729. 1281.  445.    0.    0.
 468.  448.  464.  556.  545.  715. 1328.  426.    0.    0.
 429.  463.  471.  533.  563.  744. 1325.  422.    0.    0.
 432.  487. 1095.  671.  533.  477.  402.  342.  268.  243.
 426.  470. 1088.  767.  601.  480.  420.  318.  252.  128.
850. 924. 854. 709. 561. 432. 292. 181. 118.  29.
 444.  479.  490.  484.  565.  656. 1333.  499.    0.    0.
 458.  449.  512.  495.  591.  671. 1327.  447.    0.    0.
 492.  386.  433.  586.  579.  678. 1379.  417.    0.    0.
 436.  461.  475.  499.  606.  716. 1318.  439.    0.    0.
 439.  461.  462.  512.  580.  711. 1305.  480.    0.    0.
 442.  444.  475.  495.  582.  747. 1328.  437.    0.    0.
 417.  483.  446.  503.  606.  742. 1302.  451.    0.    0.
 455.  476.  461.  501.  613.  754. 1241.  449.    0.    0.
 424.  443.  495.  496.  622.  704. 1295.  471.    0.    0.
 434.  486. 1079.  688.  550.  440.  425.  355.  246.  247.
445. 500. 946. 667. 529. 482. 416. 350. 275. 340.
789. 897. 767. 707. 577. 433. 346. 188. 133. 113.
 437.  462.  465.  495.  589.  762. 1292.  448.    0.    0.
 467.  440.  487.  532.  590.  705. 1278.  451.    0.    0.
 453.  450.  463.  504.  614.  714. 1324.  428.    0.    0.
 444.  482.  475.  508.  560.  758. 1291.  432.    0.    0.
 434.  485.  485.  543.  560.  699. 1299.  445.    0.    0.
 441.  465.  477.  523.  565.  699. 1328.  452.    0.    0.
 471.  524.  493.  498.  557.  700. 1273.  434.    0.    0.
 462.  452.  511.  547.  552.  707. 1270.  449.    0.    0.
 406.  482.  480.  498.  588.  728. 1341.  427.    0.    0.
512. 762. 831. 684. 617. 489. 358. 268. 302. 127.
 457.  541. 1240.  747.  633.  474.  392.  250.  199.   17.
428. 485. 491. 546. 607. 767. 968. 658.   0.   0.
 456. 1097.  789.  704.  580.  445.  361.  277.  177.   64.
 448.  635. 1052.  773.  521.  550.  371.  282.  197.  121.
436. 465. 492. 593. 677. 875. 846. 566.   0.   0.
 467. 1023.  795.  625.  564.  473.  406.  314.  181.  102.
 428.  469. 1070.  725.  473.  455.  487.  300.  276.  267.
453. 463. 737. 881. 619. 446. 497. 325. 333. 196.
 450.  471.  480.  504.  573.  694. 1329.  449.    0.    0.
 454.  490.  562. 1124.  690.  593.  482.  326.  229.    0.
432. 525. 530. 921. 755. 571. 448. 480. 288.   0.
 425.  502.  532.  609. 1139.  825.  517.  327.   74.    0.
465. 781. 955. 689. 633. 489. 321. 322. 142. 153.
462. 895. 755. 654. 607. 464. 308. 334. 282. 189.
