 453.  455.  491.  538.  584.  704. 1362.  363.    0.    0.
521. 978. 790. 625. 566. 448. 443. 299. 209.  71.
551. 898. 808. 646. 572. 461. 363. 330. 265.  56.
937. 848. 686. 542. 532. 459. 442. 289. 166.  49.
927. 858. 827. 647. 577. 416. 347. 199. 117.  35.
510. 923. 802. 705. 598. 502. 306. 228. 233. 143.
 495. 1012.  759.  673.  534.  454.  394.  308.  227.   94.
1027.  863.  691.  616.  521.  514.  387.  248.   68.   15.
917. 861. 654. 650. 482. 481. 359. 313. 177.  56.
548. 974. 794. 592. 533. 460. 380. 356. 243.  70.
 587. 1032.  861.  675.  589.  490.  370.  237.   92.   17.
895. 832. 770. 620. 594. 400. 393. 245. 117.  84.
1135.  976.  792.  656.  497.  322.  254.  195.  101.   22.
 460.  449.  485.  572.  809. 1019.  610.  428.  118.    0.
431. 473. 507. 585. 692. 990. 640. 463. 169.   0.
 479.  414.  524.  553.  658. 1093.  609.  504.  116.    0.
441. 473. 496. 518. 617. 797. 880. 728.   0.   0.
450. 442. 449. 512. 671. 846. 994. 586.   0.   0.
 460.  464.  464.  520.  619.  757. 1315.  351.    0.    0.
 453.  477.  463.  547.  685. 1222.  696.  332.   75.    0.
 432.  471.  477.  575.  691. 1055.  697.  438.  114.    0.
 438.  459.  487.  525.  661. 1229.  724.  391.   36.    0.
 438.  464. 1040.  731.  617.  486.  441.  282.  230.  221.
844. 794. 658. 681. 531. 478. 321. 303. 251.  89.
866. 820. 736. 645. 520. 461. 351. 320. 173.  58.
891. 840. 668. 626. 532. 449. 400. 310. 185.  49.
448. 438. 516. 542. 767. 875. 683. 436. 245.   0.
 434.  475.  478.  590.  709. 1016.  591.  479.  178.    0.
 459.  452.  493.  523.  722. 1132.  681.  372.  116.    0.
457. 501. 490. 522. 656. 958. 935. 431.   0.   0.
447. 460. 542. 523. 627. 812. 909. 630.   0.   0.
 439.  473.  508.  512.  587.  749. 1303.  379.    0.    0.
 430.  454.  481.  548.  655. 1013.  891.  426.   52.    0.
 475.  469.  427.  564.  757. 1080.  765.  379.   34.    0.
 469.  453.  448.  520.  623. 1164.  756.  439.   78.    0.
 471.  467. 1038.  679.  660.  563.  403.  194.  234.  241.
580. 995. 718. 694. 584. 427. 347. 336. 188.  81.
884. 931. 811. 697. 558. 419. 296. 192. 122.  40.
833. 811. 730. 637. 541. 467. 359. 293. 202.  77.
