540. 601. 997. 772. 586. 544. 414. 364. 129.   3.
331. 658. 991. 988. 928. 602. 411.  41.   0.   0.
323. 562. 940. 826. 995. 714. 526.  64.   0.   0.
 317.  675. 1204.  913.  972.  598.  255.   16.    0.    0.
503. 882. 954. 602. 507. 592. 531. 285.  87.   7.
553. 816. 875. 678. 520. 524. 358. 314. 220.  92.
 535.  975. 1035.  828.  611.  434.  223.  175.  103.   31.
 427.  497.  467.  516.  584.  718. 1324.  417.    0.    0.
 447.  415.  492.  497.  631.  695. 1332.  441.    0.    0.
 438.  418.  497.  529.  571.  745. 1327.  425.    0.    0.
430. 510. 617. 744. 891. 654. 701. 358.  45.   0.
 438.  457.  635. 1151.  776.  532.  390.  225.  210.  136.
520. 619. 908. 770. 498. 529. 406. 390. 296.  14.
 337.  644. 1046.  924.  977.  608.  359.   55.    0.    0.
 364.  564.  882.  769. 1009.  796.  515.   51.    0.    0.
 327.  590. 1038.  915.  937.  621.  476.   46.    0.    0.
481. 780. 961. 708. 609. 555. 466. 284.  98.   8.
542. 779. 973. 715. 673. 456. 314. 223. 167. 108.
 502.  831. 1001.  696.  605.  475.  361.  251.  146.   82.
 444.  433.  509.  525.  559.  731. 1292.  457.    0.    0.
 447.  438.  474.  540.  590.  674. 1354.  433.    0.    0.
 447.  454.  469.  499.  560.  757. 1293.  471.    0.    0.
454. 488. 657. 844. 919. 640. 573. 310.  65.   0.
 487.  453.  573. 1154.  810.  489.  346.  361.  204.   73.
