934. 805. 661. 540. 499. 487. 433. 337. 199.  55.
5.040e+02 1.066e+03 9.100e+02 7.210e+02 6.090e+02 5.210e+02 3.730e+02
 1.880e+02 5.700e+01 1.000e+00
 504.  772. 1023.  941.  754.  424.  258.  162.  104.    8.
500. 637. 886. 883. 797. 435. 324. 215. 240.  33.
481. 430. 601. 874. 831. 592. 572. 412. 145.  12.
 440.  746.  898. 1091.  831.  528.  227.  171.   18.    0.
503. 824. 839. 809. 700. 483. 402. 230. 137.  23.
 434.  883. 1178.  923.  656.  462.  319.   87.    8.    0.
 505.  669.  988. 1258.  767.  442.  165.  150.    6.    0.
 470.  881. 1123. 1228.  637.  350.  228.   33.    0.    0.
 403. 1081.  925.  899.  625.  598.  328.   89.    2.    0.
 437.  703.  957. 1257.  750.  451.  220.  130.   45.    0.
 510.  889. 1083.  815.  722.  424.  304.  141.   54.    8.
 541.  967. 1090. 1030.  589.  393.  277.   61.    2.    0.
 474.  632.  996. 1291.  736.  464.  199.  152.    6.    0.
 488.  850. 1111. 1319.  680.  345.  147.   10.    0.    0.
469. 977. 986. 806. 550. 616. 447.  98.   1.   0.
