804. 898. 734. 640. 539. 464. 359. 301. 154.  57.
426. 559. 662. 695. 866. 781. 549. 281. 131.   0.
502. 483. 553. 608. 927. 867. 767. 210.  33.   0.
491. 755. 846. 901. 799. 746. 388.  24.   0.   0.
 456.  498.  579.  713. 1150.  671.  550.  300.   33.    0.
437. 420. 505. 543. 619. 917. 928. 530.  51.   0.
705. 786. 624. 619. 562. 473. 417. 377. 344.  43.
 412.  488.  492.  555.  703. 1162.  610.  461.   67.    0.
660. 640. 672. 557. 552. 493. 461. 404. 334. 177.
898. 828. 737. 626. 523. 468. 388. 262. 151.  69.
955. 877. 802. 731. 533. 408. 311. 176. 106.  51.
 435.  610.  835. 1265.  936.  482.  233.  150.    4.    0.
581. 579. 653. 626. 501. 378. 353. 733. 546.   0.
937. 823. 749. 631. 547. 444. 360. 264. 158.  37.
968. 814. 710. 690. 530. 443. 372. 267. 115.  41.
941. 753. 724. 666. 575. 432. 310. 317. 188.  44.
897. 808. 736. 673. 523. 484. 341. 234. 201.  53.
949. 827. 769. 600. 515. 507. 357. 246. 157.  23.
929. 822. 702. 701. 557. 478. 306. 208. 177.  70.
897. 839. 773. 659. 568. 437. 327. 238. 145.  67.
937. 824. 781. 699. 545. 455. 324. 172. 142.  71.
976. 937. 857. 655. 553. 385. 290. 182.  78.  37.
942. 877. 788. 677. 525. 466. 325. 208. 120.  22.
904. 770. 796. 693. 491. 482. 353. 197. 192.  72.
937. 840. 691. 613. 530. 461. 399. 281. 161.  37.
945. 849. 806. 583. 582. 439. 380. 219. 117.  30.
936. 902. 837. 713. 543. 411. 290. 179. 112.  27.
961. 830. 741. 731. 538. 438. 314. 249. 103.  45.
916. 891. 775. 657. 551. 432. 347. 226. 117.  38.
940. 823. 764. 641. 529. 469. 361. 260. 141.  22.
989. 939. 797. 670. 545. 415. 297. 196.  91.  11.
 619.  789. 1145.  889.  680.  378.  271.  119.   55.    5.
919. 859. 760. 645. 548. 438. 348. 237. 157.  39.
900. 875. 810. 674. 567. 420. 321. 198. 132.  53.
575. 729. 724. 875. 822. 700. 377. 129.  19.   0.
936. 880. 783. 685. 548. 431. 335. 189. 117.  46.
941. 859. 796. 663. 526. 454. 348. 199. 144.  20.
900. 768. 694. 604. 525. 459. 385. 288. 239.  88.
411. 448. 499. 498. 618. 872. 977. 605.  22.   0.
440. 459. 473. 536. 569. 698. 968. 777.  30.   0.
879. 811. 715. 616. 574. 423. 370. 287. 182.  93.
944. 875. 747. 684. 525. 454. 347. 225. 125.  24.
448. 448. 464. 550. 580. 877. 819. 720.  44.   0.
 464.  452.  494.  489.  497.  969. 1000.  460.  125.    0.
 446.  473.  506.  668. 1146.  733.  467.  334.  177.    0.
449. 454. 506. 636. 764. 741. 686. 461. 253.   0.
 457.  458.  487.  535.  658. 1016.  853.  455.   31.    0.
489. 485. 537. 569. 650. 916. 839. 446.  19.   0.
 436.  499.  461.  543.  584.  688. 1331.  408.    0.    0.
 428.  435.  495.  509.  607.  765. 1188.  523.    0.    0.
975. 773. 635. 525. 488. 475. 443. 368. 233.  35.
661. 780. 750. 900. 848. 668. 285.  58.   0.   0.
702. 777. 797. 623. 778. 683. 485. 105.   0.   0.
