423. 459. 497. 567. 677. 998. 700. 492. 137.   0.
 430.  462.  479.  523.  598.  800. 1261.  397.    0.    0.
447. 475. 515. 536. 661. 897. 757. 562. 100.   0.
 456.  471.  462.  492.  593.  789. 1270.  417.    0.    0.
454. 536. 794. 967. 650. 529. 427. 310. 227.  56.
477. 534. 812. 828. 593. 512. 483. 360. 248. 103.
 408.  473.  525.  607. 1036.  730.  540.  432.  199.    0.
 451.  512.  537.  583. 1138.  749.  506.  302.  172.    0.
429. 429. 490. 576. 669. 979. 799. 514.  65.   0.
 431.  449.  482.  561.  596.  759. 1561.  111.    0.    0.
 560.  492.  818. 1014.  678.  511.  375.  257.  201.   44.
 480.  440.  516.  603. 1172.  785.  519.  241.  194.    0.
438. 465. 522. 595. 916. 706. 521. 500. 287.   0.
 535.  550.  917. 1050.  671.  452.  330.  215.  144.   86.
 439.  484.  531.  567.  678.  852. 1382.   17.    0.    0.
 499.  520.  485.  454.  544.  723. 1111.  614.    0.    0.
893. 791. 673. 586. 522. 503. 451. 311. 184.  36.
477. 723. 916. 697. 536. 556. 490. 332. 181.  42.
 520.  601. 1179.  825.  724.  519.  274.  245.   63.    0.
 604.  626. 1095.  748.  632.  564.  455.  205.   21.    0.
668. 728. 961. 819. 601. 530. 367. 165.  87.  24.
852. 822. 695. 618. 540. 481. 400. 309. 144.  89.
874. 786. 656. 548. 523. 498. 470. 362. 187.  46.
908. 885. 712. 653. 542. 440. 356. 257. 150.  47.
 483.  506.  644.  928. 1009.  539.  515.  326.    0.    0.
882. 751. 732. 668. 553. 530. 343. 303. 173.  15.
1016.  923.  806.  711.  547.  394.  257.  193.   93.   10.
916. 858. 725. 636. 574. 477. 363. 258. 118.  25.
 360.  806. 1066. 1087.  624.  521.  295.  149.   42.    0.
502. 527. 898. 803. 459. 519. 527. 343. 267. 105.
 464.  485. 1108.  843.  596.  515.  377.  273.  236.   53.
386. 426. 417. 420. 918. 609. 501. 528. 519. 226.
 429.  526.  478.  615.  639.  951. 1141.  171.    0.    0.
828. 790. 743. 649. 592. 480. 387. 272. 188.  21.
844. 723. 678. 618. 528. 501. 435. 354. 223.  46.
884. 686. 751. 588. 654. 528. 323. 258. 195.  83.
796. 692. 686. 604. 565. 476. 413. 374. 256.  88.
 449.  509.  571.  613.  721. 1003.  830.  254.    0.    0.
846. 708. 661. 587. 538. 489. 437. 461. 213.  10.
811. 782. 721. 662. 619. 522. 376. 253. 164.  40.
820. 777. 685. 646. 565. 482. 437. 370. 149.  19.
769. 708. 655. 586. 567. 490. 412. 356. 268. 139.
 415.  461.  465.  528.  587.  736. 1170.  588.    0.    0.
418. 500. 529. 886. 656. 639. 572. 745.   5.   0.
443. 562. 712. 983. 630. 558. 420. 337. 229.  76.
430. 447. 506. 546. 621. 827. 983. 530.  60.   0.
 490.  509.  478.  476.  568.  783. 1348.  298.    0.    0.
 575.  545.  447. 1130.  698.  678.  331.  242.  244.   60.
 434.  462.  520.  583. 1116.  720.  464.  386.  265.    0.
465. 494. 525. 619. 902. 667. 542. 463. 273.   0.
 554.  530. 1013. 1063.  651.  411.  370.  175.  124.   59.
 449.  502.  550.  588.  732.  981. 1072.   76.    0.    0.
 442.  414.  502.  493.  582.  760. 1089.  668.    0.    0.
442. 453. 529. 560. 687. 884. 759. 536. 100.   0.
919. 779. 774. 637. 546. 523. 370. 257. 128.  17.
480. 655. 895. 773. 597. 528. 422. 319. 235.  46.
 510.  767. 1103.  824.  564.  467.  346.  261.  108.    0.
 541.  715. 1082.  702.  647.  579.  401.  219.   64.    0.
 663.  748. 1008.  883.  623.  522.  308.  148.   47.    0.
861. 833. 718. 614. 535. 494. 390. 278. 170.  57.
893. 754. 623. 605. 584. 511. 442. 314. 185.  39.
893. 872. 759. 664. 523. 476. 327. 246. 145.  45.
 522.  544.  665.  936. 1041.  672.  355.  215.    0.    0.
899. 760. 607. 514. 529. 519. 437. 385. 226.  74.
851. 852. 712. 664. 550. 462. 414. 264. 143.  38.
 423.  468.  502.  555.  701. 1056.  673.  445.  127.    0.
502. 519. 519. 477. 527. 607. 982. 817.   0.   0.
891. 813. 766. 637. 548. 506. 379. 258. 131.  21.
 467.  421.  453.  526.  625.  722. 1114.  622.    0.    0.
 447.  479.  501.  565.  650.  815. 1187.  306.    0.    0.
792. 779. 647. 576. 490. 484. 478. 389. 251.  64.
867. 721. 661. 600. 598. 403. 428. 366. 235.  71.
812. 765. 720. 666. 586. 504. 378. 267. 183.  69.
854. 805. 717. 612. 547. 512. 429. 308. 143.  23.
 474.  476.  579.  590.  747. 1120.  735.  229.    0.    0.
806. 698. 612. 665. 543. 497. 458. 424. 203.  44.
805. 736. 709. 613. 517. 524. 464. 362. 183.  37.
876. 767. 724. 633. 540. 544. 427. 273. 163.   3.
879. 865. 798. 675. 568. 455. 303. 228. 131.  48.
 432.  420.  471.  518.  553.  714. 1210.  632.    0.    0.
4.130e+02 4.470e+02 6.210e+02 1.073e+03 8.370e+02 6.650e+02 4.360e+02
 4.570e+02 1.000e+00 0.000e+00
512. 572. 687. 994. 670. 518. 366. 376. 208.  47.
 445.  461.  518.  617. 1106.  730.  562.  330.  181.    0.
451. 457. 554. 612. 993. 739. 548. 361. 235.   0.
