363. 386. 528. 479. 433. 870. 562. 487. 730. 112.
378. 395. 467. 485. 475. 807. 630. 507. 710.  96.
 474.  598.  661.  449.  763. 1037.  832.  136.    0.    0.
 379.  381.  445.  441.  552. 1031.  635.  395.  541.  150.
 415.  450.  514. 1023.  602.  469.  446.  312.  377.  342.
361. 424. 475. 506. 508. 918. 553. 460. 699.  46.
382. 460. 467. 434. 562. 997. 643. 424. 502.  79.
 405.  395.  424.  496.  487. 1069.  567.  405.  511.  191.
 404.  402.  410. 1032.  882.  590.  487.  295.  249.  199.
426. 666. 941. 564. 509. 464. 414. 366. 325. 275.
