911. 844. 798. 681. 556. 460. 319. 204. 135.  42.
984. 930. 850. 721. 521. 424. 268. 147.  83.  22.
910. 766. 596. 636. 554. 448. 367. 354. 233.  86.
929. 863. 804. 668. 626. 390. 313. 179. 146.  32.
876. 851. 770. 581. 578. 457. 378. 273. 132.  54.
913. 833. 713. 608. 521. 495. 389. 274. 158.  46.
940. 848. 815. 732. 553. 454. 290. 210.  76.  32.
892. 808. 746. 655. 624. 459. 312. 250. 156.  48.
884. 847. 768. 652. 543. 479. 370. 235. 135.  37.
859. 841. 731. 637. 576. 461. 370. 259. 166.  50.
463. 532. 959. 912. 659. 518. 400. 257. 186.  64.
484. 527. 976. 658. 474. 541. 578. 359. 267.  86.
 448.  569. 1062.  779.  690.  490.  404.  250.  204.   54.
 478.  600. 1076.  892.  589.  512.  393.  257.  117.   36.
887. 799. 664. 610. 526. 468. 408. 328. 191.  69.
933. 822. 731. 682. 554. 459. 361. 233. 134.  41.
893. 822. 719. 675. 551. 441. 349. 259. 181.  60.
938. 833. 780. 705. 568. 411. 316. 235. 129.  35.
918. 839. 753. 688. 562. 438. 328. 246. 145.  33.
951. 879. 727. 621. 549. 472. 364. 233. 122.  32.
980. 713. 634. 712. 606. 380. 357. 353. 189.  26.
883. 780. 779. 634. 636. 409. 319. 259. 165.  86.
998. 685. 836. 705. 490. 512. 291. 255. 167.  11.
902. 782. 827. 605. 580. 472. 377. 271. 117.  17.
930. 838. 771. 629. 566. 420. 325. 248. 140.  83.
892. 873. 785. 672. 576. 446. 313. 206. 134.  53.
879. 779. 649. 606. 518. 476. 411. 354. 212.  66.
877. 804. 750. 656. 573. 450. 354. 288. 165.  33.
905. 804. 601. 550. 504. 454. 464. 400. 183.  85.
941. 820. 733. 622. 572. 449. 389. 271. 126.  27.
894. 821. 756. 679. 529. 494. 332. 227. 158.  60.
939. 888. 736. 641. 550. 470. 348. 238. 114.  26.
941. 791. 656. 568. 514. 502. 426. 339. 194.  19.
925. 784. 701. 692. 595. 450. 315. 261. 181.  46.
891. 856. 767. 635. 553. 442. 357. 252. 147.  50.
927. 800. 688. 672. 535. 424. 379. 315. 154.  56.
981. 917. 831. 701. 550. 410. 281. 172. 100.   7.
917. 774. 674. 576. 535. 457. 382. 351. 210.  74.
902. 735. 640. 423. 469. 387. 495. 390. 340. 169.
876. 839. 774. 685. 516. 484. 315. 228. 154.  79.
 495.  579. 1275.  769.  635.  458.  372.  225.  133.    9.
 488.  552. 1188.  728.  664.  467.  399.  209.  224.   31.
922. 825. 759. 665. 638. 390. 310. 217. 178.  46.
907. 848. 753. 647. 574. 422. 329. 262. 152.  56.
1000.  843.  694.  570.  503.  456.  397.  279.  176.   32.
921. 773. 644. 626. 615. 408. 310. 306. 268.  79.
935. 846. 704. 642. 533. 455. 389. 259. 140.  47.
963. 877. 793. 651. 539. 430. 355. 191. 115.  36.
957. 802. 726. 540. 518. 457. 447. 257. 198.  48.
971. 833. 756. 638. 549. 391. 354. 235. 177.  46.
979. 869. 721. 571. 550. 495. 392. 245. 113.  15.
1009.  969.  873.  725.  522.  386.  253.  126.   67.   20.
923. 849. 775. 640. 513. 496. 327. 274. 104.  49.
961. 839. 799. 699. 598. 393. 319. 179. 133.  30.
859. 808. 718. 621. 558. 458. 383. 283. 171.  91.
881. 867. 741. 677. 526. 505. 329. 253. 138.  33.
958. 846. 748. 700. 633. 423. 272. 167. 140.  63.
910. 860. 749. 643. 611. 447. 334. 213. 149.  34.
931. 788. 681. 575. 463. 500. 428. 343. 198.  43.
916. 853. 745. 617. 533. 448. 392. 260. 137.  49.
957. 855. 847. 696. 517. 465. 287. 180. 112.  34.
901. 823. 716. 585. 545. 454. 410. 288. 164.  64.
875. 792. 714. 627. 557. 458. 365. 291. 199.  72.
918. 777. 743. 630. 559. 418. 411. 284. 171.  39.
936. 839. 763. 693. 615. 404. 309. 210. 142.  39.
863. 773. 741. 680. 497. 493. 356. 232. 187. 128.
477. 527. 968. 920. 662. 520. 368. 284. 175.  49.
480. 512. 918. 995. 755. 487. 291. 300. 204.   8.
949. 838. 750. 620. 574. 410. 407. 241. 130.  31.
920. 788. 792. 629. 555. 464. 331. 260. 168.  43.
460. 793. 927. 894. 761. 471. 363. 197.  84.   0.
474. 907. 930. 884. 772. 465. 290. 171.  57.   0.
