 479.  471.  442.  508.  543.  694. 1322.  491.    0.    0.
 463.  460.  508.  520.  561.  693. 1309.  436.    0.    0.
 390.  360.  469.  380.  440.  519.  500. 1325.  425.  142.
 373.  392.  412.  481.  507.  507.  499. 1401.  302.   76.
275. 563. 639. 883. 848. 694. 530. 312. 140.  66.
296. 652. 704. 869. 788. 991. 459. 191.   0.   0.
252. 463. 722. 818. 872. 686. 596. 351. 154.  36.
394. 454. 429. 448. 954. 667. 459. 381. 361. 403.
352. 755. 871. 839. 825. 729. 436. 135.   8.   0.
260. 510. 653. 909. 502. 911. 581. 305. 268.  51.
279. 578. 746. 852. 982. 689. 492. 300.  32.   0.
334. 738. 867. 916. 892. 635. 412. 149.   7.   0.
251. 492. 669. 886. 695. 770. 498. 300. 321.  68.
294. 631. 745. 704. 816. 652. 636. 446.  26.   0.
