416. 792. 772. 881. 749. 632. 365. 225.  95.  23.
751. 663. 672. 599. 537. 505. 479. 521. 220.   3.
 494.  512. 1014.  951.  716.  676.  426.  146.   15.    0.
572. 704. 686. 709. 910. 872. 403.  86.   8.   0.
501. 654. 774. 901. 774. 762. 403. 131.  50.   0.
374. 407. 451. 480. 576. 964. 575. 376. 666.  81.
 371.  427.  395.  516.  610. 1084.  571.  375.  530.   71.
 386.  428.  433.  452.  614. 1042.  561.  449.  505.   80.
 371.  383.  437.  477.  582. 1131.  546.  372.  555.   96.
 489.  532.  502.  492.  592.  762. 1067.  455.   59.    0.
 496.  449.  462.  481.  637.  730. 1026.  595.   74.    0.
526. 526. 509. 491. 474. 454. 408. 717. 842.   3.
538. 507. 493. 483. 544. 558. 504. 583. 734.   6.
660. 672. 649. 620. 697. 766. 742. 144.   0.   0.
686. 683. 721. 581. 781. 742. 642. 114.   0.   0.
620. 682. 868. 864. 742. 652. 390. 125.   7.   0.
846. 808. 729. 669. 608. 424. 374. 288. 154.  50.
702. 606. 572. 573. 600. 526. 382. 460. 529.   0.
648. 568. 575. 498. 458. 452. 457. 645. 649.   0.
592. 606. 550. 529. 465. 433. 464. 591. 720.   0.
628. 601. 628. 514. 519. 444. 475. 532. 609.   0.
 447.  445.  448.  534.  613.  672. 1222.  569.    0.    0.
948. 866. 715. 625. 542. 462. 394. 251. 111.  36.
797. 754. 674. 600. 533. 510. 443. 397. 212.  30.
 444.  443.  477.  527.  570.  764. 1410.  315.    0.    0.
 453.  426.  473.  557.  578.  727. 1476.  260.    0.    0.
 477.  452.  417.  501.  586.  696. 1208.  613.    0.    0.
 457.  458.  466.  562.  727. 1073.  812.  362.   33.    0.
897. 790. 629. 553. 485. 457. 403. 386. 252.  98.
454. 454. 509. 529. 683. 996. 832. 462.  31.   0.
958. 793. 690. 566. 534. 494. 409. 269. 193.  44.
 441.  487.  520.  580.  794. 1085.  531.  304.  167.   41.
 675.  590.  496.  403.  730. 1121.  497.  249.  149.   40.
888. 852. 764. 678. 568. 446. 352. 206. 137.  59.
 491.  780. 1231.  908.  758.  486.  203.   61.   32.    0.
483. 992. 925. 767. 583. 450. 333. 245. 135.  37.
 452.  750. 1063.  733.  669.  440.  329.  242.  161.  111.
433. 506. 896. 826. 606. 540. 343. 298. 326. 176.
 430.  522. 1086.  682.  575.  477.  407.  393.  157.  221.
495. 904. 812. 707. 551. 486. 362. 311. 248.  74.
410. 438. 655. 704. 712. 949. 883. 197.   2.   0.
804. 831. 699. 612. 467. 540. 485. 331. 166.  15.
 445.  620.  834.  945. 1001.  549.  317.  223.   16.    0.
 413.  597.  782. 1030.  829.  652.  400.  237.   10.    0.
 442.  497.  616.  665. 1091.  847.  357.  325.  110.    0.
427. 528. 702. 651. 802. 638. 443. 431. 328.   0.
678. 718. 671. 679. 556. 657. 418. 288. 285.   0.
741. 799. 678. 587. 556. 606. 529. 273. 181.   0.
753. 618. 629. 569. 559. 643. 845. 334.   0.   0.
649. 627. 616. 650. 625. 601. 694. 488.   0.   0.
468. 695. 858. 868. 682. 476. 395. 289. 153.  66.
471. 654. 906. 836. 615. 527. 381. 287. 177.  96.
490. 739. 711. 825. 622. 542. 439. 332. 211.  39.
523. 655. 693. 790. 547. 574. 413. 331. 294. 130.
466. 500. 848. 762. 719. 524. 365. 285. 274. 207.
449. 488. 996. 748. 600. 496. 394. 370. 254. 155.
 442.  460. 1053.  822.  632.  484.  439.  258.  193.  167.
 417.  503. 1027.  730.  553.  480.  428.  363.  284.  165.
 512.  588. 1181. 1028.  807.  496.  273.   57.    8.    0.
825. 821. 672. 584. 529. 547. 472. 372. 124.   4.
 430.  473.  476.  473.  612.  681. 1291.  514.    0.    0.
 482.  454.  460.  504.  655.  671. 1250.  474.    0.    0.
