569. 931. 827. 622. 595. 444. 411. 232. 203. 116.
 541.  721. 1023.  721.  598.  459.  435.  307.  143.    2.
447. 518. 557. 601. 732. 906. 705. 462.  22.   0.
 517.  550. 1242.  751.  688.  461.  263.  266.   88.  124.
566. 535. 589. 483. 637. 686. 927. 508.  19.   0.
495. 505. 528. 520. 716. 778. 663. 682.  63.   0.
468. 419. 520. 554. 684. 969. 863. 409.  64.   0.
 424.  462.  486.  521.  659. 1268.  611.  479.   40.    0.
472. 508. 520. 668. 754. 855. 822. 351.   0.   0.
 442.  484.  558.  581.  740. 1025.  672.  428.   20.    0.
710. 818. 718. 652. 597. 497. 391. 335. 211.  21.
755. 776. 758. 706. 534. 523. 425. 314. 148.  11.
905. 848. 797. 730. 563. 398. 324. 217. 126.  42.
917. 875. 796. 675. 580. 417. 321. 228. 107.  34.
902. 795. 742. 716. 535. 459. 350. 225. 155.  71.
 461.  435.  529.  504.  558.  722. 1292.  449.    0.    0.
 455.  473.  483.  498.  565.  743. 1327.  406.    0.    0.
620. 896. 918. 659. 608. 438. 385. 240. 134.  52.
 593. 1069.  911.  798.  560.  421.  306.  190.   88.   14.
 472.  488.  569.  818. 1093.  652.  464.  236.  158.    0.
 377.  630.  942. 1069.  913.  503.  313.  152.   51.    0.
471. 440. 524. 651. 631. 704. 671. 514. 344.   0.
 437.  454.  508.  545.  746. 1012.  663.  376.  209.    0.
462. 479. 533. 641. 663. 748. 637. 462. 314.  11.
 443.  520.  569.  698. 1039.  645.  535.  363.  138.    0.
 367.  724.  998. 1068.  860.  468.  267.  150.   48.    0.
442. 505. 538. 564. 689. 982. 617. 452. 161.   0.
 437.  466.  512.  624.  705. 1095.  675.  358.   78.    0.
 476.  471.  491.  605.  928. 1004.  494.  261.  202.   18.
449. 502. 611. 824. 902. 578. 440. 395. 215.  34.
434. 512. 606. 883. 907. 631. 426. 350. 191.  10.
 448.  480.  490.  591.  601. 1001. 1078.  261.    0.    0.
778. 995. 786. 693. 589. 448. 307. 223.  93.  38.
