374. 449. 455. 498. 743. 701. 531. 475. 534. 190.
420. 497. 496. 620. 914. 817. 616. 464. 106.   0.
 420.  465.  474.  507.  603.  724. 1326.  431.    0.    0.
 423.  463.  497.  500.  571.  723. 1458.  315.    0.    0.
 491.  461.  518.  542.  598.  703. 1308.  329.    0.    0.
354. 421. 447. 439. 579. 843. 589. 421. 611. 246.
390. 403. 491. 473. 914. 559. 537. 489. 302. 392.
 383.  424.  452.  433. 1205.  711.  456.  392.  294.  200.
848. 869. 766. 695. 574. 424. 318. 216. 152.  88.
898. 771. 607. 536. 477. 452. 398. 402. 298. 111.
918. 788. 765. 699. 590. 398. 327. 242. 159.  64.
 450.  473.  472.  558.  607.  740. 1171.  479.    0.    0.
 433.  436.  497.  530.  566.  772. 1118.  598.    0.    0.
 469.  396.  517.  480.  631.  756. 1347.  354.    0.    0.
 433.  460.  490.  493.  600.  742. 1210.  522.    0.    0.
371. 433. 408. 481. 514. 715. 677. 503. 770.  78.
341. 409. 450. 404. 538. 792. 672. 472. 732. 140.
