417. 827. 910. 965. 761. 598. 335. 112.  25.   0.
877. 790. 652. 526. 467. 518. 403. 359. 265.  93.
843. 879. 742. 657. 541. 456. 354. 271. 157.  50.
872. 864. 699. 576. 514. 482. 441. 289. 155.  58.
828. 810. 709. 623. 571. 442. 366. 284. 205. 112.
940. 829. 599. 512. 452. 460. 512. 375. 216.  55.
838. 826. 715. 602. 535. 429. 394. 317. 207.  87.
836. 769. 751. 606. 542. 446. 395. 266. 233. 106.
857. 900. 754. 622. 553. 465. 388. 227. 128.  56.
483. 993. 732. 667. 532. 470. 395. 291. 207. 180.
808. 802. 721. 598. 545. 440. 406. 273. 239. 118.
851. 774. 659. 618. 551. 444. 349. 339. 262. 103.
869. 860. 668. 506. 478. 507. 426. 370. 207.  59.
866. 903. 843. 696. 555. 448. 282. 206. 112.  39.
804. 899. 835. 734. 526. 464. 298. 180. 125.  85.
886. 953. 800. 712. 563. 419. 282. 196. 103.  36.
821. 842. 741. 657. 516. 460. 360. 258. 197.  98.
896. 807. 711. 569. 546. 498. 382. 298. 172.  71.
851. 806. 740. 614. 543. 472. 350. 290. 185.  99.
863. 948. 760. 677. 542. 455. 332. 228. 116.  29.
864. 883. 748. 613. 525. 455. 367. 251. 189.  55.
838. 801. 720. 658. 579. 469. 318. 247. 249.  71.
845. 867. 709. 609. 549. 443. 379. 299. 189.  61.
 487. 1095.  793.  720.  543.  510.  273.  272.  134.  123.
813. 844. 725. 651. 499. 484. 366. 288. 187.  93.
933. 901. 736. 571. 572. 483. 414. 228.  92.  20.
844. 859. 668. 601. 559. 454. 403. 299. 175.  88.
862. 879. 775. 643. 598. 438. 331. 220. 154.  50.
821. 896. 854. 691. 546. 431. 333. 216.  86.  76.
331. 397. 431. 465. 477. 550. 955. 854. 385. 105.
 398.  406.  398.  415.  447.  523. 1136.  783.  370.   74.
