388. 485. 488. 978. 649. 584. 321. 411. 318. 328.
 454.  456.  476.  520.  592.  711. 1263.  478.    0.    0.
 431.  447.  477.  516.  583.  685. 1140.  671.    0.    0.
 416.  477.  463.  536.  572.  713. 1346.  427.    0.    0.
 459.  444.  461.  495.  626.  725. 1292.  448.    0.    0.
 459.  467.  490.  521.  721. 1100.  487.  463.  242.    0.
 409.  422.  495.  499.  590.  673. 1194.  668.    0.    0.
 429.  460. 1085.  762.  636.  497.  377.  295.  235.  174.
374. 435. 400. 516. 664. 779. 490. 431. 622. 239.
 468.  460.  465.  519.  560.  675. 1334.  469.    0.    0.
 434.  452.  469.  486.  573.  698. 1179.  659.    0.    0.
 460.  451.  452.  501.  549.  770. 1348.  419.    0.    0.
 425.  448.  473.  540.  591.  719. 1315.  439.    0.    0.
425. 478. 486. 563. 810. 971. 706. 376. 135.   0.
 428.  445.  468.  505.  578.  658. 1228.  640.    0.    0.
 417.  461. 1167.  676.  563.  482.  417.  361.  238.  168.
362. 406. 461. 452. 809. 930. 558. 381. 437. 154.
 436.  428.  474.  500.  607.  752. 1266.  487.    0.    0.
 433.  421.  453.  539.  572.  691. 1200.  641.    0.    0.
 456.  440.  474.  525.  598.  681. 1347.  429.    0.    0.
 448.  471.  477.  508.  575.  701. 1308.  462.    0.    0.
 477.  479.  495.  600.  743. 1029.  608.  440.   79.    0.
 439.  438.  449.  491.  614.  708. 1194.  617.    0.    0.
 421.  475. 1053.  703.  585.  506.  384.  331.  270.  222.
357. 432. 427. 461. 760. 908. 565. 403. 477. 160.
 437.  454.  474.  518.  583.  717. 1305.  462.    0.    0.
 453.  461.  467.  469.  561.  714. 1122.  703.    0.    0.
 419.  469.  447.  528.  590.  746. 1283.  468.    0.    0.
 426.  434.  501.  515.  587.  719. 1304.  464.    0.    0.
442. 458. 470. 588. 759. 941. 648. 445. 199.   0.
 455.  450.  467.  527.  562.  658. 1091.  740.    0.    0.
 417.  460. 1087.  730.  558.  459.  421.  315.  284.  219.
384. 404. 423. 484. 729. 870. 513. 368. 602. 173.
 450.  447.  437.  519.  628.  679. 1365.  425.    0.    0.
 435.  504.  464.  510.  517.  637. 1070.  813.    0.    0.
 506.  505.  463.  470.  571.  697. 1250.  488.    0.    0.
 439.  412.  482.  533.  611.  709. 1326.  438.    0.    0.
427. 489. 510. 574. 762. 861. 669. 481. 177.   0.
 426.  465.  454.  519.  547.  708. 1235.  596.    0.    0.
511. 498. 870. 531. 548. 430. 321. 374. 481. 386.
402. 375. 410. 456. 754. 776. 518. 292. 720. 247.
 429.  480.  484.  528.  583.  704. 1302.  440.    0.    0.
 439.  462.  425.  516.  590.  671. 1100.  747.    0.    0.
 449.  444.  491.  511.  580.  742. 1294.  439.    0.    0.
 432.  440.  486.  530.  586.  708. 1294.  474.    0.    0.
 429.  466.  499.  591.  731. 1095.  645.  375.  119.    0.
 429.  447.  463.  502.  594.  678. 1198.  639.    0.    0.
 416.  450. 1139.  717.  518.  463.  487.  311.  284.  165.
344. 420. 470. 494. 790. 853. 568. 428. 453. 130.
 438.  466.  495.  517.  598.  695. 1306.  435.    0.    0.
 448.  463.  451.  525.  533.  698. 1156.  676.    0.    0.
 453.  431.  489.  516.  568.  749. 1299.  445.    0.    0.
 435.  448.  488.  526.  567.  703. 1327.  456.    0.    0.
453. 476. 507. 576. 677. 819. 749. 500. 193.   0.
 471.  468.  471.  550.  590.  688. 1057.  655.    0.    0.
 405.  451. 1173.  756.  605.  500.  393.  290.  196.  181.
396. 393. 454. 475. 675. 731. 500. 427. 653. 246.
 436.  458.  496.  491.  606.  703. 1309.  451.    0.    0.
 412.  449.  462.  534.  525.  725. 1133.  710.    0.    0.
 484.  471.  456.  487.  524.  795. 1338.  395.    0.    0.
 435.  439.  479.  516.  589.  713. 1341.  438.    0.    0.
453. 504. 495. 567. 678. 711. 704. 629. 209.   0.
459. 487. 961. 747. 555. 489. 439. 268. 273. 272.
402. 424. 412. 491. 626. 646. 465. 450. 707. 327.
 453.  451.  440.  540.  608.  713. 1317.  428.    0.    0.
 417.  456.  472.  522.  541.  702. 1138.  702.    0.    0.
 466.  439.  505.  509.  579.  731. 1291.  430.    0.    0.
 417.  446.  501.  525.  567.  724. 1327.  443.    0.    0.
454. 476. 501. 602. 738. 921. 641. 472. 145.   0.
 402.  447. 1166.  757.  597.  486.  422.  270.  226.  177.
371. 399. 457. 475. 740. 923. 574. 446. 421. 144.
 445.  448.  472.  515.  550.  733. 1324.  463.    0.    0.
 460.  486.  487.  511.  530.  617. 1308.  551.    0.    0.
 455.  430.  472.  504.  623.  666. 1351.  449.    0.    0.
 438.  465.  480.  480.  588.  715. 1337.  447.    0.    0.
 543.  430.  468.  571.  833. 1233.  438.  293.  141.    0.
 435.  494. 1011.  681.  626.  502.  403.  338.  268.  192.
364. 405. 418. 453. 825. 909. 578. 374. 451. 173.
 429.  453.  469.  520.  578.  742. 1301.  458.    0.    0.
 446.  424.  480.  499.  553.  695. 1211.  642.    0.    0.
 427.  461.  480.  518.  589.  713. 1302.  460.    0.    0.
 450.  472.  438.  526.  597.  747. 1245.  475.    0.    0.
 456.  475.  486.  546.  706. 1009.  579.  507.  186.    0.
 403.  500. 1110.  739.  608.  474.  360.  322.  286.  148.
351. 418. 483. 492. 721. 760. 527. 412. 622. 164.
 439.  445.  480.  540.  572.  715. 1319.  440.    0.    0.
 423.  442.  455.  513.  550.  734. 1157.  676.    0.    0.
 480.  498.  497.  506.  548.  675. 1303.  443.    0.    0.
 434.  470.  478.  517.  574.  741. 1326.  410.    0.    0.
 470.  435.  493.  555.  764. 1260.  570.  257.  146.    0.
420. 492. 948. 615. 550. 478. 364. 390. 265. 428.
362. 395. 472. 447. 709. 851. 601. 389. 498. 226.
 441.  470.  489.  505.  569.  680. 1326.  470.    0.    0.
 437.  456.  445.  497.  580.  737. 1103.  695.    0.    0.
 455.  446.  475.  505.  555.  750. 1323.  441.    0.    0.
 447.  412.  534.  482.  605.  728. 1274.  468.    0.    0.
 468.  439.  488.  568.  663. 1210.  571.  411.  132.    0.
 449.  405. 1097.  827.  531.  478.  446.  271.  246.  200.
400. 419. 413. 394. 799. 802. 512. 449. 519. 243.
 437.  451.  471.  532.  557.  714. 1334.  454.    0.    0.
 459.  407.  465.  524.  570.  676. 1250.  599.    0.    0.
 454.  438.  474.  536.  572.  728. 1318.  430.    0.    0.
 461.  438.  441.  555.  596.  701. 1313.  445.    0.    0.
 470.  494.  472.  527.  810. 1268.  531.  305.   73.    0.
 405.  439. 1068.  791.  613.  516.  401.  229.  233.  255.
398. 396. 419. 403. 686. 792. 541. 484. 563. 268.
