483. 928. 972. 768. 559. 492. 376. 216. 117.  39.
614. 777. 774. 752. 692. 658. 501. 178.   4.   0.
 443.  466.  719. 1016.  754.  627.  537.  265.  123.    0.
455. 517. 564. 674. 676. 706. 419. 691. 248.   0.
518. 898. 840. 705. 641. 576. 488. 235.  49.   0.
 485.  533.  536.  545.  593.  706. 1464.   88.    0.    0.
 485.  649. 1043.  865.  630.  483.  379.  203.  182.   31.
913. 833. 746. 595. 565. 443. 386. 275. 135.  59.
521. 624. 971. 929. 647. 542. 299. 156. 203.  58.
 582. 1076.  844.  705.  592.  519.  353.  204.   69.    6.
 441.  510.  477.  546.  638.  837. 1367.  134.    0.    0.
 419.  490.  499.  528.  582.  906. 1260.  264.    2.    0.
 443.  467.  473.  552.  564.  944. 1110.  384.   13.    0.
424. 489. 528. 539. 696. 833. 762. 507. 172.   0.
 502.  478.  512.  541.  662. 1210.  740.  284.   21.    0.
 434.  438.  494.  497.  606.  735. 1266.  480.    0.    0.
464. 491. 485. 488. 589. 756. 954. 723.   0.   0.
456. 765. 994. 720. 556. 531. 411. 291. 197.  29.
478. 869. 833. 683. 580. 467. 442. 367. 214.  17.
595. 807. 797. 692. 604. 564. 483. 319.  89.   0.
893. 955. 848. 709. 580. 408. 290. 180.  77.  10.
963. 834. 681. 590. 540. 494. 430. 276. 130.  12.
863. 848. 790. 656. 589. 469. 389. 231. 105.  10.
 424.  478.  473.  527.  647. 1023.  716.  622.   40.    0.
 405.  461.  487.  514.  616.  754. 1309.  404.    0.    0.
448. 461. 492. 527. 623. 891. 936. 572.   0.   0.
 492.  713. 1129.  655.  520.  508.  442.  318.  169.    4.
465. 957. 912. 637. 613. 486. 426. 287. 142.  25.
605. 815. 808. 721. 663. 595. 442. 259.  42.   0.
823. 820. 739. 626. 516. 493. 378. 308. 199.  48.
889. 778. 698. 598. 548. 486. 402. 277. 200.  74.
812. 827. 720. 639. 592. 486. 390. 291. 165.  28.
908. 829. 723. 659. 507. 487. 386. 244. 153.  54.
 574. 1070.  770.  712.  549.  421.  283.  281.  180.  110.
700. 952. 733. 699. 534. 443. 375. 337. 147.  30.
675. 998. 681. 549. 552. 432. 453. 292. 245.  73.
805. 973. 734. 608. 505. 485. 367. 300. 126.  47.
486. 794. 895. 928. 664. 513. 389. 202.  73.   6.
 426. 1019.  869.  693.  648.  563.  417.  237.   78.    0.
 511. 1048.  788.  655.  540.  430.  382.  299.  216.   81.
505. 498. 751. 907. 618. 567. 469. 306. 230.  99.
 486.  652.  752. 1002.  694.  547.  394.  258.  137.   28.
 413.  572.  699.  577. 1031. 1032.  584.   42.    0.    0.
 448.  446.  476.  513.  542.  769. 1475.  281.    0.    0.
845. 921. 711. 601. 543. 491. 395. 278. 114.  51.
494. 668. 875. 849. 717. 572. 435. 220. 104.  16.
789. 928. 737. 624. 559. 453. 379. 284. 149.  48.
 507.  498.  568. 1158.  782.  591.  555.  257.   34.    0.
463. 559. 793. 900. 659. 599. 486. 308. 148.  35.
 435.  558.  811.  574. 1156.  919.  444.   53.    0.    0.
 448.  464.  488.  512.  606.  709. 1381.  342.    0.    0.
 616.  640. 1039.  901.  843.  455.  228.  164.   64.    0.
 403.  480.  850.  706. 1107.  864.  496.   44.    0.    0.
 448.  446.  466.  542.  530.  766. 1402.  350.    0.    0.
516. 811. 580. 445. 571. 687. 633. 550. 157.   0.
432. 441. 510. 808. 986. 659. 458. 431. 207.  18.
395. 709. 860. 964. 965. 666. 331.  60.   0.   0.
 448.  444.  550.  546.  580. 1089.  905.  388.    0.    0.
 414.  513.  600. 1029.  729.  576.  469.  350.  242.   28.
449. 501. 489. 586. 864. 608. 496. 479. 478.   0.
907. 774. 636. 558. 504. 463. 408. 365. 235. 100.
902. 765. 679. 599. 588. 448. 359. 287. 191. 132.
537. 538. 825. 699. 417. 485. 539. 547. 363.   0.
481. 523. 795. 873. 552. 514. 357. 452. 403.   0.
401. 732. 781. 699. 662. 660. 616. 393.   6.   0.
549. 718. 587. 610. 694. 729. 881. 182.   0.   0.
968. 864. 753. 687. 551. 425. 340. 248. 105.   9.
933. 799. 765. 613. 516. 506. 358. 245. 174.  41.
945. 846. 767. 688. 566. 430. 322. 219. 121.  46.
407. 484. 746. 966. 580. 507. 438. 410. 252. 160.
6.190e+02 6.190e+02 6.340e+02 7.420e+02 1.114e+03 7.030e+02 3.890e+02
 1.290e+02 1.000e+00 0.000e+00
918. 774. 665. 660. 544. 490. 329. 275. 195. 100.
1001.  852.  761.  624.  571.  429.  321.  217.  129.   45.
941. 798. 708. 574. 527. 475. 378. 330. 188.  31.
