399. 485. 503. 972. 799. 567. 495. 360. 308.  62.
442. 444. 518. 975. 770. 602. 423. 387. 383.   6.
426. 438. 511. 938. 857. 519. 378. 440. 390.  53.
435. 468. 489. 957. 730. 491. 535. 482. 344.  19.
955. 844. 803. 688. 609. 373. 323. 203. 113.  39.
592. 734. 908. 814. 748. 607. 339. 171.  37.   0.
 510.  571.  669. 1110.  654.  632.  508.  296.    0.    0.
760. 938. 688. 575. 451. 426. 391. 363. 221. 137.
 438.  448.  548.  763. 1092.  602.  451.  381.  165.   62.
412. 465. 516. 966. 759. 520. 507. 401. 346.  58.
 425.  469.  515. 1030.  746.  565.  493.  368.  330.    9.
921. 850. 794. 673. 513. 458. 351. 206. 135.  49.
625. 733. 765. 545. 567. 572. 608. 416. 119.   0.
 520.  521.  676. 1123.  774.  538.  591.  207.    0.    0.
725. 942. 742. 600. 510. 442. 339. 296. 228. 126.
 492.  482.  457.  668. 1139.  772.  364.  327.  210.   39.
486. 557. 636. 997. 604. 548. 537. 382. 179.  24.
408. 457. 490. 495. 969. 576. 502. 414. 548.  91.
303. 734. 973. 878. 759. 561. 406. 228.  89.  19.
414. 476. 752. 794. 574. 497. 411. 385. 356. 291.
 387.  467.  733. 1046.  649.  509.  442.  309.  194.  214.
414. 467. 675. 859. 630. 522. 394. 341. 317. 331.
416. 446. 706. 859. 601. 581. 367. 312. 270. 392.
