 437.  467.  436.  490.  569.  648. 1039.  864.    0.    0.
 419.  469.  475.  487.  575.  662. 1001.  862.    0.    0.
4.680e+02 5.290e+02 5.810e+02 1.026e+03 7.690e+02 6.070e+02 5.100e+02
 4.590e+02 1.000e+00 0.000e+00
 439.  440.  464.  524.  553.  754. 1312.  464.    0.    0.
 480.  511.  684. 1151.  750.  469.  389.  454.   62.    0.
 463.  580. 1204.  782.  526.  536.  366.  306.  187.    0.
 459. 1060.  774.  711.  501.  467.  387.  244.  207.  140.
445. 775. 756. 649. 587. 502. 355. 281. 303. 297.
 428.  440.  474.  540.  601.  703. 1303.  461.    0.    0.
 427.  417.  444.  578.  690. 1007.  631.  662.   91.    3.
423. 434. 514. 637. 942. 563. 451. 435. 283. 268.
424. 434. 907. 732. 652. 516. 364. 359. 230. 332.
450. 446. 950. 606. 590. 437. 371. 367. 325. 408.
 440. 1147.  759.  725.  542.  495.  320.  259.  186.   77.
398. 444. 456. 839. 746. 575. 445. 244. 389. 414.
 516.  802. 1040.  706.  543.  513.  391.  275.  164.    0.
386. 440. 436. 482. 994. 491. 558. 444. 353. 366.
 430.  492. 1264.  741.  652.  477.  354.  275.  149.  116.
 397.  415.  451.  399.  485.  447.  640. 1105.  452.  159.
442. 908. 808. 636. 564. 458. 393. 325. 195. 221.
425. 868. 829. 679. 499. 464. 443. 308. 254. 181.
433. 705. 878. 678. 549. 493. 405. 297. 274. 238.
 497.  520.  552. 1220.  792.  599.  437.  331.    2.    0.
 467.  435.  457.  519.  601.  724. 1273.  474.    0.    0.
 469.  547.  696. 1118.  669.  558.  425.  414.   54.    0.
 516.  550. 1219.  588.  464.  515.  499.  338.  261.    0.
 473. 1120.  762.  634.  529.  461.  411.  265.  194.  101.
441. 795. 938. 700. 588. 525. 346. 272. 185. 160.
 499.  639.  730. 1214.  955.  676.  234.    3.    0.    0.
