732. 899. 796. 779. 658. 560. 322. 137.  66.   1.
730. 869. 794. 743. 675. 563. 363. 165.  48.   0.
792. 806. 698. 704. 694. 628. 411. 185.  32.   0.
854. 772. 433. 918. 849. 530. 367. 176.  51.   0.
759. 816. 655. 683. 649. 659. 422. 217.  90.   0.
 376.  413.  450.  471.  585.  499.  751. 1073.  292.   40.
 487.  572.  584.  727.  838. 1186.  458.   96.    2.    0.
 465.  526.  621.  651.  851. 1196.  505.  130.    5.    0.
 485.  521.  610.  649.  819. 1131.  503.  223.    9.    0.
624. 830. 822. 704. 599. 572. 446. 215. 138.   0.
 479. 1011.  776.  633.  583.  469.  355.  313.  198.  133.
632. 829. 707. 628. 722. 575. 484. 276.  97.   0.
471. 974. 780. 629. 592. 456. 381. 316. 231. 120.
635. 804. 811. 727. 635. 598. 448. 201.  91.   0.
503. 958. 723. 723. 531. 549. 289. 287. 327.  60.
623. 771. 715. 617. 636. 600. 505. 269. 214.   0.
 509. 1078.  904.  689.  574.  484.  344.  237.  114.   17.
 446. 1032. 1200.  920.  723.  405.  206.   18.    0.    0.
 492.  517.  517.  715.  877. 1210.  467.  152.    3.    0.
816. 708. 790. 679. 654. 544. 409. 220. 125.   5.
842. 843. 795. 690. 657. 523. 352. 188.  56.   4.
