434. 524. 586. 857. 952. 651. 576. 330.  40.   0.
822. 811. 704. 596. 516. 454. 422. 280. 222. 123.
395. 450. 978. 878. 776. 629. 397. 261. 186.   0.
298. 398. 758. 781. 774. 831. 480. 448. 182.   0.
336. 444. 677. 663. 821. 736. 513. 496. 246.  18.
344. 473. 856. 909. 861. 681. 667. 157.   2.   0.
 282.  417.  834. 1021.  752.  783.  499.  231.  121.   10.
290. 404. 848. 992. 686. 818. 427. 315. 170.   0.
367. 474. 798. 737. 747. 662. 396. 425. 344.   0.
349. 412. 854. 739. 880. 852. 412. 293. 155.   4.
305. 476. 755. 765. 844. 790. 393. 418. 198.   6.
3.560e+02 4.530e+02 8.360e+02 1.167e+03 6.710e+02 6.050e+02 5.830e+02
 2.780e+02 1.000e+00 0.000e+00
305. 369. 770. 876. 715. 909. 442. 362. 188.  14.
269. 444. 829. 944. 808. 740. 402. 393. 121.   0.
903. 826. 664. 624. 550. 465. 378. 293. 182.  65.
897. 784. 752. 634. 533. 450. 334. 289. 186.  91.
 442.  490.  476.  539.  592.  712. 1325.  374.    0.    0.
 433.  479.  487.  510.  584.  692. 1263.  502.    0.    0.
 495.  393.  456.  551.  573.  727. 1260.  495.    0.    0.
 458.  415.  501.  471.  597.  735. 1308.  465.    0.    0.
 456.  449.  497.  502.  574.  747. 1305.  420.    0.    0.
 428.  463.  476.  522.  569.  699. 1443.  350.    0.    0.
 445.  499.  488.  524.  583.  726. 1306.  379.    0.    0.
 433.  475.  470.  479.  578.  763. 1333.  419.    0.    0.
