852. 916. 870. 676. 583. 433. 296. 185. 102.  37.
 357.  693. 1099. 1168.  653.  598.  257.  120.    5.    0.
806. 860. 790. 714. 561. 445. 325. 233. 150.  66.
 416.  516.  622.  823.  781. 1035.  552.  198.    7.    0.
492. 535. 740. 618. 891. 801. 463. 311.  99.   0.
850. 800. 728. 666. 588. 479. 352. 291. 165.  31.
897. 876. 824. 722. 549. 445. 277. 197. 113.  50.
 576.  534.  771.  908. 1027.  654.  344.  133.    3.    0.
 716.  908. 1046.  844.  608.  430.  200.  153.   42.    3.
 569.  568.  570.  600. 1281.  796.  254.  185.  125.    2.
 541.  512.  505.  494. 1021.  977.  557.  230.  109.    4.
817. 807. 699. 650. 545. 448. 401. 324. 183.  76.
368. 611. 711. 933. 809. 822. 455. 225.  16.   0.
486. 541. 655. 789. 947. 793. 381. 286.  72.   0.
832. 790. 744. 686. 587. 493. 335. 260. 171.  52.
933. 880. 739. 639. 540. 451. 332. 261. 142.  33.
 608.  631. 1089.  878.  817.  530.  315.   82.    0.    0.
632. 873. 925. 844. 598. 489. 284. 234.  70.   1.
 613.  565.  478.  559. 1131.  778.  416.  304.  104.    2.
528. 514. 530. 584. 982. 927. 531. 252.  94.   8.
584. 516. 495. 667. 997. 720. 427. 328. 207.   9.
 561.  475.  484.  585. 1153.  796.  448.  273.  150.   25.
514. 825. 843. 780. 501. 586. 360. 378. 149.  14.
