550. 959. 818. 688. 547. 488. 354. 245. 209.  92.
 548.  883. 1073.  769.  572.  445.  320.  214.   93.   33.
 403.  944. 1096.  937.  690.  445.  260.  126.   44.    5.
559. 944. 901. 717. 661. 429. 272. 267. 166.  34.
931. 796. 696. 677. 571. 440. 349. 261. 184.  45.
 453.  477.  488.  504.  594.  729. 1274.  431.    0.    0.
 447.  451.  475.  526.  554.  724. 1332.  441.    0.    0.
802. 803. 633. 581. 492. 462. 371. 344. 313. 149.
486. 524. 745. 992. 613. 459. 455. 384. 247.  45.
472. 549. 628. 931. 728. 497. 354. 347. 390.  54.
474. 541. 726. 877. 632. 486. 479. 400. 309.  26.
 515. 1076.  827.  760.  505.  535.  290.  204.  186.   52.
 504. 1193.  828.  687.  586.  468.  354.  178.  122.   30.
 505. 1036.  715.  665.  462.  531.  374.  329.  212.  121.
298. 528. 854. 894. 738. 766. 471. 321.  75.   5.
276. 615. 828. 868. 750. 613. 502. 311. 149.  38.
298. 517. 712. 685. 694. 801. 675. 446. 122.   0.
339. 451. 681. 850. 790. 582. 358. 373. 239. 287.
256. 502. 886. 951. 768. 779. 491. 240.  73.   4.
225. 463. 748. 802. 714. 734. 620. 419. 171.  54.
259. 474. 716. 789. 805. 857. 488. 376. 143.  43.
252. 523. 586. 704. 760. 757. 652. 420. 235.  61.
260. 517. 712. 857. 833. 656. 689. 289.  95.  42.
289. 551. 833. 988. 815. 669. 462. 298.  45.   0.
817. 945. 742. 633. 546. 464. 362. 270. 130.  41.
861. 876. 701. 559. 517. 468. 412. 316. 145.  95.
419. 522. 564. 589. 973. 708. 647. 335. 154.  39.
521. 673. 887. 704. 593. 436. 400. 329. 258. 149.
423. 484. 578. 627. 706. 856. 818. 451.   7.   0.
429. 572. 631. 954. 927. 721. 302. 270. 116.  28.
421. 442. 480. 506. 535. 726. 910. 844.  86.   0.
383. 447. 459. 518. 522. 696. 941. 861. 123.   0.
419. 775. 976. 745. 530. 466. 447. 278. 173. 141.
 499.  715. 1080.  745.  515.  464.  412.  254.  152.  114.
