 452.  502.  491.  576.  705. 1013. 1056.  155.    0.    0.
 450.  461.  484.  523.  607.  885. 1147.  393.    0.    0.
 421.  473.  484.  527.  580.  808. 1042.  615.    0.    0.
 489.  424.  466.  519.  615.  969. 1021.  447.    0.    0.
 408.  493.  622. 1179.  884.  594.  429.  319.   22.    0.
396. 463. 500. 765. 860. 655. 551. 537. 221.   2.
376. 452. 469. 810. 807. 593. 583. 593. 260.   7.
314. 378. 960. 830. 968. 644. 619. 237.   0.   0.
303. 730. 617. 815. 973. 881. 550.  81.   0.   0.
401. 470. 834. 683. 571. 591. 527. 528. 306.  39.
 403.  528.  559.  627.  748. 1036.  833.  216.    0.    0.
 486.  734. 1102.  763.  600.  486.  346.  235.  131.   67.
487. 979. 950. 795. 580. 447. 344. 227. 103.  38.
 404.  456.  532. 1077.  559.  467.  436.  442.  310.  267.
 456.  380. 1048.  918.  538.  504.  469.  255.  233.  149.
463. 473. 497. 554. 811. 890. 489. 448. 325.   0.
 442.  464.  524.  595.  683. 1184.  553.  364.  141.    0.
451. 472. 472. 589. 950. 819. 503. 373. 321.   0.
 513.  486.  665.  557.  767. 1093.  814.   55.    0.    0.
 495.  630.  551.  526.  715.  914. 1002.  117.    0.    0.
 456.  457.  453.  464.  624.  741. 1220.  535.    0.    0.
 418.  467.  479.  515.  574.  699. 1373.  425.    0.    0.
762. 806. 862. 667. 543. 466. 505. 339.   0.   0.
 437.  456.  486.  558.  708. 1112.  656.  420.  117.    0.
 478.  494.  615.  815. 1001.  588.  447.  323.  167.   22.
 468.  492.  515.  537.  585.  697. 1243.  413.    0.    0.
 481.  396.  461.  559.  535.  729. 1349.  440.    0.    0.
 418.  462.  468.  537.  575.  717. 1323.  450.    0.    0.
 418.  469.  465.  526.  562.  730. 1358.  422.    0.    0.
 487.  689. 1050.  751.  676.  438.  360.  219.  200.   80.
445. 483. 567. 558. 899. 897. 514. 363. 159.  65.
460. 543. 617. 850. 819. 641. 578. 304. 115.  23.
447. 533. 610. 877. 816. 588. 545. 317. 167.  50.
 453.  503.  494.  630. 1131.  877.  454.  260.  125.   23.
