 397.  631.  918.  851. 1004.  698.  279.  138.   34.    0.
 389.  808. 1017.  957.  913.  495.  220.  128.   23.    0.
 368.  367.  421.  461.  516.  481.  556. 1343.  371.   66.
291. 496. 765. 777. 812. 677. 520. 354. 258.   0.
308. 599. 792. 768. 744. 720. 542. 332. 119.  26.
376. 689. 836. 742. 517. 501. 406. 374. 414.  95.
279. 718. 973. 873. 757. 508. 456. 256. 123.   7.
280. 546. 796. 851. 795. 789. 637. 213.  34.   9.
 424.  683. 1039.  748.  616.  436.  535.  164.  206.   99.
275. 570. 795. 771. 762. 690. 539. 404. 124.  20.
319. 579. 829. 803. 700. 636. 373. 521. 173.  17.
