484. 878. 992. 852. 615. 497. 317. 249.  66.   0.
548. 798. 813. 789. 652. 565. 484. 256.  45.   0.
 448.  455.  504.  486.  598.  698. 1298.  463.    0.    0.
 450.  460.  493.  521.  541.  721. 1296.  468.    0.    0.
 448.  738.  911. 1199.  993.  416.  210.   35.    0.    0.
696. 923. 708. 553. 656. 584. 464. 218. 112.  36.
 559.  753. 1170.  934.  633.  424.  223.  155.   81.   18.
446. 714. 853. 801. 831. 575. 346. 310.  74.   0.
462. 629. 636. 694. 864. 889. 570. 179.  27.   0.
 580.  956. 1085. 1183.  762.  304.   75.    5.    0.    0.
 432.  466.  472.  509.  577.  727. 1308.  459.    0.    0.
