 407.  583. 1051.  752.  627.  475.  376.  338.  225.  116.
464. 617. 985. 824. 678. 518. 337. 250. 188.  89.
 395.  797. 1088. 1008.  804.  487.  272.   99.    0.    0.
 406.  797. 1149. 1182.  690.  487.  211.   28.    0.    0.
 399.  482.  536.  761. 1147.  545.  398.  368.  309.    5.
 460.  440.  469.  541.  596.  815. 1170.  459.    0.    0.
409. 427. 462. 438. 509. 658. 983. 764. 300.   0.
448. 524. 987. 736. 721. 563. 521. 348. 102.   0.
 646. 1083.  810.  667.  535.  483.  365.  226.  107.   28.
 479.  897. 1062.  733.  623.  455.  321.  239.  101.   40.
498. 915. 743. 655. 619. 546. 466. 399. 109.   0.
577. 793. 890. 741. 592. 480. 344. 286. 204.  43.
534. 949. 733. 651. 520. 515. 376. 310. 210. 152.
695. 958. 701. 495. 484. 442. 456. 364. 261.  94.
415. 723. 780. 903. 686. 459. 331. 300. 299.  54.
 535. 1160.  806.  665.  552.  451.  362.  244.  116.   59.
 435.  498. 1074.  850.  568.  513.  411.  270.  227.  104.
439. 494. 528. 819. 798. 629. 558. 358. 303.  24.
 457.  486.  547. 1115.  890.  570.  291.  289.  290.   15.
 455.  458.  492.  524.  694. 1036.  705.  470.  116.    0.
 451.  454.  470.  550.  568.  649. 1333.  475.    0.    0.
434. 462. 479. 553. 608. 793. 917. 704.   0.   0.
424. 476. 515. 533. 703. 922. 854. 475.  48.   0.
 446.  441.  473.  528.  575.  709. 1354.  424.    0.    0.
 454.  458.  480.  559.  637.  828. 1017.  517.    0.    0.
726. 561. 546. 544. 286. 328. 420. 935. 521.  83.
405. 443. 412. 442. 415. 674. 603. 615. 874.  67.
394. 395. 411. 540. 473. 794. 899. 510. 478.  56.
388. 387. 437. 467. 571. 743. 864. 446. 589.  58.
376. 380. 452. 501. 488. 700. 738. 471. 787.  57.
