356. 413. 693. 914. 883. 497. 900. 294.   0.   0.
 426.  456.  480.  515.  584.  703. 1322.  464.    0.    0.
 454.  455.  469.  511.  628.  690. 1311.  432.    0.    0.
913. 849. 774. 679. 607. 404. 301. 204. 151.  68.
932. 754. 688. 616. 522. 486. 353. 303. 235.  61.
961. 877. 849. 674. 542. 458. 297. 184.  86.  22.
914. 841. 755. 622. 548. 417. 367. 254. 167.  65.
 425.  448.  507.  492.  586.  683. 1337.  472.    0.    0.
 433.  464.  472.  511.  567.  724. 1312.  467.    0.    0.
336. 466. 746. 980. 986. 416. 774. 246.   0.   0.
 411.  457.  486.  512.  595.  714. 1311.  464.    0.    0.
 444.  445.  475.  529.  543.  759. 1286.  469.    0.    0.
901. 850. 781. 665. 522. 452. 344. 229. 150.  56.
963. 853. 702. 612. 550. 467. 404. 245. 127.  27.
908. 815. 712. 617. 572. 425. 365. 305. 168.  63.
932. 785. 631. 663. 568. 416. 328. 330. 235.  62.
 421.  492.  469.  499.  595.  710. 1337.  427.    0.    0.
 447.  447.  479.  515.  595.  738. 1263.  466.    0.    0.
347. 427. 414. 417. 481. 502. 981. 798. 471. 112.
472. 923. 780. 615. 573. 470. 305. 310. 251. 251.
440. 457. 489. 482. 526. 447. 863. 848. 300.  98.
 412.  459.  495.  512.  564.  746. 1318.  444.    0.    0.
780. 946. 790. 644. 553. 460. 370. 218. 128.  61.
365. 354. 439. 429. 497. 530. 928. 817. 479. 112.
 346.  377.  448.  404.  483.  526.  789. 1059.  429.   89.
