 466.  480.  730. 1186.  716.  510.  367.  290.  149.   56.
385. 429. 516. 482. 552. 840. 848. 790. 108.   0.
 423.  466.  502.  526.  577.  757. 1319.  380.    0.    0.
733. 725. 684. 601. 652. 639. 480. 352.  84.   0.
636. 833. 791. 715. 559. 475. 378. 204. 216. 143.
483. 608. 622. 938. 678. 616. 448. 427. 130.   0.
446. 502. 569. 691. 991. 852. 497. 329.  73.   0.
 459.  519.  621. 1113.  699.  516.  451.  327.  222.   23.
 501.  530.  679. 1142.  807.  557.  389.  218.  127.    0.
415. 540. 586. 708. 825. 563. 582. 452. 278.   1.
 489.  552.  651. 1131.  726.  528.  394.  310.  156.   13.
387. 439. 486. 507. 766. 891. 630. 450. 310.  84.
397. 557. 570. 675. 693. 981. 954. 123.   0.   0.
 493.  591.  572.  646. 1235.  698.  400.  229.   86.    0.
426. 470. 512. 630. 657. 709. 567. 517. 399.  63.
 457.  497.  534.  708. 1120.  680.  473.  276.  196.    9.
491. 491. 550. 715. 767. 580. 585. 429. 337.   5.
494. 710. 945. 796. 633. 556. 324. 218. 180.  94.
5.100e+02 6.200e+02 9.980e+02 1.088e+03 6.770e+02 4.450e+02 3.300e+02
 2.120e+02 6.900e+01 1.000e+00
957. 876. 845. 719. 535. 434. 291. 161. 101.  31.
447. 558. 898. 996. 877. 688. 407.  68.  11.   0.
936. 871. 763. 658. 575. 431. 319. 239. 116.  42.
2173.  302.    0.    0.    0.    0.    0.    0. 1191. 1284.
871. 803. 686. 631. 505. 493. 407. 297. 200.  57.
912. 813. 774. 587. 580. 436. 375. 266. 141.  66.
 700. 1412.  715.  496.  298.  401.  441.  312.  163.   12.
 436.  488.  491.  520.  586.  736. 1269.  424.    0.    0.
 446.  449.  461.  546.  601.  681. 1332.  434.    0.    0.
 419.  467.  460.  524.  598.  719. 1289.  474.    0.    0.
 420.  447.  509.  483.  595.  735. 1304.  457.    0.    0.
394. 434. 441. 513. 569. 717. 988. 823.  71.   0.
647. 632. 622. 648. 532. 563. 481. 577. 248.   0.
708. 694. 725. 596. 556. 432. 467. 398. 272. 102.
 447.  503.  584. 1048.  922.  605.  400.  289.  152.    0.
695. 620. 670. 661. 532. 459. 444. 378. 293. 198.
519. 515. 571. 974. 798. 628. 418. 354. 173.   0.
448. 493. 610. 484. 568. 691. 861. 743.  52.   0.
602. 786. 817. 716. 571. 487. 380. 365. 212.  14.
579. 747. 816. 613. 520. 456. 432. 417. 314.  56.
 443.  455.  562.  730. 1050.  625.  519.  318.  245.    3.
 452.  495.  503.  706. 1180.  650.  434.  274.  249.    7.
446. 516. 611. 932. 826. 574. 389. 363. 266.  27.
 539.  969. 1042.  786.  543.  481.  287.  152.  118.   33.
545. 736. 782. 720. 514. 481. 439. 320. 292. 121.
578. 851. 947. 704. 548. 494. 420. 317.  88.   3.
1025.  998.  921.  745.  561.  356.  217.   82.   45.    0.
874. 852. 734. 650. 529. 467. 354. 268. 150.  72.
423. 442. 531. 536. 641. 916. 994. 444.  23.   0.
588. 707. 710. 765. 547. 476. 415. 274. 317. 151.
620. 785. 825. 662. 595. 523. 366. 350. 196.  28.
410. 495. 489. 611. 727. 762. 731. 712.  13.   0.
425. 737. 898. 556. 452. 428. 422. 372. 407. 253.
395. 464. 490. 542. 615. 800. 989. 636.  19.   0.
400. 450. 533. 551. 679. 794. 853. 690.   0.   0.
415. 631. 912. 806. 434. 530. 471. 282. 349. 120.
428. 441. 496. 577. 720. 963. 767. 558.   0.   0.
1441.  377.  616.  272.    0.  458.  552.  239.  714.  281.
924. 821. 776. 674. 553. 438. 327. 226. 163.  48.
736. 669. 563. 517. 452. 479. 623. 545. 366.   0.
947. 804. 754. 658. 566. 449. 315. 276. 152.  29.
885. 770. 684. 619. 491. 464. 390. 321. 231.  95.
559. 549. 534. 509. 495. 506. 519. 577. 702.   0.
 465.  816.  811. 1219. 1047.  482.   81.   25.    4.    0.
 572.  470. 1066. 1338.  593.  626.  171.   95.   19.    0.
799. 781. 723. 611. 666. 490. 436. 271. 137.  36.
674. 599. 692. 655. 737. 704. 764. 125.   0.   0.
799. 676. 701. 578. 528. 477. 473. 356. 275.  87.
2260.  678.   41.    0.    0.    0.    0.  221. 1019.  731.
660. 964. 899. 637. 582. 496. 340. 237.  94.  41.
913. 828. 763. 608. 517. 500. 346. 257. 175.  43.
487. 694. 977. 930. 677. 503. 396. 242.  44.   0.
400. 460. 516. 484. 758. 764. 570. 640. 346.  12.
 444.  446.  467.  496.  644.  797. 1103.  553.    0.    0.
439. 422. 506. 569. 754. 636. 637. 480. 492.  15.
435. 876. 815. 651. 459. 453. 420. 398. 273. 170.
438. 421. 519. 589. 724. 939. 603. 319. 390.   8.
422. 858. 883. 568. 544. 448. 457. 351. 244. 175.
402. 470. 445. 631. 711. 702. 510. 493. 579.   7.
