260. 750. 963. 989. 948. 648. 343.  49.   0.   0.
 503.  505.  656.  715.  867. 1009.  434.  252.    9.    0.
 466.  523.  564.  702.  876. 1016.  484.  315.    4.    0.
458. 566. 532. 772. 804. 836. 565. 407.  10.   0.
482. 504. 533. 694. 888. 959. 468. 403.  19.   0.
444. 528. 634. 701. 662. 942. 642. 387.  10.   0.
 447.  534.  560.  728.  729. 1008.  609.  329.    6.    0.
452. 539. 591. 650. 721. 933. 529. 522.  13.   0.
446. 553. 650. 882. 822. 754. 500. 330.  13.   0.
517. 503. 638. 852. 967. 802. 378. 290.   3.   0.
449. 499. 548. 818. 855. 819. 591. 365.   6.   0.
 478.  489.  535.  649.  721. 1107.  527.  434.   10.    0.
454. 454. 599. 731. 781. 849. 511. 560.  11.   0.
449. 544. 565. 762. 750. 854. 643. 380.   3.   0.
438. 555. 599. 680. 901. 886. 536. 345.  10.   0.
427. 488. 660. 712. 827. 928. 515. 381.  12.   0.
 440.  553.  591.  661.  700. 1052.  627.  310.   16.    0.
411. 522. 582. 794. 844. 936. 438. 406.  17.   0.
473. 518. 542. 566. 790. 896. 594. 558.  13.   0.
458. 504. 608. 672. 775. 901. 496. 527.   9.   0.
468. 496. 638. 676. 834. 873. 491. 472.   2.   0.
439. 477. 649. 698. 927. 925. 482. 344.   9.   0.
443. 586. 526. 656. 815. 936. 581. 398.   9.   0.
443. 501. 612. 731. 810. 915. 593. 332.  13.   0.
438. 527. 601. 623. 843. 960. 526. 421.  11.   0.
 445.  508.  633.  693.  783. 1000.  560.  325.    3.    0.
444. 554. 659. 689. 833. 835. 505. 428.   3.   0.
454. 577. 616. 670. 857. 813. 605. 348.  10.   0.
460. 511. 607. 677. 906. 982. 494. 297.  16.   0.
488. 417. 591. 883. 741. 828. 458. 521.  23.   0.
 447.  475.  627.  659.  778. 1011.  493.  437.   23.    0.
457. 504. 579. 678. 735. 927. 532. 527.  11.   0.
504. 553. 589. 712. 739. 918. 669. 239.  27.   0.
455. 484. 564. 768. 832. 856. 563. 399.  29.   0.
450. 486. 603. 723. 875. 875. 610. 324.   4.   0.
447. 494. 619. 850. 985. 862. 444. 243.   6.   0.
471. 553. 541. 689. 713. 789. 621. 548.  25.   0.
462. 548. 594. 645. 716. 906. 707. 362.  10.   0.
479. 532. 517. 637. 815. 978. 579. 411.   2.   0.
449. 571. 600. 552. 740. 938. 634. 456.  10.   0.
462. 539. 520. 673. 786. 901. 541. 507.  21.   0.
463. 499. 546. 647. 790. 770. 560. 647.  28.   0.
459. 528. 602. 744. 907. 782. 447. 478.   3.   0.
440. 514. 553. 845. 965. 773. 520. 339.   1.   0.
439. 505. 617. 696. 756. 991. 597. 345.   4.   0.
421. 504. 657. 733. 807. 951. 483. 376.  18.   0.
452. 499. 561. 749. 826. 822. 439. 589.  13.   0.
451. 470. 610. 782. 947. 939. 467. 273.  11.   0.
433. 530. 568. 603. 811. 951. 587. 452.  15.   0.
434. 515. 633. 757. 791. 906. 522. 374.  18.   0.
451. 546. 505. 752. 716. 796. 660. 517.   7.   0.
445. 575. 634. 676. 829. 958. 580. 248.   5.   0.
 424.  550.  617.  775.  817. 1033.  547.  181.    6.    0.
437. 532. 615. 688. 736. 987. 595. 347.  13.   0.
456. 559. 661. 637. 814. 820. 663. 340.   0.   0.
452. 502. 594. 674. 697. 962. 586. 478.   5.   0.
455. 552. 655. 659. 880. 843. 555. 343.   8.   0.
472. 566. 551. 657. 798. 863. 668. 369.   6.   0.
445. 483. 626. 732. 803. 917. 536. 389.  19.   0.
433. 552. 616. 640. 747. 890. 686. 380.   6.   0.
474. 530. 614. 632. 740. 850. 637. 467.   6.   0.
443. 533. 579. 711. 759. 987. 562. 376.   0.   0.
484. 549. 565. 668. 886. 804. 491. 492.  11.   0.
491. 536. 540. 831. 762. 797. 568. 414.  11.   0.
 453.  511.  589.  604.  761. 1041.  547.  430.   14.    0.
462. 498. 631. 769. 712. 898. 491. 482.   7.   0.
453. 554. 714. 664. 734. 919. 581. 326.   5.   0.
480. 556. 620. 649. 667. 950. 638. 381.   9.   0.
450. 494. 552. 717. 858. 988. 446. 425.  20.   0.
426. 562. 621. 680. 798. 849. 544. 462.   8.   0.
429. 579. 605. 591. 743. 926. 822. 254.   1.   0.
 427.  552.  568.  613.  827. 1022.  613.  321.    7.    0.
438. 541. 606. 496. 715. 962. 761. 421.  10.   0.
