 495.  488.  558. 1067. 1017.  524.  399.  402.    0.    0.
564. 659. 775. 816. 641. 457. 419. 355. 264.   0.
 473.  580. 1159.  847.  642.  489.  380.  207.  173.    0.
 492. 1038.  885.  709.  615.  412.  374.  226.  187.   12.
 502.  502.  620.  573. 1095. 1138.  463.   57.    0.    0.
490. 696. 699. 816. 814. 594. 466. 261. 108.   6.
767. 913. 758. 632. 528. 469. 363. 265. 167.  88.
464. 553. 590. 784. 920. 655. 509. 475.   0.   0.
581. 786. 954. 823. 602. 470. 360. 281.  93.   0.
501. 560. 962. 762. 543. 529. 374. 432. 287.   0.
 508. 1102.  896.  677.  575.  452.  378.  227.  131.    4.
 483.  489.  560.  609.  979. 1099.  618.  113.    0.    0.
528. 693. 787. 895. 783. 637. 399. 193.  35.   0.
779. 884. 727. 663. 610. 417. 325. 288. 178.  79.
