 481. 1032. 1067.  831.  617.  463.  280.  138.   41.    0.
 480.  851. 1215.  873.  639.  412.  293.  151.   36.    0.
927. 847. 657. 657. 493. 485. 391. 307. 136.  50.
 465.  504.  457.  484.  793. 1086.  607.  366.  182.    6.
945. 913. 739. 641. 562. 435. 364. 221.  96.  34.
922. 869. 778. 633. 526. 457. 363. 233. 129.  40.
931. 869. 771. 624. 596. 421. 364. 211. 135.  28.
908. 781. 689. 602. 552. 440. 354. 303. 225.  96.
945. 881. 785. 639. 553. 422. 323. 227. 142.  33.
945. 783. 810. 619. 498. 514. 348. 251. 151.  31.
955. 927. 803. 680. 566. 406. 282. 188. 112.  31.
898. 829. 782. 624. 570. 425. 345. 250. 150.  77.
