 440.  485.  459.  585.  752. 1009.  712.  379.  129.    0.
463. 478. 493. 602. 726. 729. 786. 482. 191.   0.
 485.  512.  460.  554.  633.  671. 1243.  392.    0.    0.
427. 461. 509. 576. 792. 911. 695. 402. 177.   0.
501. 484. 534. 677. 748. 635. 580. 489. 302.   0.
 489.  473.  537.  629. 1084.  679.  484.  410.  165.    0.
447. 451. 526. 575. 763. 984. 653. 403. 148.   0.
 484.  413.  496.  567.  754. 1135.  688.  269.  144.    0.
730. 868. 979. 709. 572. 447. 311. 226. 105.   3.
930. 816. 747. 652. 518. 454. 382. 275. 137.  39.
931. 823. 699. 646. 561. 467. 337. 262. 178.  46.
463. 473. 498. 625. 882. 723. 683. 415. 188.   0.
 452.  460.  474.  634.  798. 1116.  507.  400.  109.    0.
832. 786. 758. 643. 615. 468. 402. 269. 157.  20.
 456.  434.  508.  521.  594.  702. 1297.  438.    0.    0.
 471.  431.  513.  492.  579.  723. 1304.  437.    0.    0.
 375.  374.  407.  367.  461.  458.  714. 1121.  490.  183.
446. 828. 894. 676. 526. 447. 438. 319. 214. 162.
415. 813. 840. 609. 537. 468. 400. 376. 232. 260.
 374.  420.  447.  647. 1062.  628.  442.  423.  285.  222.
 435.  450.  484.  517.  563.  709. 1409.  383.    0.    0.
 423.  454.  505.  512.  584.  723. 1360.  389.    0.    0.
 451.  464.  465.  512.  563.  720. 1277.  498.    0.    0.
 461.  462.  432.  527.  616.  674. 1478.  300.    0.    0.
 423.  471.  511.  497.  571.  674. 1235.  568.    0.    0.
 425.  438.  477.  541.  585.  707. 1398.  379.    0.    0.
 453.  451.  465.  487.  594.  744. 1419.  337.    0.    0.
 439.  475.  474.  502.  581.  723. 1315.  441.    0.    0.
 435.  457.  491.  489.  605.  730. 1435.  308.    0.    0.
 436.  441.  519.  532.  562.  703. 1250.  507.    0.    0.
