507. 749. 946. 761. 610. 507. 376. 250. 211.  33.
847. 794. 726. 657. 618. 416. 325. 241. 232.  94.
 531.  559.  704. 1037.  610.  574.  354.  373.  208.    0.
 472.  573.  620. 1121.  778.  661.  457.  268.    0.    0.
 416.  475.  517. 1207.  796.  539.  377.  332.  291.    0.
505. 843. 906. 726. 625. 537. 503. 293.  12.   0.
 558.  531.  625.  939. 1093.  956.  188.   60.    0.    0.
478. 492. 825. 937. 779. 476. 348. 301. 314.   0.
421. 472. 507. 559. 805. 860. 584. 681.  61.   0.
465. 709. 984. 796. 634. 515. 449. 296.  96.   6.
5.600e+02 1.163e+03 9.950e+02 7.640e+02 5.770e+02 4.660e+02 2.730e+02
 1.060e+02 4.500e+01 1.000e+00
 478.  451.  478.  506.  831. 1158.  651.  384.   13.    0.
 438.  465.  459.  543.  644. 1046.  812.  467.   76.    0.
444. 532. 785. 724. 707. 614. 531. 451. 162.   0.
506. 632. 600. 803. 688. 609. 523. 297. 235.  57.
 482.  448.  491.  596.  633. 1056. 1042.  202.    0.    0.
 348.  720.  888. 1021.  787.  530.  338.  227.   91.    0.
 412.  474.  485.  517.  607.  809. 1136.  486.   24.    0.
 460.  430.  532.  546.  574. 1098.  895.  411.    4.    0.
 553.  496.  505.  730. 1188.  911.  357.  175.   35.    0.
635. 576. 581. 584. 523. 585. 546. 687. 233.   0.
642. 609. 620. 581. 530. 557. 568. 450. 393.   0.
916. 849. 774. 634. 570. 437. 319. 258. 141.  52.
456. 458. 500. 536. 650. 852. 998. 500.   0.   0.
 428.  520.  497.  557.  641. 1057.  713.  448.   89.    0.
 468.  526.  597. 1034.  943.  595.  326.  379.   82.    0.
888. 888. 741. 604. 593. 480. 369. 246. 107.  34.
466. 540. 569. 894. 997. 637. 463. 318.  66.   0.
899. 766. 669. 616. 585. 429. 360. 319. 250.  57.
