 411.  482.  470.  544.  683. 1089.  744.  434.   93.    0.
444. 485. 520. 632. 970. 771. 519. 414. 195.   0.
451. 435. 501. 564. 623. 864. 842. 585.  85.   0.
440. 485. 493. 548. 607. 934. 665. 705.  73.   0.
446. 468. 532. 584. 952. 729. 536. 380. 323.   0.
 473.  452.  486.  546.  676. 1041.  548.  460.  268.    0.
437. 467. 496. 580. 689. 943. 691. 463. 184.   0.
 439.  483.  519.  511.  637. 1157.  739.  424.   41.    0.
5.540e+02 1.250e+03 1.416e+03 1.009e+03 5.090e+02 1.810e+02 3.000e+01
 1.000e+00 0.000e+00 0.000e+00
457. 457. 522. 530. 741. 845. 681. 565. 152.   0.
 462.  478.  513.  696. 1048.  597.  510.  369.  258.   19.
 501. 1149.  901.  762.  546.  438.  309.  184.  122.   38.
 532. 1013.  832.  770.  596.  471.  345.  296.   95.    0.
 577. 1052.  801.  729.  588.  436.  315.  291.  141.   20.
 565. 1069.  780.  699.  594.  441.  328.  263.  175.   36.
 503. 1017.  816.  719.  594.  461.  387.  308.  145.    0.
791. 970. 732. 607. 528. 374. 349. 365. 188.  46.
 528. 1169.  896.  684.  601.  442.  301.  196.  133.    0.
 517. 1145.  739.  665.  545.  521.  376.  287.  155.    0.
 532. 1120.  786.  667.  600.  418.  392.  275.  160.    0.
 519. 1117.  685.  577.  572.  458.  413.  374.  235.    0.
 527. 1084.  730.  743.  521.  502.  339.  294.  210.    0.
 555. 1019.  644.  725.  607.  417.  304.  388.  291.    0.
 515. 1031.  799.  616.  558.  455.  444.  267.  185.   80.
446. 961. 836. 669. 641. 449. 421. 343. 143.  41.
 496. 1093.  844.  808.  600.  431.  292.  202.  111.   73.
 538. 1020.  810.  729.  626.  388.  322.  261.  181.   75.
 511. 1039.  863.  629.  521.  507.  404.  291.  152.   33.
 541. 1036.  820.  721.  599.  448.  323.  275.  139.   48.
 484. 1076.  874.  786.  546.  502.  275.  220.  125.   62.
495. 990. 856. 693. 631. 421. 370. 212. 207.  75.
 472. 1101.  811.  650.  621.  414.  357.  263.  186.   75.
 525. 1029.  656.  702.  573.  462.  353.  330.  239.   81.
 539. 1148.  869.  767.  615.  421.  276.  203.   83.   29.
 497. 1037.  794.  651.  539.  471.  393.  261.  225.   82.
