 513. 1120.  985.  718.  611.  545.  336.  108.   14.    0.
404. 886. 859. 722. 828. 755. 364. 111.  21.   0.
467. 651. 970. 846. 662. 501. 390. 279. 145.  39.
490. 420. 572. 623. 805. 699. 618. 584. 139.   0.
469. 501. 552. 738. 953. 706. 609. 299. 123.   0.
448. 464. 510. 681. 898. 590. 639. 410. 310.   0.
 444.  480.  541.  781. 1136.  601.  463.  304.  198.    2.
 564. 1039.  852.  758.  648.  405.  314.  199.  140.   31.
556. 983. 859. 624. 559. 463. 397. 296. 173.  40.
627. 955. 841. 671. 695. 456. 291. 200. 175.  39.
614. 968. 809. 678. 489. 539. 439. 251. 139.  24.
 571. 1034.  792.  649.  537.  496.  385.  265.  163.   58.
509. 492. 939. 830. 672. 495. 417. 339. 207.  50.
468. 496. 514. 743. 941. 635. 666. 400.  87.   0.
496. 537. 624. 659. 820. 748. 635. 351.  80.   0.
 444.  491.  551.  625. 1125.  778.  495.  359.   82.    0.
439. 451. 474. 526. 522. 720. 824. 968.  26.   0.
612. 906. 747. 672. 466. 489. 419. 296. 233. 110.
563. 730. 868. 652. 607. 528. 446. 362. 184.  10.
461. 615. 685. 787. 694. 588. 598. 480.  42.   0.
431. 642. 706. 804. 677. 930. 475. 214.  71.   0.
499. 922. 901. 748. 599. 466. 379. 278. 130.  28.
 564.  914. 1055.  859.  721.  387.  193.  171.   86.    0.
 456.  545.  560.  620.  701. 1445.  566.   57.    0.    0.
468. 474. 575. 893. 931. 576. 446. 369. 194.  24.
696. 999. 777. 666. 507. 480. 363. 282. 180.   0.
780. 824. 715. 665. 560. 476. 417. 292. 172.  49.
711. 741. 637. 667. 597. 550. 404. 343. 284.  16.
720. 709. 629. 677. 694. 520. 420. 358. 211.  12.
798. 768. 754. 672. 586. 466. 343. 262. 178. 123.
780. 724. 683. 642. 543. 525. 393. 330. 290.  40.
699. 886. 815. 595. 528. 415. 529. 224. 221.  38.
868. 882. 792. 704. 571. 455. 301. 249. 115.  13.
616. 828. 742. 827. 714. 530. 277. 209. 156.  51.
801. 923. 638. 594. 546. 433. 426. 370. 168.  51.
672. 831. 870. 792. 597. 440. 446. 141. 161.   0.
 431.  452.  511.  537.  618.  786. 1351.  264.    0.    0.
767. 848. 852. 838. 805. 459. 283.  94.   4.   0.
774. 781. 729. 693. 595. 530. 331. 270. 187.  60.
716. 909. 792. 688. 634. 513. 375. 236.  81.   6.
 351.  406.  406.  492.  505.  477.  542. 1316.  363.   92.
250. 513. 900. 802. 861. 720. 481. 286. 137.   0.
275. 571. 756. 774. 784. 709. 514. 370. 143.  54.
389. 779. 800. 667. 463. 464. 495. 489. 346.  58.
319. 725. 827. 821. 678. 637. 519. 300. 120.   4.
257. 621. 745. 742. 949. 825. 589. 166.  45.  11.
437. 611. 891. 718. 664. 503. 542. 124. 264. 196.
270. 594. 836. 810. 760. 730. 446. 361.  98.  45.
280. 502. 748. 771. 678. 757. 508. 467. 178.  61.
