269. 658. 773. 876. 662. 714. 524. 321. 153.   0.
 281.  720.  903. 1010.  772.  662.  369.  186.   47.    0.
 500.  932. 1370. 1088.  608.  311.  127.   14.    0.    0.
 345.  744. 1177. 1081.  782.  589.  207.   25.    0.    0.
 443.  815. 1206. 1045.  699.  462.  219.   61.    0.    0.
 462.  921. 1302. 1122.  635.  335.  137.   36.    0.    0.
 410.  705. 1095. 1148.  678.  571.  297.   46.    0.    0.
 429.  739. 1203. 1097.  721.  521.  172.   68.    0.    0.
 413.  803. 1101. 1108.  771.  475.  206.   73.    0.    0.
 504.  740. 1155. 1223.  610.  443.  212.   63.    0.    0.
 395.  797. 1179.  917.  805.  521.  212.  124.    0.    0.
 403.  647. 1102. 1133.  718.  513.  358.   76.    0.    0.
 454.  852. 1268.  986.  632.  469.  245.   44.    0.    0.
692. 474. 542. 665. 478. 540. 465. 746. 327.  21.
344. 413. 425. 444. 522. 745. 838. 517. 630.  72.
393. 399. 424. 454. 492. 679. 760. 495. 765.  89.
372. 412. 463. 474. 450. 665. 644. 532. 857.  81.
372. 406. 418. 430. 522. 869. 887. 459. 523.  64.
