454. 466. 504. 586. 722. 680. 822. 716.   0.   0.
 470.  424.  502.  635.  740. 1097.  551.  506.   25.    0.
 431.  486.  466.  533.  570.  727. 1282.  455.    0.    0.
 382.  386.  430.  408.  494.  552. 1150.  673.  377.   98.
 299.  752. 1005. 1101.  866.  595.  268.   56.    8.    0.
 541.  679.  892. 1144.  751.  360.  408.  175.    0.    0.
 333.  634.  983. 1045.  832.  654.  302.  147.   20.    0.
 359.  676.  988. 1106.  908.  560.  304.   49.    0.    0.
 276.  711.  949. 1053.  849.  675.  319.  108.   10.    0.
 391.  682.  920. 1204.  734.  544.  343.  128.    4.    0.
335. 507. 722. 753. 896. 757. 703. 277.   0.   0.
 307.  609.  726. 1058.  850.  617.  472.  248.   63.    0.
441. 706. 805. 652. 507. 572. 515. 545. 165.  42.
366. 698. 718. 901. 912. 637. 323. 265. 116.  14.
349. 649. 814. 765. 909. 721. 529. 214.   0.   0.
439. 954. 836. 649. 534. 497. 395. 278. 211. 157.
315. 576. 688. 833. 964. 630. 531. 330.  71.  12.
420. 659. 864. 791. 767. 640. 566. 243.   0.   0.
502. 745. 809. 614. 403. 437. 694. 572. 174.   0.
