 354.  381.  434.  475.  464.  505. 1002.  815.  447.   73.
426. 484. 610. 711. 759. 764. 564. 353. 253.  26.
433. 599. 662. 769. 724. 516. 421. 433. 297.  96.
445. 866. 892. 719. 578. 518. 329. 190. 221. 192.
731. 846. 735. 567. 490. 492. 396. 333. 255. 105.
 359.  390.  433.  446.  483.  543. 1025.  809.  407.   55.
 437.  473.  499.  524.  536.  691. 1329.  461.    0.    0.
 447.  442.  482.  489.  601.  747. 1275.  467.    0.    0.
669. 947. 802. 680. 543. 478. 357. 208. 178.  88.
559. 987. 913. 737. 581. 496. 368. 171. 127.  11.
825. 838. 738. 612. 489. 484. 410. 291. 192.  71.
531. 981. 941. 737. 587. 423. 325. 254. 161.  10.
 477.  438.  516.  490.  563.  746. 1329.  391.    0.    0.
 465.  484.  505.  521.  602.  687. 1252.  434.    0.    0.
