919. 820. 686. 605. 514. 441. 376. 293. 228.  68.
971. 816. 694. 665. 594. 429. 344. 299. 119.  19.
1001.  784.  648.  579.  474.  463.  439.  337.  175.   50.
1002.  891.  726.  671.  556.  458.  348.  200.   74.   24.
935. 855. 771. 650. 533. 471. 333. 222. 142.  38.
941. 770. 633. 535. 546. 437. 449. 313. 242.  84.
953. 929. 833. 707. 537. 414. 297. 150.  99.  31.
927. 910. 771. 648. 544. 464. 333. 213.  97.  43.
987. 929. 832. 670. 528. 426. 299. 183.  72.  24.
1003.  902.  719.  575.  504.  441.  356.  275.  132.   43.
351. 425. 473. 454. 490. 830. 588. 498. 672. 169.
893. 793. 704. 623. 544. 478. 367. 264. 184. 100.
974. 785. 664. 637. 530. 461. 357. 216. 210. 116.
946. 882. 761. 666. 563. 437. 315. 224. 126.  30.
936. 851. 829. 654. 508. 483. 335. 208. 109.  37.
967. 822. 758. 563. 559. 453. 392. 280. 129.  27.
933. 854. 749. 620. 518. 464. 394. 242. 128.  48.
962. 907. 773. 701. 515. 447. 321. 206.  96.  22.
945. 829. 745. 733. 538. 417. 332. 213. 167.  31.
888. 789. 649. 586. 486. 474. 387. 349. 236. 106.
879. 821. 754. 609. 521. 465. 375. 293. 151.  82.
382. 418. 385. 466. 454. 941. 511. 491. 675. 227.
972. 886. 779. 672. 556. 453. 341. 172.  85.  34.
896. 875. 795. 626. 554. 443. 376. 206. 112.  67.
997. 894. 794. 701. 578. 383. 321. 180.  88.  14.
961. 791. 563. 427. 431. 432. 490. 445. 270. 140.
1000.  829.  731.  580.  543.  451.  403.  264.  124.   25.
906. 808. 747. 653. 572. 437. 310. 265. 178.  74.
944. 850. 783. 602. 488. 460. 363. 241. 160.  59.
906. 817. 690. 620. 570. 476. 345. 275. 173.  78.
992. 911. 730. 665. 571. 371. 352. 214. 123.  21.
949. 832. 786. 642. 537. 478. 366. 183. 128.  49.
413. 413. 409. 474. 512. 967. 507. 458. 582. 215.
918. 827. 728. 555. 505. 494. 397. 293. 191.  42.
992. 792. 735. 580. 499. 500. 368. 280. 175.  29.
998. 857. 860. 686. 532. 451. 242. 170. 132.  22.
932. 890. 735. 649. 541. 459. 341. 250. 117.  36.
946. 773. 757. 702. 523. 455. 339. 222. 191.  42.
945. 853. 692. 611. 556. 453. 381. 284. 135.  40.
971. 842. 715. 638. 550. 454. 376. 259. 116.  29.
894. 737. 765. 655. 531. 468. 346. 233. 224.  97.
949. 818. 618. 597. 503. 453. 419. 372. 182.  39.
953. 830. 677. 619. 494. 504. 399. 295. 135.  44.
416. 428. 401. 476. 579. 966. 582. 337. 550. 215.
911. 848. 750. 657. 506. 470. 331. 229. 169.  79.
934. 795. 663. 640. 557. 426. 370. 326. 182.  57.
900. 800. 697. 604. 496. 464. 393. 281. 221.  94.
929. 920. 756. 644. 548. 469. 294. 228. 118.  44.
930. 811. 666. 592. 523. 444. 370. 333. 213.  68.
950. 902. 831. 719. 534. 407. 283. 176. 110.  38.
919. 854. 786. 652. 540. 437. 346. 194. 169.  53.
1046.  915.  789.  684.  570.  420.  268.  178.   74.    6.
918. 882. 810. 631. 553. 417. 358. 196. 133.  52.
977. 896. 764. 626. 557. 456. 360. 211.  89.  14.
354. 439. 464. 433. 456. 912. 525. 504. 710. 153.
