 437.  444.  485.  513.  569.  714. 1333.  455.    0.    0.
 479.  418.  483.  551.  537.  729. 1274.  479.    0.    0.
 435.  464.  459.  509.  587.  734. 1300.  462.    0.    0.
 412.  486.  455.  541.  594.  717. 1266.  479.    0.    0.
 422.  454.  471. 1160.  769.  555.  468.  345.  222.   84.
 464.  489. 1119.  706.  676.  466.  376.  264.  214.  176.
470. 750. 964. 662. 563. 465. 406. 321. 201. 148.
 687. 1075.  844.  687.  558.  452.  304.  180.  102.   61.
942. 889. 808. 673. 533. 461. 332. 193.  89.  30.
468. 449. 741. 838. 769. 586. 282. 269. 214. 334.
933. 900. 780. 649. 545. 453. 334. 212. 109.  35.
 498. 1050.  760.  637.  716.  474.  250.  212.  184.  169.
 446.  456.  513. 1048.  659.  495.  442.  462.  226.  203.
 418.  435.  469. 1219.  703.  559.  422.  334.  221.  170.
 431.  484.  521.  606. 1157.  695.  434.  360.  262.    0.
344. 395. 416. 452. 550. 832. 809. 450. 596. 106.
 398.  425.  464. 1000.  602.  482.  461.  449.  371.  298.
450. 342. 559. 481. 398. 708. 602. 465. 790. 155.
363. 445. 414. 447. 496. 814. 718. 483. 636. 134.
398. 459. 408. 478. 501. 659. 619. 539. 787. 102.
388. 432. 404. 409. 495. 674. 555. 485. 890. 218.
360. 397. 416. 451. 428. 876. 772. 556. 552. 142.
384. 412. 430. 495. 518. 726. 644. 434. 736. 171.
381. 371. 488. 456. 553. 869. 870. 447. 472.  43.
381. 396. 450. 455. 445. 743. 702. 547. 748.  83.
349. 422. 443. 428. 471. 831. 726. 536. 642. 102.
351. 403. 432. 455. 475. 790. 684. 561. 688. 111.
340. 418. 439. 446. 571. 765. 731. 464. 652. 124.
407. 422. 401. 856. 844. 557. 466. 452. 309. 236.
 382.  385.  447.  431.  478. 1065.  529.  428.  622.  183.
380. 387. 447. 450. 490. 747. 663. 495. 784. 107.
379. 417. 424. 452. 463. 891. 852. 440. 493. 139.
 490. 1077.  613.  578.  492.  407.  455.  375.  318.  145.
355. 375. 458. 496. 505. 758. 684. 445. 765. 109.
379. 392. 475. 444. 520. 720. 731. 440. 766.  83.
409. 439. 420. 451. 493. 794. 542. 450. 752. 200.
397. 427. 443. 499. 731. 857. 553. 374. 521. 148.
400. 372. 487. 395. 907. 811. 559. 453. 398. 168.
 399.  351.  455.  510.  539. 1178.  618.  354.  432.  114.
413. 420. 454. 494. 421. 677. 561. 522. 815. 173.
387. 409. 410. 490. 512. 827. 753. 519. 589.  54.
436. 705. 857. 622. 476. 458. 421. 375. 285. 315.
438. 743. 858. 641. 536. 451. 418. 351. 308. 206.
384. 392. 432. 489. 499. 770. 790. 480. 605. 109.
326. 426. 425. 444. 514. 890. 699. 471. 616. 139.
358. 427. 467. 472. 471. 819. 681. 494. 657. 104.
374. 361. 386. 501. 503. 834. 757. 498. 569. 167.
365. 404. 388. 485. 448. 813. 778. 511. 619. 139.
415. 383. 410. 398. 382. 797. 654. 556. 731. 224.
431. 427. 509. 429. 548. 713. 644. 424. 696. 129.
381. 385. 424. 377. 512. 805. 743. 483. 683. 157.
407. 413. 436. 467. 487. 830. 689. 457. 644. 120.
356. 430. 454. 469. 508. 740. 669. 484. 723. 117.
361. 384. 422. 505. 510. 812. 712. 490. 664.  90.
365. 369. 402. 491. 540. 819. 722. 380. 712. 150.
358. 422. 438. 506. 495. 889. 783. 457. 506.  96.
359. 403. 437. 495. 533. 847. 689. 434. 632. 121.
345. 432. 407. 437. 505. 761. 698. 470. 723. 172.
 382.  395.  438.  488. 1041.  789.  511.  332.  381.  193.
416. 393. 415. 468. 476. 901. 834. 500. 489.  58.
385. 341. 439. 514. 457. 829. 724. 518. 658.  85.
381. 396. 407. 438. 404. 908. 773. 577. 523. 143.
344. 429. 407. 424. 515. 810. 758. 513. 645. 105.
395. 366. 424. 444. 474. 770. 710. 531. 689. 147.
382. 438. 417. 425. 462. 731. 641. 445. 820. 189.
372. 352. 426. 508. 461. 788. 770. 465. 690. 118.
359. 425. 455. 408. 484. 838. 811. 494. 590.  86.
351. 393. 472. 469. 469. 717. 660. 465. 843. 111.
362. 384. 432. 442. 508. 843. 744. 483. 647. 105.
367. 389. 447. 494. 551. 803. 800. 449. 597.  53.
352. 381. 440. 499. 520. 765. 725. 424. 756.  88.
350. 405. 483. 408. 515. 439. 830. 869. 585.  66.
