 358.  377.  423.  482.  461.  485.  561. 1350.  357.   96.
 333.  396.  421.  485.  499.  531.  530. 1368.  322.   65.
 406.  395.  435.  375.  489.  677. 1016.  496.  551.  110.
922. 795. 716. 635. 532. 483. 330. 287. 201.  49.
974. 795. 706. 720. 577. 390. 316. 282. 156.  34.
949. 894. 765. 639. 554. 453. 354. 207. 110.  25.
944. 829. 795. 673. 505. 474. 319. 208. 166.  37.
958. 780. 735. 745. 599. 402. 279. 228. 159.  65.
 436.  511. 1118.  525.  482.  431.  442.  434.  296.  275.
410. 463. 902. 866. 628. 535. 419. 279. 207. 241.
647. 708. 631. 569. 608. 661. 575. 364. 166.  21.
390. 414. 488. 884. 734. 561. 468. 358. 376. 277.
 416.  456. 1215.  755.  586.  499.  368.  314.  193.  148.
439. 500. 872. 879. 663. 528. 354. 282. 239. 194.
404. 445. 464. 893. 721. 524. 522. 379. 295. 303.
691. 539. 605. 711. 511. 531. 653. 419. 212.  78.
 359.  376.  402.  462.  498.  516.  527. 1348.  361.  101.
619. 989. 768. 713. 610. 465. 297. 233. 173.  83.
 585. 1080.  831.  756.  599.  443.  290.  197.  104.   65.
 649. 1024.  820.  706.  594.  436.  340.  235.  118.   28.
 599. 1013.  946.  691.  556.  449.  338.  175.  135.   48.
