948. 813. 668. 661. 536. 409. 410. 324. 157.  24.
892. 890. 768. 669. 535. 453. 335. 236. 148.  24.
471. 510. 803. 975. 656. 494. 443. 339. 197.  62.
465. 804. 819. 588. 444. 439. 456. 375. 284. 276.
791. 817. 702. 673. 544. 407. 406. 312. 200.  98.
495. 919. 724. 617. 502. 448. 388. 314. 214. 329.
510. 622. 820. 911. 722. 522. 477. 267.  98.   1.
865. 868. 714. 657. 523. 465. 344. 299. 163.  52.
 371.  768.  953. 1046.  877.  548.  257.   95.   33.    2.
445. 614. 986. 829. 644. 415. 406. 265. 306.  40.
939. 922. 787. 727. 581. 400. 261. 180. 123.  30.
801. 928. 726. 722. 599. 423. 316. 250. 142.  43.
 512.  526.  594. 1145.  840.  565.  521.  189.   58.    0.
 425.  461.  493.  562.  682. 1083.  799.  392.   53.    0.
548. 701. 652. 767. 963. 858. 444.  17.   0.   0.
 497.  486.  489.  540.  619. 1036.  761.  463.   59.    0.
 633. 1053.  735.  596.  513.  503.  400.  318.  137.   62.
 496.  710.  604. 1134. 1014.  560.  323.  109.    0.    0.
 445.  463.  457.  554.  702. 1027.  723.  473.  106.    0.
 452.  837. 1019.  906.  667.  508.  214.  177.  170.    0.
541. 838. 907. 683. 550. 516. 427. 296. 161.  31.
665. 868. 602. 526. 548. 586. 515. 403. 193.  44.
 461.  492.  530.  729. 1147.  630.  503.  370.   88.    0.
425. 481. 495. 502. 684. 953. 795. 566.  49.   0.
 432.  430.  479.  539.  624. 1098.  733.  494.  121.    0.
 474.  590. 1108.  775.  635.  530.  483.  269.   86.    0.
 445.  498.  512.  574.  630. 1000.  870.  421.    0.    0.
437. 672. 876. 693. 721. 704. 476. 294.  77.   0.
469. 507. 727. 810. 771. 891. 748.  27.   0.   0.
 467.  854.  984. 1071.  776.  386.  331.   81.    0.    0.
5.120e+02 1.148e+03 8.420e+02 6.470e+02 5.600e+02 4.800e+02 3.920e+02
 2.310e+02 1.370e+02 1.000e+00
 504. 1056.  788.  617.  524.  507.  403.  315.  236.    0.
 500. 1011.  716.  665.  590.  435.  341.  366.  252.   74.
485. 461. 492. 548. 726. 905. 759. 470. 104.   0.
 520. 1031.  798.  687.  546.  497.  357.  306.  208.    0.
650. 824. 750. 627. 524. 500. 404. 402. 252.  17.
 593.  588.  631.  629. 1014.  504.  394.  457.  140.    0.
800. 760. 673. 616. 562. 491. 427. 351. 212.  58.
519. 955. 789. 491. 489. 397. 418. 391. 233. 268.
806. 794. 772. 766. 733. 593. 334. 136.  16.   0.
 441.  461.  472.  475.  570.  744. 1346.  441.    0.    0.
 466.  479.  496.  502.  554.  749. 1281.  423.    0.    0.
385. 442. 495. 536. 876. 886. 487. 588. 255.   0.
265. 678. 762. 911. 903. 642. 454. 255.  69.  11.
 233.  671.  842. 1007.  892.  596.  487.  198.   24.    0.
280. 599. 557. 689. 881. 821. 620. 391. 107.   5.
383. 746. 545. 527. 581. 832. 927. 402.   7.   0.
362. 731. 719. 957. 969. 699. 328. 124.  57.   4.
448. 484. 504. 632. 888. 604. 560. 642. 188.   0.
548. 991. 821. 623. 545. 432. 443. 269. 154. 124.
508. 538. 829. 913. 692. 471. 392. 358. 220.  29.
 479.  693. 1044.  756.  597.  472.  350.  259.  218.   82.
 763. 1021.  849.  690.  564.  455.  281.  202.   73.   52.
 508. 1023.  790.  680.  595.  492.  346.  259.  200.   57.
494. 713. 990. 709. 527. 492. 441. 267. 263.  54.
469. 731. 898. 745. 604. 535. 343. 295. 257.  73.
 464.  993. 1009.  733.  595.  465.  335.  228.   97.   31.
 477.  538. 1064.  719.  602.  514.  401.  254.  231.  150.
407. 468. 491. 511. 748. 487. 494. 530. 713. 101.
 396.  423.  471.  493. 1028.  581.  522.  452.  358.  226.
 602. 1049.  829.  677.  582.  454.  392.  205.  132.   28.
378. 424. 431. 504. 466. 995. 626. 628. 427.  71.
 370.  403.  415.  515.  533.  501.  838. 1019.  312.   44.
 382.  472.  428.  485.  456.  603. 1039.  800.  274.   11.
655. 992. 767. 561. 516. 493. 441. 329. 171.  25.
816. 849. 669. 552. 496. 470. 464. 314. 222.  98.
823. 812. 630. 550. 477. 419. 380. 351. 296. 212.
 505.  470. 1062.  844.  656.  473.  413.  307.  137.   83.
 438.  521.  585. 1114.  663.  606.  456.  331.  198.   38.
642. 924. 752. 655. 496. 506. 388. 287. 197. 103.
 412.  451.  528. 1028.  823.  590.  412.  324.  344.   38.
901. 911. 764. 599. 517. 415. 347. 276. 145.  75.
894. 759. 685. 631. 614. 457. 307. 228. 212. 163.
 435.  482.  505. 1091.  684.  587.  414.  249.  306.  197.
356. 567. 927. 901. 724. 521. 347. 262. 185. 160.
436. 433. 566. 975. 565. 457. 502. 347. 234. 435.
383. 522. 960. 999. 666. 502. 384. 267. 190.  77.
 423.  477.  541. 1198.  700.  605.  373.  277.  214.  142.
409. 523. 879. 845. 654. 467. 387. 409. 264. 113.
 405.  421.  523. 1120.  767.  573.  375.  240.  272.  254.
414. 555. 920. 950. 761. 461. 339. 295. 159.  96.
406. 458. 536. 975. 573. 516. 404. 399. 304. 379.
415. 534. 869. 873. 697. 479. 407. 307. 237. 132.
 413.  440.  545. 1003.  567.  419.  554.  305.  333.  371.
405. 557. 916. 977. 743. 487. 331. 282. 179.  73.
 393.  477.  569. 1153.  687.  542.  405.  263.  251.  210.
422. 550. 816. 889. 873. 468. 278. 246. 281. 127.
400. 580. 606. 886. 828. 758. 500. 375.  17.   0.
 411.  483.  500.  509.  597.  717. 1292.  441.    0.    0.
 437.  471.  453.  522.  611.  699. 1347.  410.    0.    0.
