335. 675. 976. 838. 831. 636. 438. 194.  27.   0.
241. 598. 844. 873. 781. 690. 522. 178. 221.   2.
804. 924. 825. 670. 555. 491. 319. 193. 143.  26.
320. 767. 753. 841. 838. 707. 444. 247.  33.   0.
256. 557. 666. 902. 811. 780. 498. 239. 241.   0.
262. 393. 580. 877. 815. 550. 689. 485. 209.  90.
746. 894. 773. 621. 572. 435. 392. 261. 192.  64.
 343.  728.  987. 1040.  772.  616.  303.  150.   11.    0.
246. 606. 736. 896. 797. 826. 475. 243. 121.   4.
261. 385. 710. 837. 716. 606. 676. 460. 247.  52.
459. 850. 892. 623. 720. 632. 505. 234.  35.   0.
480. 817. 695. 673. 671. 433. 508. 502. 171.   0.
491. 888. 681. 686. 552. 632. 549. 373.  98.   0.
610. 821. 714. 728. 700. 341. 418. 316. 259.  43.
1146.  841.  556.  601.  239.  426.  536.   76.  362.  167.
