886. 798. 634. 527. 496. 447. 420. 381. 271.  90.
914. 906. 741. 697. 537. 447. 340. 210. 124.  34.
997. 860. 673. 676. 601. 465. 288. 225. 124.  41.
933. 796. 706. 604. 467. 454. 395. 285. 218.  92.
518. 947. 892. 659. 559. 469. 390. 282. 160.  74.
929. 854. 739. 619. 535. 442. 374. 266. 144.  48.
902. 818. 716. 600. 568. 440. 374. 292. 182.  58.
918. 806. 794. 685. 496. 480. 352. 222. 146.  51.
960. 926. 803. 699. 543. 438. 295. 169.  97.  20.
932. 769. 712. 646. 579. 413. 345. 316. 197.  41.
926. 846. 787. 646. 542. 428. 322. 208. 157.  88.
899. 887. 740. 653. 563. 436. 316. 240. 142.  74.
901. 851. 776. 655. 517. 458. 350. 239. 126.  77.
925. 787. 788. 604. 533. 499. 329. 260. 189.  36.
975. 778. 747. 699. 537. 433. 336. 212. 160.  73.
915. 768. 720. 643. 559. 457. 343. 270. 213.  62.
898. 820. 746. 640. 542. 466. 339. 258. 175.  66.
909. 848. 712. 599. 499. 481. 378. 277. 190.  57.
990. 873. 813. 681. 533. 401. 310. 171. 132.  46.
924. 827. 762. 665. 530. 454. 321. 252. 150.  65.
909. 786. 718. 614. 523. 473. 364. 293. 220.  50.
974. 874. 704. 557. 507. 413. 372. 310. 178.  61.
975. 900. 761. 677. 559. 434. 340. 203.  87.  14.
973. 822. 799. 694. 510. 479. 329. 194. 115.  35.
939. 738. 702. 627. 528. 501. 337. 239. 249.  90.
914. 912. 782. 664. 532. 453. 333. 220. 108.  32.
909. 828. 791. 676. 578. 416. 318. 194. 146.  94.
967. 814. 720. 614. 544. 462. 390. 266. 152.  21.
941. 840. 665. 614. 569. 443. 361. 286. 166.  65.
1030.  847.  766.  666.  526.  386.  340.  216.  140.   33.
898. 789. 734. 618. 564. 450. 352. 285. 181.  79.
 428.  504.  524. 1081.  696.  523.  445.  330.  329.   90.
 435.  484.  517. 1207.  763.  526.  418.  309.  234.   57.
374. 463. 443. 924. 720. 581. 436. 378. 295. 336.
 407.  438.  459. 1035.  773.  575.  403.  293.  260.  307.
799. 850. 740. 632. 467. 502. 430. 269. 180.  81.
738. 867. 643. 690. 505. 472. 398. 303. 208. 126.
 439.  347.  549. 1006.  562.  474.  472.  306.  380.  415.
331. 393. 452. 423. 447. 527. 946. 903. 408. 120.
368. 385. 405. 509. 472. 484. 826. 984. 411. 106.
