513. 777. 947. 856. 556. 508. 369. 218. 197.   9.
 594.  940. 1111.  965.  517.  445.  189.  120.   66.    3.
436. 565. 751. 776. 751. 972. 650.  49.   0.   0.
439. 502. 848. 675. 739. 982. 619. 146.   0.   0.
486. 711. 591. 559. 449. 570. 653. 731. 200.   0.
501. 744. 601. 614. 585. 556. 533. 668. 148.   0.
 461.  435.  463.  544.  617.  699. 1090.  641.    0.    0.
 481.  421.  445.  476.  585.  823. 1153.  566.    0.    0.
783. 695. 624. 592. 587. 530. 428. 330. 257. 124.
939. 843. 749. 670. 567. 419. 314. 260. 143.  46.
909. 793. 678. 624. 540. 442. 376. 324. 195.  69.
426. 513. 534. 688. 700. 547. 466. 449. 464. 163.
470. 468. 472. 700. 791. 620. 483. 432. 346. 168.
399. 633. 843. 741. 656. 599. 527. 361. 173.  18.
403. 550. 758. 635. 554. 706. 504. 536. 277.  27.
437. 503. 564. 812. 764. 587. 394. 350. 523.  16.
401. 473. 630. 838. 763. 717. 465. 308. 336.  19.
402. 707. 841. 937. 805. 772. 388.  98.   0.   0.
505. 563. 806. 922. 876. 845. 330.  97.   6.   0.
525. 644. 626. 897. 990. 713. 428. 125.   2.   0.
482. 582. 771. 977. 967. 746. 319. 102.   4.   0.
520. 609. 804. 928. 944. 621. 437.  86.   1.   0.
 440.  493.  618. 1013.  889.  581.  405.  310.  166.   35.
467. 527. 628. 847. 658. 576. 542. 409. 245.  51.
 432.  481.  480.  533.  588.  721. 1269.  446.    0.    0.
 484.  458.  530.  453.  550.  711. 1310.  454.    0.    0.
 450.  454.  454.  509.  535.  774. 1364.  410.    0.    0.
 435.  486.  478.  507.  572.  722. 1295.  455.    0.    0.
 526.  671. 1047.  758.  632.  477.  343.  226.  185.   85.
647. 696. 727. 565. 445. 467. 446. 349. 400. 208.
 382.  418.  436.  526.  500.  575. 1062.  826.  225.    0.
 407.  385.  455.  535.  492.  555. 1086.  825.  210.    0.
 562.  577. 1273.  887.  585.  496.  234.  196.  115.   25.
958. 738. 616. 567. 520. 452. 438. 386. 224.  51.
929. 882. 760. 644. 547. 483. 360. 224. 102.  19.
 652. 1026.  788.  630.  527.  477.  376.  290.  149.   35.
 699. 1058.  804.  706.  591.  451.  295.  196.  114.   36.
674. 977. 718. 622. 541. 478. 387. 340. 152.  61.
741. 941. 680. 564. 505. 472. 471. 366. 182.  28.
447. 502. 530. 637. 915. 737. 438. 459. 285.   0.
455. 447. 493. 596. 923. 795. 642. 326. 273.   0.
785. 838. 745. 632. 600. 453. 329. 246. 199. 123.
904. 935. 814. 715. 541. 391. 291. 186. 119.  54.
442. 502. 516. 521. 595. 973. 688. 377. 270.  66.
 401.  433.  529.  537.  650. 1070.  840.  346.  100.   44.
739. 785. 673. 671. 600. 555. 441. 290. 153.  43.
397. 466. 640. 935. 566. 496. 438. 393. 304. 315.
420. 500. 582. 866. 588. 504. 427. 366. 334. 363.
385. 657. 950. 810. 703. 712. 427. 217.  79.  10.
441. 597. 959. 781. 729. 720. 454. 207.  58.   4.
393. 453. 666. 973. 627. 553. 405. 358. 245. 277.
 441.  390.  610. 1067.  661.  528.  385.  395.  316.  157.
460. 501. 613. 802. 791. 517. 488. 384. 296.  98.
468. 428. 564. 711. 708. 508. 449. 442. 407. 265.
820. 816. 734. 601. 491. 474. 391. 263. 251. 109.
822. 850. 651. 571. 491. 464. 415. 359. 236.  91.
491. 476. 440. 483. 484. 534. 527. 993. 434.  88.
484. 480. 536. 549. 479. 597. 475. 976. 330.  44.
1026.  879.  651.  548.  576.  546.  413.  217.   83.   11.
927. 782. 682. 616. 480. 450. 401. 324. 212.  76.
1036.  810.  650.  613.  565.  458.  400.  298.  109.   11.
1022.  827.  523.  589.  493.  389.  398.  402.  268.   39.
955. 757. 865. 639. 501. 456. 430. 147. 178.  22.
845. 894. 667. 680. 531. 405. 424. 263. 151.  90.
461. 401. 994. 645. 554. 987. 521. 295.  88.   4.
418. 498. 940. 824. 567. 881. 493. 217. 101.  11.
 555.  540. 1131.  836.  704.  464.  291.  201.  159.   69.
 536.  533. 1151.  757.  689.  438.  307.  261.  204.   74.
 578.  587. 1108.  783.  628.  432.  307.  294.  171.   62.
 575.  502. 1069.  776.  606.  451.  417.  305.  195.   54.
968. 797. 631. 668. 529. 462. 383. 306. 167.  39.
935. 884. 777. 692. 565. 421. 321. 205. 132.  18.
579. 543. 578. 529. 482. 530. 542. 685. 482.   0.
612. 569. 519. 513. 495. 483. 584. 743. 432.   0.
963. 851. 758. 708. 587. 407. 278. 249. 129.  20.
904. 780. 740. 580. 577. 447. 355. 324. 168.  75.
634. 577. 602. 565. 594. 566. 530. 636. 246.   0.
557. 566. 515. 533. 538. 537. 544. 698. 462.   0.
