 471.  467.  547. 1001.  857.  588.  444.  277.  255.   43.
508. 664. 935. 659. 531. 490. 510. 419. 196.  38.
402. 491. 561. 600. 998. 769. 489. 515. 125.   0.
490. 610. 991. 810. 614. 530. 342. 296. 207.  60.
433. 487. 457. 463. 750. 891. 701. 555. 213.   0.
 495.  591. 1098.  844.  660.  491.  334.  229.  170.   38.
450. 459. 488. 582. 949. 776. 496. 489. 261.   0.
 606. 1062.  779.  663.  579.  394.  372.  262.  164.   69.
 955. 1003.  838.  712.  542.  391.  255.  158.   68.   28.
429. 424. 516. 856. 885. 693. 406. 354. 387.   0.
812. 843. 712. 700. 599. 432. 344. 273. 186.  49.
887. 826. 776. 696. 564. 429. 326. 229. 126.  91.
536. 860. 873. 699. 599. 482. 312. 272. 206. 111.
4.090e+02 5.600e+02 6.660e+02 1.031e+03 8.350e+02 6.490e+02 5.540e+02
 2.450e+02 1.000e+00 0.000e+00
821. 812. 793. 644. 563. 419. 390. 262. 133. 113.
750. 785. 826. 666. 598. 440. 348. 328. 193.  16.
272. 646. 875. 925. 995. 786. 349. 102.   0.   0.
 447.  969. 1073.  797.  586.  425.  351.  162.  114.   26.
