 447.  434.  478.  529.  567.  733. 1252.  510.    0.    0.
 436.  474.  484.  523.  602.  896. 1002.  533.    0.    0.
 443.  471.  505.  543.  692. 1114.  686.  403.   93.    0.
 442.  477.  490.  607. 1118.  887.  444.  355.  130.    0.
 464.  450.  458.  500.  594.  764. 1324.  396.    0.    0.
 447.  431.  493.  540.  650.  894. 1025.  470.    0.    0.
 457.  457.  463.  538.  680. 1339.  536.  371.  109.    0.
492. 475. 520. 630. 847. 700. 631. 407. 248.   0.
 436.  472.  464.  535.  598.  683. 1259.  503.    0.    0.
 488.  476.  478.  513.  558. 1077. 1061.  299.    0.    0.
 452.  478.  499.  553.  695. 1207.  667.  360.   39.    0.
467. 454. 526. 639. 969. 876. 460. 350. 209.   0.
 434.  462.  476.  522.  562.  730. 1335.  429.    0.    0.
477. 415. 491. 530. 631. 913. 899. 594.   0.   0.
 455.  458.  496.  554.  741. 1048.  741.  387.   70.    0.
445. 468. 506. 636. 915. 743. 590. 459. 188.   0.
