387. 439. 460. 444. 515. 546. 873. 732. 492.  62.
347. 408. 434. 451. 501. 563. 933. 716. 538.  59.
364. 425. 426. 447. 565. 538. 903. 751. 484.  47.
425. 410. 599. 596. 725. 889. 653. 372. 201.  80.
423. 443. 560. 852. 688. 925. 570. 353. 114.  22.
462. 595. 602. 647. 828. 665. 535. 327. 217.  72.
475. 527. 601. 829. 810. 639. 557. 287. 168.  57.
 476. 1025.  734.  639.  597.  489.  340.  259.  231.  160.
 446. 1016.  850.  664.  585.  484.  323.  279.  147.  156.
453. 835. 876. 637. 535. 457. 417. 350. 219. 171.
 477. 1091.  841.  697.  571.  489.  294.  244.  145.  101.
 401.  435.  823. 1050.  751.  571.  680.  237.    2.    0.
 424.  478. 1099.  632.  505.  471.  417.  414.  269.  241.
 401.  468. 1184.  738.  638.  485.  401.  259.  193.  183.
 462. 1126.  843.  708.  587.  446.  324.  218.  146.   90.
 478. 1007.  717.  678.  595.  465.  350.  268.  215.  177.
460. 913. 788. 643. 518. 467. 378. 326. 279. 178.
 494. 1100.  964.  708.  580.  429.  282.  220.  105.   68.
383. 447. 645. 960. 767. 668. 685. 385.  10.   0.
 488.  434. 1030.  566.  484.  394.  456.  455.  284.  359.
 426.  411. 1104.  703.  574.  516.  404.  357.  162.  293.
