462. 579. 594. 783. 852. 568. 436. 434. 221.  21.
999. 772. 638. 631. 524. 524. 318. 300. 196.  48.
2486.    0.    0.    0.    0.    0.    0.    0.    0. 2464.
910. 851. 764. 722. 567. 428. 356. 211. 117.  24.
 785.  646.  517.  295.  219.   45.  270.  991. 1182.    0.
784. 750. 663. 591. 570. 542. 507. 361. 167.  15.
785. 749. 669. 614. 564. 506. 483. 356. 217.   7.
945. 861. 735. 628. 576. 450. 362. 219. 152.  22.
938. 817. 774. 647. 590. 416. 368. 237. 117.  46.
906. 830. 695. 556. 475. 463. 456. 331. 153.  85.
879. 897. 660. 671. 524. 462. 389. 278. 154.  36.
844. 779. 691. 549. 526. 443. 410. 401. 208.  99.
 672. 1094.  844.  738.  600.  406.  287.  181.  101.   27.
623. 806. 851. 811. 578. 486. 400. 265. 130.   0.
669. 938. 754. 687. 548. 476. 359. 244. 199.  76.
887. 766. 689. 635. 544. 453. 333. 313. 255.  75.
539. 821. 843. 753. 667. 440. 331. 319. 197.  40.
552. 526. 806. 999. 709. 458. 306. 330. 258.   6.
774. 921. 741. 660. 581. 417. 381. 283. 144.  48.
470. 598. 567. 651. 665. 431. 394. 630. 494.  50.
732. 982. 816. 706. 569. 443. 316. 261. 113.  12.
883. 934. 797. 675. 584. 421. 334. 198. 106.  18.
 769. 1012.  780.  694.  576.  439.  343.  221.   96.   20.
858. 931. 773. 613. 565. 463. 362. 227. 127.  31.
855. 847. 794. 636. 558. 436. 357. 225. 162.  80.
852. 893. 706. 606. 528. 470. 398. 278. 158.  61.
718. 950. 813. 683. 607. 432. 300. 234. 162.  51.
906. 762. 639. 619. 470. 473. 405. 336. 247.  93.
963. 867. 751. 689. 581. 412. 272. 188. 162.  65.
876. 820. 751. 644. 557. 450. 373. 271. 161.  47.
867. 696. 715. 666. 422. 478. 452. 263. 245. 146.
878. 785. 770. 693. 530. 483. 350. 230. 178.  53.
560. 489. 535. 537. 494. 554. 640. 959. 182.   0.
826. 801. 708. 637. 598. 474. 341. 321. 190.  54.
861. 794. 702. 611. 532. 496. 414. 313. 201.  26.
984. 793. 633. 504. 474. 499. 484. 333. 193.  53.
242. 587. 629. 773. 698. 723. 617. 379. 302.   0.
329. 787. 879. 918. 842. 771. 292. 118.  14.   0.
282. 717. 618. 686. 853. 882. 666. 246.   0.   0.
281. 624. 682. 833. 872. 724. 491. 313.  86.  44.
328. 709. 844. 967. 752. 645. 300. 249. 132.  24.
236. 672. 809. 934. 916. 659. 393. 221.  90.  20.
 235.  722.  550.  669.  884. 1160.  555.  175.    0.    0.
233. 574. 702. 724. 867. 853. 558. 280. 116.  43.
370. 851. 796. 762. 811. 567. 371. 238. 184.   0.
