 411.  482.  475.  567.  728.  808. 1186.  293.    0.    0.
 474.  543.  565.  587.  679. 1088.  942.   72.    0.    0.
 676. 1365. 1204.  678.  377.  288.  231.  109.   22.    0.
 562.  991. 1191.  957.  536.  368.  170.  144.   31.    0.
426. 454. 667. 946. 769. 761. 521. 361.  45.   0.
 381.  876.  990. 1074.  845.  501.  213.   70.    0.    0.
 412.  480.  466.  499.  591.  741. 1310.  451.    0.    0.
 430.  438.  470.  538.  593.  735. 1305.  441.    0.    0.
 455.  540.  546.  564.  668. 1021. 1020.  136.    0.    0.
 462.  429.  483.  539.  544.  772. 1292.  429.    0.    0.
 456.  413.  457.  544.  622.  649. 1378.  431.    0.    0.
 419.  510.  559.  582.  703. 1071.  987.  119.    0.    0.
 497.  814. 1072.  595.  585.  557.  415.  283.  111.   21.
4.660e+02 9.310e+02 1.098e+03 7.410e+02 6.060e+02 5.230e+02 3.180e+02
 2.010e+02 6.500e+01 1.000e+00
 430.  501.  503.  487.  616.  790. 1273.  350.    0.    0.
 454.  463.  462.  579.  631.  767. 1494.  100.    0.    0.
 436.  432.  472.  548.  567.  726. 1337.  432.    0.    0.
 464.  480.  484.  562.  607.  767. 1427.  159.    0.    0.
 503.  477.  567. 1127.  712.  577.  444.  281.  262.    0.
 481.  494.  688. 1151.  752.  572.  376.  352.   84.    0.
654. 851. 721. 667. 579. 495. 395. 280. 222.  86.
694. 931. 719. 632. 561. 541. 425. 328. 105.  14.
477. 553. 739. 515. 800. 744. 614. 327. 161.  20.
476. 603. 767. 981. 918. 617. 376. 154.  58.   0.
362. 597. 706. 600. 850. 713. 703. 321.  87.  11.
359. 652. 596. 532. 807. 772. 753. 344. 116.  19.
434. 507. 554. 654. 741. 888. 736. 371.  65.   0.
450. 529. 588. 729. 968. 958. 401. 290.  37.   0.
453. 533. 451. 665. 947. 979. 525. 313.  84.   0.
454. 522. 576. 629. 897. 937. 554. 365.  16.   0.
