 337.  375.  433.  451.  503.  452.  548. 1340.  383.  128.
 363.  354.  471.  441.  534.  530.  498. 1346.  342.   71.
 372.  398.  380.  444.  427.  461.  587. 1276.  446.  159.
 366.  369.  442.  411.  474.  499.  534. 1341.  386.  128.
 335.  399.  415.  458.  473.  502.  535. 1307.  402.  124.
 378.  357.  399.  481.  489.  442.  563. 1341.  353.  147.
 384.  409.  394.  426.  453.  477.  596. 1208.  437.  166.
 356.  383.  458.  450.  536.  484.  495. 1348.  349.   91.
 360.  396.  456.  391.  468.  493.  563. 1251.  438.  134.
 388.  391.  408.  442.  500.  526.  502. 1378.  347.   68.
 396.  366.  389.  491.  457.  513.  524. 1410.  332.   72.
 337.  391.  439.  438.  481.  531.  523. 1312.  392.  106.
 369.  395.  445.  397.  435.  473.  553. 1299.  470.  114.
 371.  378.  413.  478.  502.  519.  542. 1325.  344.   78.
 407.  400.  397.  484.  395.  466.  525. 1330.  422.  124.
 394.  376.  424.  362.  452.  563.  511. 1256.  497.  115.
 386.  430.  418.  503.  458.  477.  488. 1316.  379.   95.
 358.  391.  429.  422.  512.  512.  505. 1335.  392.   94.
 362.  423.  427.  465.  436.  481.  547. 1318.  384.  107.
 348.  414.  414.  421.  499.  540.  542. 1344.  365.   63.
 395.  364.  372.  469.  439.  470.  591. 1261.  416.  173.
 339.  428.  414.  427.  449.  500.  532. 1298.  439.  124.
 369.  365.  417.  476.  574.  516.  513. 1326.  321.   73.
 357.  362.  447.  464.  470.  504.  525. 1339.  380.  102.
 370.  373.  418.  409.  509.  483.  509. 1302.  434.  143.
 368.  368.  405.  480.  516.  472.  529. 1356.  363.   93.
 350.  385.  439.  441.  530.  538.  508. 1373.  318.   68.
 384.  402.  418.  418.  476.  566.  500. 1298.  420.   68.
 360.  439.  425.  466.  456.  511.  555. 1241.  392.  105.
 360.  402.  407.  431.  436.  505.  600. 1262.  456.   91.
 325.  403.  441.  431.  476.  528.  536. 1330.  391.   89.
 348.  399.  411.  443.  495.  515.  497. 1333.  418.   91.
 378.  385.  407.  514.  463.  497.  524. 1317.  360.  105.
 369.  389.  369.  501.  457.  466.  510. 1354.  396.  139.
 362.  410.  426.  424.  464.  505.  499. 1353.  399.  108.
 380.  385.  475.  447.  446.  526.  558. 1253.  385.   95.
 386.  375.  394.  461.  444.  512.  521. 1271.  452.  134.
 364.  346.  448.  448.  565.  511.  509. 1360.  328.   71.
 365.  384.  426.  456.  483.  499.  534. 1290.  379.  134.
 328.  386.  423.  476.  494.  482.  516. 1359.  363.  123.
248. 600. 809. 864. 857. 821. 456. 237.  50.   8.
 462.  537. 1008.  552.  417.  413.  454.  505.  364.  238.
380. 748. 799. 725. 832. 667. 514. 176. 109.   0.
342. 682. 842. 753. 754. 587. 487. 339. 164.   0.
390. 753. 970. 875. 735. 583. 294. 283.  67.   0.
320. 781. 957. 916. 861. 605. 358. 130.  22.   0.
344. 640. 807. 818. 841. 738. 441. 273.  48.   0.
298. 677. 953. 838. 915. 618. 453. 150.  48.   0.
248. 587. 709. 777. 913. 640. 626. 411.  39.   0.
260. 470. 768. 986. 633. 773. 493. 271. 226.  70.
258. 464. 656. 845. 757. 771. 454. 321. 348.  76.
234. 459. 608. 817. 859. 666. 658. 431. 164.  54.
268. 620. 634. 713. 771. 964. 662. 318.   0.   0.
354. 764. 724. 874. 742. 508. 527. 344. 113.   0.
413. 955. 768. 736. 536. 467. 362. 361. 260.  92.
341. 756. 771. 904. 703. 460. 420. 470. 125.   0.
 286.  651.  604.  895. 1002.  694.  463.  279.   76.    0.
345. 708. 659. 757. 778. 479. 496. 504. 222.   2.
 298.  722.  811. 1029.  919.  577.  376.  185.   33.    0.
328. 659. 647. 656. 716. 598. 501. 535. 299.  11.
 294.  700.  851. 1063.  888.  487.  406.  218.   43.    0.
336. 751. 780. 779. 737. 538. 420. 376. 226.   7.
410. 818. 718. 815. 757. 457. 310. 377. 251.  37.
386. 703. 665. 754. 670. 549. 481. 501. 229.  12.
 315.  655.  732.  947. 1012.  690.  307.  224.   68.    0.
329. 661. 656. 722. 757. 543. 449. 515. 300.  18.
362. 714. 702. 862. 743. 517. 454. 386. 207.   3.
321. 705. 690. 767. 652. 522. 470. 512. 305.   6.
 361.  838. 1085.  959.  833.  588.  217.   65.    4.    0.
359. 718. 642. 779. 647. 525. 539. 505. 208.  28.
338. 805. 812. 966. 828. 425. 313. 311. 152.   0.
338. 747. 717. 687. 696. 553. 498. 496. 212.   6.
339. 737. 790. 683. 621. 577. 464. 463. 276.   0.
388. 715. 754. 773. 697. 553. 451. 438. 177.   4.
451. 880. 814. 734. 476. 423. 369. 381. 264. 158.
375. 724. 662. 661. 502. 478. 504. 638. 406.   0.
311. 652. 616. 866. 977. 690. 515. 273.  50.   0.
 503. 1009.  780.  872.  596.  342.  305.  316.  186.   41.
 332.  692.  734.  971. 1014.  612.  239.  294.   62.    0.
440. 966. 714. 560. 430. 459. 559. 466. 279.  77.
 310.  620.  703. 1014.  897.  550.  391.  354.  111.    0.
419. 950. 723. 638. 514. 444. 372. 410. 376. 104.
419. 847. 750. 850. 813. 452. 315. 313. 155.  36.
410. 925. 810. 715. 588. 461. 346. 330. 263. 102.
364. 654. 831. 931. 852. 427. 424. 383.  84.   0.
436. 977. 875. 773. 555. 493. 372. 265. 153.  51.
304. 654. 690. 930. 812. 597. 386. 359. 215.   3.
419. 959. 810. 758. 559. 476. 395. 296. 214.  64.
 373.  855. 1034. 1010.  785.  563.  226.   93.   11.    0.
461. 929. 806. 706. 496. 468. 365. 356. 296.  67.
 405.  590.  679. 1042.  947.  335.  368.  388.  196.    0.
 455. 1018.  818.  660.  518.  433.  421.  295.  252.   80.
391. 802. 746. 839. 600. 393. 469. 510. 198.   2.
 431. 1012.  839.  836.  642.  445.  320.  238.  123.   64.
445. 952. 860. 630. 535. 488. 375. 341. 232.  92.
441. 927. 786. 642. 527. 500. 364. 373. 282. 108.
 268.  659.  601.  768. 1003.  920.  481.  218.   32.    0.
302. 667. 790. 982. 887. 607. 429. 236.  50.   0.
281. 626. 739. 982. 884. 544. 452. 353.  89.   0.
384. 898. 690. 761. 767. 543. 448. 269. 144.  46.
405. 626. 754. 948. 938. 543. 441. 257.  38.   0.
348. 682. 647. 858. 821. 593. 438. 366. 182.  15.
373. 852. 981. 929. 928. 508. 260.  81.  38.   0.
407. 738. 745. 988. 851. 372. 332. 401. 116.   0.
316. 709. 729. 732. 698. 498. 418. 561. 284.   5.
410. 980. 834. 736. 647. 476. 334. 295. 164.  74.
