 438.  407.  494.  547.  582.  747. 1343.  392.    0.    0.
 423.  470.  452.  511.  597.  729. 1364.  404.    0.    0.
 459.  443.  491.  526.  576.  724. 1429.  302.    0.    0.
 483.  432.  488.  492.  554.  791. 1402.  308.    0.    0.
 435.  466.  498.  527.  592.  816. 1076.  540.    0.    0.
443. 440. 550. 695. 997. 671. 513. 352. 289.   0.
483. 469. 520. 608. 873. 662. 642. 479. 214.   0.
 461.  421.  490.  558.  561.  702. 1449.  308.    0.    0.
446. 501. 562. 636. 907. 746. 582. 410. 160.   0.
 467.  441.  470.  472.  581.  773. 1363.  383.    0.    0.
397. 443. 475. 796. 795. 622. 411. 333. 289. 389.
847. 942. 820. 714. 549. 424. 291. 198. 102.  63.
 378.  384.  438.  462.  510. 1119.  753.  381.  442.   83.
 453. 1040.  788.  671.  596.  485.  341.  246.  135.  195.
357. 372. 466. 483. 465. 485. 950. 827. 429. 116.
369. 377. 464. 478. 506. 853. 542. 435. 753. 173.
459. 485. 854. 626. 590. 488. 427. 246. 353. 422.
403. 508. 870. 680. 462. 417. 462. 428. 345. 375.
456. 508. 900. 643. 521. 459. 397. 346. 314. 406.
365. 407. 412. 458. 507. 820. 670. 487. 683. 141.
447. 424. 858. 686. 597. 493. 350. 353. 448. 294.
 411.  485. 1164.  685.  538.  518.  394.  375.  241.  139.
 391.  383.  422.  420.  385.  442. 1214.  732.  421.  140.
393. 438. 435. 887. 984. 674. 415. 297. 226. 201.
 434.  426. 1157.  819.  640.  526.  390.  208.  186.  164.
 394.  425.  456.  536. 1181.  688.  465.  287.  216.  302.
401. 349. 419. 453. 798. 855. 508. 399. 559. 209.
 477. 1054.  854.  682.  564.  433.  378.  238.  175.   95.
 431.  462.  464.  510.  548.  762. 1327.  446.    0.    0.
 468.  439.  503.  498.  606.  695. 1265.  476.    0.    0.
 443.  459.  494.  519.  577.  750. 1116.  592.    0.    0.
 461.  462.  477.  541.  591.  772. 1173.  473.    0.    0.
319. 400. 426. 455. 464. 501. 817. 974. 466. 128.
445. 490. 701. 613. 571. 495. 289. 403. 410. 533.
427. 788. 826. 653. 571. 481. 379. 319. 264. 242.
 490.  458.  477.  471.  632.  762. 1078.  582.    0.    0.
466. 905. 851. 710. 602. 475. 349. 271. 147. 174.
449. 745. 810. 663. 612. 502. 352. 213. 272. 332.
397. 426. 467. 951. 637. 476. 524. 390. 308. 374.
 416.  478.  475. 1028.  677.  531.  417.  359.  311.  258.
 420.  461. 1114.  657.  606.  512.  348.  361.  249.  222.
443. 463. 543. 622. 863. 647. 554. 472. 343.   0.
 427.  526.  744. 1033.  680.  606.  413.  298.  181.   42.
434. 499. 631. 862. 888. 584. 522. 352. 163.  15.
438. 499. 500. 553. 574. 742. 892. 720.  32.   0.
