655. 796. 850. 941. 709. 417. 288. 189.  94.  11.
680. 863. 916. 804. 737. 523. 235. 124.  61.   7.
 427.  418.  489.  522.  568.  657. 1044.  825.    0.    0.
 424.  420.  477.  498.  611.  668. 1034.  818.    0.    0.
595. 949. 770. 683. 599. 442. 327. 322. 165.  98.
 561. 1040.  701.  570.  515.  459.  409.  351.  253.   91.
406. 422. 522. 590. 720. 894. 604. 484. 247.  61.
426. 454. 534. 485. 575. 822. 565. 526. 498.  65.
 466.  444.  636. 1083.  669.  542.  463.  276.  283.   88.
 431.  534.  689. 1170.  730.  566.  413.  250.  129.   38.
569. 923. 723. 630. 599. 424. 362. 333. 258. 129.
567. 968. 802. 631. 534. 497. 377. 319. 192.  63.
387. 455. 474. 644. 525. 848. 572. 564. 397.  84.
391. 444. 465. 559. 755. 876. 564. 487. 339.  70.
 463.  468.  588. 1038.  738.  569.  382.  298.  273.  133.
453. 480. 797. 910. 676. 565. 446. 339. 204.  80.
425. 559. 594. 682. 911. 976. 538. 265.   0.   0.
415. 578. 610. 677. 982. 979. 569. 140.   0.   0.
413. 524. 596. 702. 902. 964. 582. 267.   0.   0.
427. 491. 566. 695. 785. 916. 721. 349.   0.   0.
446. 537. 535. 603. 778. 852. 679. 520.   0.   0.
 446.  505.  589.  723.  688. 1018.  641.  340.    0.    0.
290. 481. 650. 771. 811. 716. 702. 367. 136.  26.
352. 400. 534. 676. 647. 776. 810. 466. 238.  51.
361. 593. 806. 918. 840. 548. 348. 302. 201.  33.
401. 634. 743. 716. 836. 607. 355. 337. 280.  41.
 399.  422.  501.  497.  600. 1168.  659.  403.  286.   15.
 368.  422.  430.  510.  616. 1053.  605.  378.  529.   39.
361. 382. 471. 473. 499. 544. 918. 918. 346.  38.
394. 355. 422. 493. 563. 476. 974. 810. 401.  62.
452. 857. 781. 678. 579. 480. 395. 267. 236. 225.
519. 882. 771. 518. 432. 456. 449. 459. 301. 163.
440. 852. 808. 670. 611. 476. 363. 262. 249. 219.
488. 893. 764. 641. 520. 476. 422. 346. 252. 148.
 453. 1048.  836.  680.  527.  448.  417.  257.  158.  126.
 459. 1042.  732.  617.  510.  479.  379.  324.  269.  139.
 514.  876. 1021.  750.  596.  516.  325.  214.  108.   30.
 556.  686. 1116.  731.  603.  474.  363.  240.  152.   29.
 569.  777. 1096.  711.  615.  500.  312.  290.   78.    2.
 553.  704. 1019.  754.  628.  485.  331.  232.  222.   22.
 450.  458.  512.  493.  620.  743. 1143.  531.    0.    0.
 441.  437.  511.  507.  610.  709. 1208.  527.    0.    0.
471. 514. 495. 546. 978. 793. 491. 356. 295.  11.
 479.  498.  427.  584. 1005.  745.  479.  315.  362.   56.
837. 819. 747. 688. 580. 488. 386. 244. 128.  33.
842. 752. 730. 713. 534. 493. 424. 264. 170.  28.
848. 779. 690. 670. 618. 505. 378. 296. 161.   5.
 418.  483.  516.  566.  629.  922. 1089.  327.    0.    0.
425. 419. 509. 535. 713. 824. 820. 705.   0.   0.
673. 611. 590. 542. 522. 499. 666. 681. 166.   0.
683. 661. 640. 646. 596. 590. 600. 444.  90.   0.
 469.  467.  499.  551.  745. 1142.  659.  418.    0.    0.
473. 493. 551. 534. 646. 842. 824. 587.   0.   0.
473. 458. 553. 626. 701. 917. 909. 313.   0.   0.
 450.  499.  503.  567.  740. 1270.  611.  310.    0.    0.
380. 405. 460. 476. 954. 677. 463. 452. 467. 216.
416. 399. 503. 482. 818. 592. 529. 412. 523. 276.
463. 452. 501. 531. 609. 861. 874. 659.   0.   0.
459. 468. 466. 510. 634. 892. 950. 571.   0.   0.
 445.  448.  515.  544.  639. 1108.  733.  518.    0.    0.
 466.  461.  473.  539.  647. 1117.  767.  480.    0.    0.
811. 810. 773. 645. 541. 462. 367. 321. 164.  56.
733. 886. 750. 612. 471. 548. 425. 299. 189.  37.
857. 817. 634. 701. 557. 441. 331. 313. 256.  43.
718. 753. 799. 690. 513. 590. 353. 226. 241.  67.
 362.  393.  426.  457.  478.  556. 1190.  570.  464.   54.
 343.  399.  410.  480.  475.  561. 1017.  586.  553.  126.
 375.  355.  464.  424.  520. 1024.  612.  408.  558.  210.
370. 407. 416. 528. 443. 898. 532. 414. 716. 226.
 364.  388.  449.  491.  502.  549. 1033.  546.  556.   72.
 370.  382.  411.  467.  512.  432. 1052.  623.  589.  112.
370. 409. 432. 474. 507. 959. 612. 446. 564. 177.
384. 450. 469. 427. 539. 950. 590. 415. 563. 163.
 579.  558.  543.  595. 1210.  786.  444.  205.   30.    0.
 519.  470.  507.  559. 1133.  737.  511.  373.  141.    0.
 502.  487.  509.  513. 1205.  809.  562.  307.   56.    0.
 546.  490.  467.  519. 1111.  943.  568.  234.   72.    0.
923. 886. 738. 657. 552. 474. 345. 233. 115.  27.
941. 821. 804. 624. 593. 388. 393. 215. 135.  36.
911. 835. 706. 598. 517. 436. 375. 298. 195.  79.
928. 833. 757. 679. 562. 443. 330. 221. 176.  21.
887. 827. 752. 671. 517. 456. 392. 230. 158.  60.
895. 846. 746. 657. 580. 426. 380. 249. 142.  29.
949. 924. 838. 686. 546. 424. 286. 181.  93.  23.
1035. 1017.  875.  706.  529.  372.  228.  131.   45.   12.
584. 556. 532. 468. 501. 519. 546. 759. 485.   0.
602. 556. 549. 570. 527. 548. 524. 628. 446.   0.
900. 807. 682. 606. 538. 443. 393. 324. 186.  71.
934. 823. 698. 567. 482. 478. 414. 285. 192.  77.
629. 587. 534. 497. 494. 572. 564. 660. 413.   0.
595. 548. 550. 532. 493. 456. 537. 668. 571.   0.
414. 421. 444. 449. 426. 708. 716. 467. 706. 199.
355. 413. 410. 407. 468. 763. 775. 542. 679. 138.
636. 584. 664. 568. 583. 892. 641. 360.  22.   0.
 598.  544.  675.  568.  520. 1046.  690.  267.   42.    0.
 636.  622.  607.  539.  519. 1014.  681.  305.   27.    0.
 594.  611.  623.  501.  537. 1013.  648.  375.   48.    0.
 549.  531.  879. 1014.  692.  504.  399.  235.  147.    0.
 569.  517.  951. 1040.  691.  502.  336.  194.  150.    0.
 549.  574. 1143. 1131.  685.  450.  260.   99.   59.    0.
 593.  585. 1015.  941.  794.  453.  296.  171.  102.    0.
855. 794. 689. 686. 628. 470. 315. 255. 184.  74.
997. 740. 614. 519. 533. 446. 526. 366. 173.  36.
923. 882. 779. 716. 584. 415. 346. 199.  90.  16.
919. 879. 718. 659. 552. 493. 385. 212.  96.  37.
