 387.  837. 1125. 1017.  891.  547.  134.   12.    0.    0.
266. 612. 804. 790. 913. 825. 486. 219.  32.   3.
 348.  680.  962. 1040.  831.  573.  354.  134.   28.    0.
408. 755. 961. 949. 822. 566. 332. 144.  13.   0.
 372.  854. 1151. 1025.  884.  485.  143.   36.    0.    0.
276. 580. 773. 936. 903. 741. 482. 217.  39.   3.
311. 547. 890. 856. 935. 798. 426. 153.  33.   1.
345. 643. 750. 791. 711. 767. 601. 234.  88.  20.
 398.  890. 1088. 1026.  906.  439.  183.   20.    0.    0.
301. 548. 708. 691. 895. 874. 609. 279.  42.   3.
307. 641. 919. 954. 890. 657. 369. 154.  58.   1.
300. 644. 869. 842. 853. 736. 427. 202.  65.  12.
