 326.  806. 1113. 1070.  895.  541.  191.    8.    0.    0.
 211.  761.  991. 1072.  832.  619.  371.   93.    0.    0.
 315.  722. 1072. 1017.  877.  620.  308.   19.    0.    0.
 505.  578.  632.  718. 1120.  941.  446.   10.    0.    0.
 241.  822. 1072. 1168.  836.  542.  242.   27.    0.    0.
395. 428. 795. 804. 823. 880. 639. 186.   0.   0.
 188.  837. 1043. 1075.  880.  620.  256.   51.    0.    0.
489. 535. 533. 806. 883. 944. 547. 213.   0.   0.
 333.  759. 1004.  976.  857.  653.  306.   62.    0.    0.
 226.  795. 1063. 1009.  890.  671.  265.   31.    0.    0.
 358.  862. 1177. 1122.  783.  474.  161.   13.    0.    0.
 296.  672.  773. 1042.  866.  672.  463.  166.    0.    0.
 300.  792.  998. 1069.  873.  661.  229.   28.    0.    0.
 287.  675. 1064. 1025.  907.  603.  336.   53.    0.    0.
285. 654. 804. 952. 912. 730. 404. 209.   0.   0.
253. 680. 896. 898. 866. 826. 483.  48.   0.   0.
276. 592. 845. 907. 869. 762. 507. 192.   0.   0.
384. 405. 387. 451. 462. 949. 543. 531. 684. 154.
358. 410. 462. 483. 720. 876. 581. 450. 469. 141.
 439.  505.  549.  522.  617. 1035. 1097.  186.    0.    0.
 294.  742. 1140.  993.  923.  520.  302.   36.    0.    0.
 462.  488.  714. 1097.  637.  566.  523.  246.  182.   35.
 429.  464.  625.  542.  619. 1171.  976.  124.    0.    0.
 302.  692. 1127. 1027.  936.  491.  332.   43.    0.    0.
 455.  540.  658. 1052.  707.  539.  379.  305.  267.   48.
 422.  473.  601.  556.  600. 1091. 1089.  118.    0.    0.
 312.  852. 1112. 1023.  913.  483.  235.   20.    0.    0.
 448.  539.  714. 1086.  736.  514.  395.  272.  218.   28.
 480.  480.  546.  529.  582. 1209. 1043.   81.    0.    0.
 304.  675. 1038.  994.  913.  618.  369.   39.    0.    0.
471. 538. 739. 935. 692. 533. 472. 327. 193.  50.
 416.  473.  699.  566.  638. 1212.  867.   79.    0.    0.
 265.  783. 1058. 1059.  917.  497.  329.   42.    0.    0.
 461.  441.  472.  531.  581.  750. 1263.  451.    0.    0.
