 515.  648.  716. 1304. 1020.  465.  194.   78.   10.    0.
521. 514. 496. 560. 586. 891. 832. 432. 118.   0.
813. 914. 757. 675. 577. 434. 337. 232. 161.  50.
840. 892. 628. 539. 471. 473. 439. 366. 235.  67.
838. 921. 779. 634. 564. 437. 376. 214. 123.  64.
 469. 1148.  816.  669.  542.  498.  362.  237.  164.   45.
863. 834. 730. 672. 546. 423. 391. 257. 181.  53.
829. 803. 677. 586. 513. 458. 408. 324. 262.  90.
819. 873. 730. 599. 569. 446. 403. 264. 185.  62.
 475. 1069.  765.  617.  539.  456.  411.  306.  196.  116.
785. 841. 727. 635. 518. 477. 370. 278. 212. 107.
465. 945. 835. 610. 644. 431. 393. 340. 227.  60.
794. 886. 661. 545. 492. 475. 430. 346. 253.  68.
790. 802. 718. 713. 631. 412. 512. 232. 136.   4.
 548.  618.  740. 1315.  901.  503.  208.  113.    4.    0.
450. 486. 612. 752. 926. 723. 558. 274. 129.  40.
418. 579. 632. 648. 921. 561. 544. 388. 198.  61.
471. 501. 629. 775. 923. 663. 617. 268.  87.  16.
484. 548. 567. 650. 890. 729. 520. 340. 184.  38.
 429.  549.  581.  704. 1039.  593.  484.  337.  192.   42.
 463.  520.  539.  750. 1126.  640.  415.  261.  174.   62.
435. 541. 631. 704. 905. 641. 573. 340. 149.  31.
472. 535. 695. 689. 916. 602. 518. 296. 167.  60.
496. 607. 595. 684. 799. 661. 561. 368. 153.  26.
 474.  533.  515.  732. 1039.  629.  505.  287.  177.   59.
476. 584. 568. 715. 912. 634. 470. 322. 237.  32.
486. 512. 575. 648. 999. 634. 507. 337. 186.  66.
430. 576. 602. 649. 942. 654. 555. 329. 181.  32.
481. 524. 590. 821. 940. 690. 460. 296. 125.  23.
 464.  540.  518.  738. 1205.  650.  410.  241.  148.   36.
464. 521. 488. 712. 951. 644. 481. 340. 225. 124.
 453.  523.  602.  809. 1011.  616.  488.  264.  140.   44.
 456.  538.  477.  691. 1144.  613.  485.  298.  205.   43.
440. 548. 530. 869. 994. 589. 575. 264. 116.  25.
466. 532. 695. 687. 860. 565. 569. 379. 156.  41.
458. 508. 559. 781. 892. 698. 587. 282. 162.  23.
461. 501. 698. 661. 888. 640. 541. 333. 172.  55.
500. 579. 724. 579. 654. 573. 592. 459. 220.  70.
 474.  545.  523.  760. 1009.  645.  493.  257.  182.   62.
 455.  545.  785. 1011.  649.  634.  477.  305.   89.    0.
 494.  551. 1190.  659.  544.  567.  507.  334.  104.    0.
 510. 1075.  777.  637.  686.  411.  352.  236.  207.   59.
461. 917. 878. 701. 673. 550. 378. 236. 138.  18.
 479. 1005.  766.  655.  568.  464.  361.  320.  229.  103.
910. 944. 765. 685. 524. 455. 334. 225.  90.  18.
466. 577. 679. 510. 775. 931. 849. 163.   0.   0.
534. 613. 542. 806. 585. 871. 898. 101.   0.   0.
 501.  603.  547. 1002.  669.  488.  490.  511.  139.    0.
 533.  609.  687. 1185.  745.  557.  336.  225.   73.    0.
582. 608. 819. 812. 624. 622. 587. 255.  41.   0.
444. 977. 781. 628. 600. 508. 443. 342. 215.  12.
531. 956. 919. 739. 514. 474. 376. 170. 169. 102.
 540.  561. 1006.  838.  644.  440.  575.  282.   64.    0.
850. 876. 736. 624. 534. 529. 431. 284.  77.   9.
540. 647. 875. 983. 699. 614. 410. 155.  27.   0.
 432. 1035.  760.  681.  617.  515.  413.  278.  190.   29.
504. 999. 941. 740. 611. 430. 296. 195. 176.  58.
 534.  591. 1086.  923.  722.  507.  388.  171.   28.    0.
890. 930. 735. 661. 558. 513. 362. 225.  73.   3.
 451.  475.  514.  595.  732. 1108.  673.  314.   88.    0.
 442.  553.  566. 1039.  624.  577.  512.  374.  184.   79.
 442.  487.  509.  679.  714. 1105.  621.  296.   97.    0.
 511.  497.  628. 1250.  759.  581.  433.  216.   58.   17.
 430.  479.  552.  557.  683. 1253.  645.  282.   69.    0.
 497.  483.  709. 1012.  566.  524.  581.  381.  164.   33.
 453.  485.  576.  535.  712. 1062.  753.  293.   81.    0.
 484.  495.  649. 1011.  765.  457.  450.  402.  167.   70.
 467.  416.  603.  603.  633. 1230.  670.  242.   86.    0.
498. 473. 588. 922. 652. 518. 499. 476. 254.  70.
