 469.  673. 1010.  698.  542.  496.  411.  331.  196.  124.
367. 398. 470. 440. 458. 559. 985. 614. 576.  83.
 399.  645. 1053.  653.  588.  483.  387.  336.  254.  152.
 463. 1207.  793.  689.  558.  446.  351.  238.  138.   67.
708. 831. 703. 654. 563. 445. 377. 280. 239. 150.
873. 900. 818. 652. 531. 474. 341. 222. 103.  36.
811. 870. 707. 702. 550. 458. 307. 242. 215.  88.
861. 835. 649. 516. 472. 479. 450. 349. 242.  97.
880. 854. 754. 696. 555. 436. 354. 230. 138.  53.
876. 907. 784. 723. 593. 402. 287. 196. 124.  58.
916. 810. 555. 484. 462. 446. 476. 432. 252. 117.
828. 884. 772. 645. 581. 436. 353. 223. 130.  98.
869. 889. 762. 602. 543. 471. 370. 270. 119.  55.
814. 840. 740. 572. 534. 475. 405. 279. 182. 109.
883. 884. 822. 708. 540. 440. 294. 170. 126.  83.
912. 846. 767. 710. 551. 398. 308. 230. 123. 105.
866. 903. 767. 708. 536. 442. 312. 235. 137.  44.
857. 874. 747. 694. 538. 442. 354. 234. 153.  57.
827. 826. 735. 652. 550. 453. 343. 282. 188.  94.
827. 722. 770. 722. 474. 472. 390. 263. 139. 171.
899. 858. 563. 504. 503. 457. 487. 390. 202.  87.
420. 401. 430. 443. 429. 430. 906. 581. 694. 216.
 442.  432. 1037.  767.  584.  497.  417.  306.  261.  207.
428. 755. 898. 693. 524. 459. 447. 303. 216. 227.
387. 328. 462. 492. 465. 961. 624. 440. 635. 156.
 359.  396.  466.  498.  478. 1031.  643.  426.  513.  140.
350. 416. 429. 425. 503. 999. 626. 458. 580. 164.
355. 421. 404. 483. 490. 937. 605. 471. 670. 114.
349. 404. 416. 448. 543. 936. 601. 387. 694. 172.
 361.  407.  439.  435.  533. 1153.  654.  413.  429.  126.
 377.  403.  401.  451.  489. 1022.  597.  510.  566.  134.
356. 405. 456. 504. 482. 884. 587. 427. 724. 125.
344. 428. 442. 499. 496. 884. 563. 443. 674. 177.
 389.  406.  458.  460.  453. 1038.  590.  513.  536.  107.
 387.  363.  444.  449.  549. 1175.  648.  352.  467.  116.
 428.  397.  436.  435.  406. 1037.  631.  550.  498.  132.
 412.  458. 1158.  771.  614.  495.  428.  271.  204.  139.
427. 481. 955. 662. 539. 472. 404. 359. 261. 390.
 396.  475. 1000.  715.  580.  442.  418.  381.  256.  287.
457. 888. 862. 592. 504. 460. 407. 371. 236. 173.
427. 499. 951. 718. 540. 489. 421. 351. 249. 305.
 411.  503. 1014.  649.  513.  474.  434.  342.  365.  245.
437. 513. 960. 759. 538. 471. 439. 358. 267. 208.
444. 828. 773. 693. 524. 429. 473. 275. 245. 266.
 415.  461. 1030.  828.  641.  516.  394.  239.  230.  196.
 434.  477. 1043.  656.  478.  425.  484.  413.  272.  268.
 406.  459. 1041.  803.  635.  528.  355.  331.  205.  187.
450. 886. 764. 630. 518. 472. 421. 330. 301. 178.
 443.  443. 1102.  740.  580.  475.  395.  306.  251.  215.
 457.  402. 1159.  685.  571.  481.  420.  367.  260.  148.
424. 480. 988. 654. 661. 525. 364. 335. 257. 262.
478. 873. 769. 480. 453. 440. 403. 447. 339. 268.
 407.  470. 1031.  802.  575.  466.  449.  334.  238.  178.
 459.  468. 1082.  765.  558.  488.  426.  319.  238.  147.
417. 537. 977. 645. 529. 454. 410. 307. 367. 307.
455. 876. 871. 604. 571. 470. 406. 337. 208. 152.
436. 469. 957. 804. 681. 560. 365. 210. 218. 250.
 441.  453. 1120.  784.  655.  479.  337.  335.  213.  133.
 406.  468. 1010.  857.  595.  489.  442.  275.  204.  204.
428. 882. 781. 700. 615. 471. 392. 245. 218. 218.
