383. 550. 690. 740. 701. 675. 572. 342. 279.  18.
 464.  925. 1217. 1039.  607.  385.  184.  113.   16.    0.
 478.  968. 1228.  985.  628.  373.  190.   90.   10.    0.
 581.  811.  881. 1083.  485.  539.  436.  125.    9.    0.
 475.  658. 1021.  750.  647.  469.  407.  290.  174.   59.
 768. 1111.  934.  716.  607.  510.  285.   19.    0.    0.
602. 974. 674. 616. 516. 465. 380. 335. 255. 133.
 637. 1097.  739.  681.  518.  466.  351.  280.  145.   36.
918. 841. 801. 665. 534. 464. 336. 215. 129.  47.
4.370e+02 9.890e+02 1.108e+03 9.800e+02 7.490e+02 4.440e+02 1.930e+02
 4.900e+01 1.000e+00 0.000e+00
310. 745. 944. 954. 884. 603. 282. 145.  67.  16.
521. 908. 953. 690. 547. 459. 387. 335. 144.   6.
489. 523. 557. 717. 940. 923. 449. 300.  52.   0.
 477.  799. 1139.  807.  646.  496.  324.  187.   75.    0.
469. 486. 571. 736. 979. 611. 435. 314. 260.  89.
 437.  515.  505.  603.  705. 1037.  522.  338.  265.   23.
 533.  757. 1041.  723.  544.  482.  430.  272.  145.   23.
463. 549. 736. 821. 602. 520. 520. 424. 243.  72.
 557. 1045.  765.  651.  608.  525.  409.  259.  119.   12.
430. 514. 604. 768. 869. 666. 527. 345. 211.  16.
660. 785. 651. 592. 588. 566. 466. 363. 251.  28.
412. 491. 571. 663. 668. 909. 621. 391. 190.  34.
406. 498. 501. 660. 991. 747. 495. 560.  92.   0.
500. 454. 512. 439. 595. 879. 875. 552. 144.   0.
400. 472. 481. 522. 804. 646. 528. 555. 538.   4.
546. 584. 584. 602. 775. 663. 413. 415. 304.  64.
474. 664. 641. 698. 824. 741. 530. 293.  85.   0.
