 420.  523.  618.  622.  684. 1072.  469.  315.  187.   40.
 495.  547.  634. 1086.  976.  554.  622.   36.    0.    0.
511. 546. 639. 974. 883. 590. 717.  90.   0.   0.
495. 609. 635. 888. 765. 676. 818.  64.   0.   0.
517. 599. 667. 878. 823. 587. 786.  93.   0.   0.
 486.  536.  620. 1035.  963.  501.  705.  104.    0.    0.
473. 582. 614. 981. 900. 639. 649. 112.   0.   0.
 501.  678.  731. 1131.  796.  503.  339.  204.   60.    7.
 468.  534.  619. 1236.  780.  560.  413.  262.   66.   12.
 520.  572.  467. 1198.  642.  588.  435.  282.  170.   76.
863. 772. 696. 583. 484. 503. 375. 332. 251.  91.
 581.  597.  562.  810. 1401.  541.  283.  153.   22.    0.
909. 754. 620. 625. 563. 402. 380. 332. 249. 116.
952. 738. 744. 705. 543. 457. 339. 231. 173.  68.
918. 869. 751. 624. 540. 431. 371. 245. 147.  54.
952. 889. 837. 698. 541. 405. 291. 187. 108.  42.
1044.  841.  770.  627.  517.  495.  299.  196.  133.   28.
1002. 1075.  912.  767.  505.  333.  269.   77.   10.    0.
518. 478. 541. 581. 895. 645. 533. 382. 242. 135.
945. 819. 760. 624. 532. 462. 389. 241. 141.  37.
889. 823. 803. 684. 561. 432. 296. 250. 154.  58.
476. 459. 593. 680. 974. 597. 535. 304. 242.  90.
 467.  602.  678. 1089.  734.  473.  373.  374.  146.   14.
 535.  592.  740.  824. 1002.  689.  515.   53.    0.    0.
435. 456. 556. 597. 814. 804. 857. 383.  48.   0.
 721. 1095.  850.  762.  546.  393.  330.  196.   50.    7.
 468.  567.  532.  654. 1155.  628.  460.  267.  191.   28.
975. 842. 757. 626. 531. 461. 370. 229. 134.  25.
 465.  492.  549.  651. 1119.  604.  482.  303.  219.   66.
955. 975. 755. 677. 561. 446. 300. 178.  78.  25.
 481.  473.  470.  598. 1144.  626.  544.  284.  221.  109.
1002.  864.  789.  654.  518.  454.  297.  212.  138.   22.
 456.  511.  469.  776. 1044.  718.  533.  250.  137.   56.
960. 825. 671. 599. 542. 469. 393. 304. 145.  42.
 497. 1088.  829.  513.  537.  499.  389.  380.  114.  104.
 464.  475.  697. 1035.  716.  566.  443.  291.  232.   31.
503. 555. 648. 846. 647. 504. 519. 361. 315.  52.
