519. 963. 769. 607. 663. 473. 334. 251. 214. 157.
922. 833. 713. 727. 579. 442. 272. 235. 166.  61.
906. 837. 750. 669. 521. 479. 348. 230. 153.  57.
704. 877. 741. 646. 539. 448. 385. 307. 174. 129.
461. 848. 723. 626. 604. 504. 330. 303. 291. 260.
454. 895. 798. 614. 482. 483. 443. 337. 270. 174.
781. 840. 739. 622. 542. 462. 399. 252. 208. 105.
348. 406. 474. 425. 490. 475. 740. 976. 492. 124.
336. 402. 411. 521. 473. 526. 994. 802. 409.  76.
 387.  448.  434.  480. 1116.  758.  505.  377.  309.  136.
1004.  925.  847.  707.  563.  378.  253.  170.   78.   25.
871. 860. 661. 676. 575. 430. 338. 284. 160.  95.
746. 889. 579. 534. 490. 425. 392. 379. 317. 199.
457. 910. 876. 680. 649. 464. 311. 303. 174. 126.
451. 888. 830. 734. 543. 477. 423. 224. 189. 191.
787. 861. 733. 600. 510. 460. 404. 291. 195. 109.
337. 410. 448. 491. 517. 442. 789. 950. 463. 103.
358. 402. 404. 396. 424. 530. 942. 825. 520. 149.
 377.  414.  456.  420. 1050.  741.  513.  425.  363.  191.
960. 924. 809. 729. 522. 417. 290. 174.  87.  38.
903. 810. 746. 664. 531. 428. 362. 281. 156.  69.
743. 964. 758. 597. 584. 477. 364. 258. 138.  67.
490. 929. 737. 677. 680. 523. 289. 261. 220. 144.
417. 948. 841. 657. 579. 458. 347. 341. 216. 146.
771. 885. 703. 590. 495. 457. 432. 339. 179.  99.
375. 408. 419. 430. 489. 486. 991. 774. 440. 138.
 365.  401.  414.  460.  483.  520. 1017.  755.  445.   90.
379. 376. 522. 479. 844. 643. 502. 416. 465. 324.
