421. 425. 493. 448. 962. 584. 519. 453. 324. 321.
437. 469. 550. 697. 900. 634. 535. 322. 328.  78.
379. 396. 440. 496. 435. 763. 563. 517. 826. 135.
934. 855. 813. 649. 546. 407. 342. 234. 117.  53.
790. 828. 680. 582. 477. 427. 487. 323. 198. 158.
 468. 1082.  823.  656.  570.  439.  348.  283.  207.   74.
826. 870. 721. 644. 557. 438. 374. 267. 181.  72.
903. 895. 750. 641. 581. 409. 348. 223. 133.  67.
534. 709. 774. 925. 613. 553. 414. 262. 162.   4.
531. 740. 765. 884. 664. 477. 426. 307. 150.   6.
658. 950. 768. 685. 540. 480. 332. 242. 182. 113.
876. 871. 752. 643. 499. 496. 390. 238. 134.  51.
 548. 1221.  801.  673.  558.  495.  317.  225.   93.   19.
 495. 1002.  789.  589.  523.  428.  420.  364.  178.  162.
869. 836. 738. 671. 497. 476. 390. 227. 193.  53.
905. 864. 729. 569. 512. 463. 374. 282. 209.  43.
528. 602. 844. 849. 800. 461. 341. 281. 241.   3.
488. 613. 786. 986. 631. 540. 383. 329. 194.   0.
 662. 1024.  789.  675.  548.  428.  346.  235.  161.   82.
874. 900. 793. 729. 609. 397. 286. 159. 148.  55.
 555. 1068.  824.  707.  567.  457.  316.  212.  139.  105.
 475. 1028.  724.  689.  534.  423.  419.  338.  195.  125.
883. 881. 726. 617. 530. 455. 360. 293. 154.  51.
923. 879. 752. 652. 576. 399. 319. 239. 138.  73.
 526.  560.  739. 1105.  643.  477.  398.  327.  175.    0.
 494.  604.  814. 1069.  696.  479.  319.  299.  164.   12.
743. 883. 693. 563. 486. 482. 416. 352. 274.  58.
869. 848. 694. 548. 457. 481. 401. 341. 199. 112.
 545. 1150.  815.  699.  556.  431.  333.  221.  137.   63.
 485. 1053.  855.  629.  617.  448.  315.  302.  158.   88.
857. 746. 684. 570. 498. 465. 415. 311. 264. 140.
917. 809. 685. 653. 505. 473. 386. 280. 177.  65.
510. 644. 688. 946. 670. 506. 447. 293. 246.   0.
548. 629. 831. 956. 716. 462. 327. 334. 145.   2.
702. 984. 648. 689. 520. 399. 387. 350. 223.  48.
835. 920. 723. 644. 516. 470. 368. 297. 143.  34.
 529. 1108.  825.  684.  581.  439.  341.  225.  155.   63.
 461. 1003.  735.  598.  505.  481.  425.  317.  246.  179.
909. 862. 758. 645. 553. 406. 347. 256. 154.  60.
984. 894. 757. 661. 524. 400. 317. 247. 129.  37.
516. 639. 710. 898. 617. 505. 471. 425. 167.   2.
548. 591. 688. 989. 620. 418. 478. 359. 252.   7.
678. 891. 752. 638. 520. 443. 446. 252. 212. 118.
828. 933. 709. 619. 550. 486. 374. 265. 154.  32.
 619. 1064.  727.  554.  465.  492.  429.  341.  205.   54.
 486. 1106.  842.  687.  561.  463.  301.  282.  124.   98.
851. 803. 702. 648. 556. 449. 344. 288. 225.  84.
915. 811. 702. 665. 595. 429. 318. 278. 179.  58.
536. 578. 821. 951. 759. 483. 347. 309. 160.   6.
 512.  647.  720. 1019.  647.  555.  410.  257.  176.    7.
810. 892. 709. 552. 478. 477. 420. 331. 220.  61.
841. 941. 829. 667. 617. 366. 300. 206. 135.  48.
 613. 1132.  707.  660.  461.  461.  356.  321.  179.   60.
 460. 1106.  822.  682.  550.  448.  404.  241.  121.  116.
914. 866. 779. 580. 573. 468. 356. 252. 131.  31.
918. 857. 761. 603. 525. 482. 340. 254. 163.  47.
494. 691. 748. 819. 669. 513. 475. 276. 264.   1.
545. 678. 849. 963. 647. 521. 316. 286. 139.   6.
697. 872. 729. 570. 486. 485. 405. 343. 230. 133.
917. 969. 841. 674. 527. 409. 302. 175.  94.  42.
 580. 1049.  783.  727.  543.  480.  312.  259.  159.   58.
 492. 1061.  817.  655.  605.  429.  348.  283.  185.   75.
851. 801. 773. 627. 567. 431. 354. 256. 213.  77.
899. 874. 760. 690. 581. 422. 291. 226. 143.  64.
578. 564. 774. 871. 770. 512. 303. 288. 290.   0.
484. 646. 783. 935. 651. 535. 396. 313. 200.   7.
712. 915. 780. 667. 576. 447. 337. 256. 163.  97.
826. 936. 771. 680. 558. 445. 321. 256. 112.  45.
 538. 1045.  737.  607.  543.  463.  397.  319.  149.  152.
 484. 1068.  835.  656.  571.  493.  313.  289.  142.   99.
937. 879. 774. 611. 529. 504. 340. 234. 115.  27.
890. 868. 771. 626. 562. 441. 378. 239. 130.  45.
 502.  688.  779. 1044.  730.  566.  375.  163.  103.    0.
512. 656. 829. 936. 744. 446. 415. 211. 194.   7.
740. 897. 714. 602. 491. 478. 423. 300. 233.  72.
804. 883. 717. 672. 555. 446. 360. 279. 173.  61.
 599. 1016.  769.  619.  644.  449.  326.  301.  112.  115.
486. 957. 747. 621. 566. 468. 295. 449. 188. 173.
871. 860. 745. 624. 555. 451. 375. 258. 149.  62.
895. 855. 730. 611. 532. 487. 393. 239. 147.  61.
 464.  616.  776. 1167.  746.  452.  378.  224.  124.    3.
 519.  598.  777. 1072.  725.  446.  388.  286.  134.    5.
800. 856. 711. 589. 541. 426. 383. 294. 249. 101.
842. 881. 836. 678. 549. 434. 352. 194. 127.  57.
 582. 1106.  815.  698.  526.  467.  358.  223.  149.   26.
495. 996. 698. 683. 534. 448. 409. 288. 239. 160.
918. 732. 607. 643. 602. 426. 308. 308. 255. 151.
878. 896. 795. 673. 575. 416. 309. 219. 137.  52.
510. 671. 700. 878. 622. 526. 425. 310. 306.   2.
508. 653. 904. 911. 757. 446. 332. 249. 183.   7.
 666. 1047.  809.  677.  534.  452.  363.  236.  132.   34.
829. 950. 801. 678. 534. 459. 338. 202. 108.  51.
 593. 1005.  810.  553.  501.  535.  382.  311.  209.   51.
 448. 1090.  702.  608.  515.  467.  378.  367.  247.  128.
881. 889. 743. 654. 545. 456. 358. 242. 152.  30.
938. 803. 725. 718. 616. 416. 274. 231. 151.  78.
527. 708. 784. 850. 662. 509. 420. 298. 188.   4.
501. 596. 792. 937. 711. 513. 357. 301. 235.   7.
744. 850. 800. 604. 621. 406. 383. 225. 224.  93.
880. 887. 750. 644. 557. 447. 355. 237. 151.  42.
 548. 1032.  789.  660.  576.  460.  335.  267.  180.  103.
 433. 1059.  737.  601.  611.  441.  384.  313.  249.  122.
900. 816. 739. 543. 550. 437. 440. 284. 178.  63.
887. 755. 738. 673. 518. 451. 364. 274. 194.  96.
490. 613. 837. 976. 706. 540. 324. 310. 149.   5.
548. 742. 767. 710. 552. 465. 563. 320. 281.   2.
713. 888. 735. 704. 527. 473. 348. 271. 186. 105.
813. 814. 721. 650. 573. 458. 339. 277. 235.  70.
 585. 1037.  788.  567.  538.  475.  409.  299.  160.   92.
 494. 1120.  796.  613.  562.  475.  401.  318.   99.   72.
941. 916. 817. 724. 561. 409. 271. 197.  99.  15.
968. 901. 747. 610. 537. 432. 358. 239. 111.  47.
502. 658. 677. 854. 632. 544. 447. 361. 273.   2.
519. 741. 671. 846. 572. 586. 518. 322. 169.   6.
715. 980. 811. 696. 588. 421. 328. 215. 154.  42.
868. 912. 790. 644. 516. 442. 329. 224. 166.  59.
 632. 1095.  759.  572.  554.  484.  404.  284.  136.   30.
