 451.  453.  466.  512.  588.  750. 1351.  379.    0.    0.
494. 523. 569. 546. 662. 907. 794. 384.  71.   0.
435. 549. 901. 796. 691. 588. 500. 321. 169.   0.
556. 709. 925. 729. 635. 589. 416. 282. 107.   2.
 470.  506.  476.  632.  897. 1016.  476.  291.  154.   32.
877. 698. 649. 615. 541. 471. 437. 305. 250. 107.
 649. 1019.  817.  672.  552.  489.  352.  255.  100.   45.
373. 505. 619. 802. 841. 645. 457. 535. 161.  12.
 450.  475.  520.  586.  689. 1067.  757.  352.   54.    0.
445. 500. 903. 756. 654. 548. 455. 419. 270.   0.
529. 743. 976. 778. 669. 487. 381. 265. 120.   2.
 466.  516.  553.  568.  613. 1049.  741.  378.   66.    0.
505. 500. 854. 814. 616. 543. 493. 428. 197.   0.
545. 791. 915. 744. 592. 542. 434. 274. 112.   1.
432. 488. 601. 771. 970. 883. 400. 291.  96.  18.
887. 612. 619. 600. 472. 493. 458. 339. 370. 100.
616. 966. 761. 612. 654. 367. 422. 307. 181.  64.
354. 513. 664. 795. 834. 595. 414. 592. 158.  31.
478. 439. 493. 602. 679. 963. 873. 410.  13.   0.
 443.  518. 1010.  880.  712.  551.  389.  327.  120.    0.
552. 733. 939. 749. 640. 487. 433. 273. 141.   3.
