405. 759. 845. 847. 861. 710. 344. 156.  23.   0.
 460.  741. 1101.  826.  693.  436.  424.  181.   88.    0.
498. 828. 956. 733. 661. 408. 347. 293. 179.  47.
 477.  907. 1032.  663.  498.  547.  535.  267.   24.    0.
432. 530. 575. 662. 855. 835. 759. 302.   0.   0.
 499.  562. 1022.  753.  717.  611.  413.  288.   85.    0.
 506.  538.  586.  731.  888. 1009.  439.  253.    0.    0.
482. 554. 961. 825. 688. 654. 456. 229. 101.   0.
434. 494. 523. 629. 832. 794. 654. 450. 140.   0.
545. 725. 985. 699. 609. 509. 420. 296. 147.  15.
359. 801. 749. 599. 943. 728. 562. 183.  26.   0.
456. 474. 538. 612. 938. 855. 616. 363.  98.   0.
 503.  603. 1083.  834.  632.  492.  361.  227.  158.   57.
 412.  405.  472.  547.  629.  675. 1204.  506.  100.    0.
453. 451. 495. 526. 620. 884. 993. 527.   1.   0.
 439.  453.  504.  496.  626.  789. 1187.  456.    0.    0.
380. 501. 605. 686. 818. 989. 552. 307. 112.   0.
 481.  588.  557.  607.  804. 1186.  619.  108.    0.    0.
 576.  564.  492.  591. 1209.  965.  304.  237.   12.    0.
707. 631. 567. 513. 554. 443. 497. 743. 295.   0.
 572. 1112. 1191.  804.  408.  326.  296.  194.   47.    0.
 628.  619.  579.  619.  737. 1027.  494.  182.   65.    0.
 596.  555.  544.  531.  612.  714. 1048.  339.   11.    0.
710. 607. 622. 547. 530. 559. 639. 736.   0.   0.
 445.  632. 1233. 1021.  895.  401.  277.   46.    0.    0.
 454.  647. 1076.  822.  684.  495.  415.  220.  137.    0.
473. 533. 770. 984. 654. 581. 488. 403.  64.   0.
911. 877. 736. 634. 543. 450. 342. 258. 170.  29.
906. 812. 630. 528. 495. 461. 422. 379. 235.  82.
887. 804. 683. 595. 485. 450. 392. 314. 224. 116.
 397.  461.  487.  498.  587.  732. 1330.  405.   53.    0.
 454.  424.  455.  492.  559.  668. 1096.  772.   30.    0.
949. 918. 741. 634. 545. 436. 348. 236. 107.  36.
887. 816. 764. 611. 544. 416. 402. 251. 186.  73.
901. 845. 783. 605. 593. 399. 369. 244. 165.  46.
945. 901. 713. 593. 558. 493. 387. 239.  98.  23.
921. 830. 713. 652. 556. 424. 376. 290. 142.  46.
914. 807. 767. 666. 578. 460. 317. 220. 175.  46.
462. 543. 603. 630. 902. 852. 627. 320.  11.   0.
495. 545. 665. 716. 990. 750. 471. 252.  66.   0.
784. 881. 667. 534. 512. 487. 412. 356. 219.  98.
851. 773. 697. 574. 556. 534. 459. 347. 149.  10.
959. 884. 811. 725. 583. 402. 277. 197. 104.   8.
795. 769. 715. 638. 572. 504. 416. 316. 160.  65.
 444.  443.  507.  601. 1191.  748.  484.  325.  207.    0.
831. 844. 719. 669. 544. 474. 382. 266. 167.  54.
