653. 793. 767. 740. 598. 545. 394. 299. 161.   0.
565. 586. 876. 819. 521. 490. 478. 260. 282.  73.
549. 775. 912. 759. 583. 556. 357. 280. 138.  41.
522. 796. 978. 893. 606. 480. 322. 224. 101.  28.
569. 641. 967. 776. 590. 498. 342. 314. 221.  32.
829. 955. 832. 680. 577. 412. 287. 191. 123.  64.
 459.  599. 1056.  799.  604.  511.  397.  276.  190.   59.
 489.  736. 1089.  744.  615.  507.  373.  268.  108.   21.
931. 857. 812. 631. 559. 426. 376. 207. 131.  20.
705. 959. 714. 576. 432. 448. 412. 336. 217. 151.
825. 951. 773. 655. 561. 460. 345. 216. 128.  36.
 465.  623. 1226.  801.  667.  457.  362.  221.  110.   18.
 509.  687. 1032.  715.  589.  463.  399.  314.  179.   63.
902. 806. 691. 651. 581. 432. 357. 292. 172.  66.
 641. 1023.  778.  622.  582.  478.  356.  303.  100.   67.
573. 677. 753. 735. 614. 529. 395. 325. 315.  34.
587. 701. 846. 739. 570. 539. 420. 305. 228.  15.
585. 684. 888. 745. 600. 533. 458. 244. 190.  23.
616. 795. 907. 828. 627. 455. 345. 239. 107.  31.
593. 800. 877. 775. 644. 415. 337. 318. 150.  41.
