342. 406. 417. 458. 546. 804. 703. 451. 715. 108.
 470.  617. 1004.  672.  571.  525.  346.  353.  236.  156.
 360.  401.  482.  418. 1004.  619.  535.  468.  410.  253.
375. 382. 468. 515. 928. 648. 522. 447. 436. 229.
433. 837. 896. 746. 589. 480. 329. 264. 225. 151.
464. 791. 979. 531. 525. 496. 503. 373. 225.  63.
 458.  462.  465.  509.  590.  738. 1270.  458.    0.    0.
289. 688. 971. 975. 772. 564. 398. 222.  62.   9.
 479. 1261.  973.  762.  645.  469.  220.   86.   49.    6.
 395. 1057.  974.  855.  600.  442.  316.  179.   96.   36.
388. 393. 420. 461. 434. 723. 591. 510. 852. 178.
 471. 1034.  807.  703.  582.  441.  309.  262.  248.   93.
291. 646. 823. 900. 943. 663. 415. 199.  62.   8.
449. 429. 880. 771. 662. 925. 322. 362. 138.  12.
255. 565. 740. 958. 843. 764. 455. 341.  29.   0.
287. 467. 736. 919. 724. 822. 568. 295. 132.   0.
 296.  530.  578.  996. 1080.  697.  302.  447.   24.    0.
290. 449. 523. 932. 992. 578. 476. 643.  67.   0.
327. 519. 563. 967. 922. 620. 541. 456.  35.   0.
