 445.  594.  850.  821. 1241.  653.  319.   27.    0.    0.
 555.  723. 1064.  873.  661.  494.  293.  178.   99.   10.
561. 682. 965. 811. 669. 518. 349. 218. 115.  62.
517. 769. 829. 700. 659. 530. 458. 298. 145.  45.
522. 846. 902. 795. 664. 495. 377. 222. 109.  18.
562. 823. 898. 749. 605. 510. 389. 255. 131.  28.
646. 772. 761. 723. 579. 471. 416. 378. 172.  32.
523. 762. 965. 756. 628. 508. 390. 286. 115.  17.
558. 820. 910. 854. 672. 499. 329. 208.  86.  14.
501. 703. 938. 880. 628. 523. 403. 215. 124.  35.
624. 775. 878. 634. 623. 509. 440. 310. 140.  17.
548. 796. 947. 746. 653. 541. 368. 222. 113.  16.
604. 672. 924. 748. 626. 466. 359. 288. 178.  85.
545. 735. 831. 766. 585. 507. 450. 328. 142.  61.
552. 738. 955. 829. 697. 498. 358. 216. 101.   6.
 573.  977. 1104.  813.  626.  447.  257.  117.   34.    2.
 561.  721. 1011.  809.  715.  490.  294.  203.  123.   23.
 522.  706. 1055.  836.  639.  495.  335.  230.  110.   22.
554. 776. 971. 820. 642. 474. 355. 233. 112.  13.
497. 736. 875. 780. 696. 483. 394. 274. 143.  72.
 526.  712. 1084.  842.  679.  462.  327.  182.  119.   17.
601. 775. 949. 767. 646. 533. 377. 238.  61.   3.
572. 762. 920. 772. 657. 528. 369. 206. 109.  55.
522. 745. 906. 789. 624. 488. 431. 268. 141.  36.
 519.  842. 1090.  897.  652.  472.  282.  140.   50.    6.
601. 734. 917. 701. 621. 486. 461. 230. 172.  27.
561. 828. 961. 790. 654. 487. 348. 182. 108.  31.
 529.  721. 1022.  803.  679.  518.  367.  198.   90.   23.
612. 757. 982. 767. 626. 486. 343. 264.  98.  15.
585. 725. 865. 692. 526. 477. 431. 363. 202.  84.
624. 632. 918. 882. 557. 458. 461. 207. 179.  32.
625. 633. 974. 855. 513. 574. 397. 195. 152.  32.
540. 722. 918. 717. 683. 507. 389. 237. 176.  61.
594. 753. 774. 660. 553. 512. 469. 356. 225.  54.
591. 713. 907. 827. 662. 446. 379. 277. 140.   8.
570. 845. 955. 805. 680. 533. 327. 175.  60.   0.
544. 764. 983. 779. 596. 491. 384. 243. 127.  39.
636. 705. 796. 766. 623. 513. 330. 288. 237.  56.
 547.  818. 1116.  788.  647.  425.  327.  186.   79.   17.
527. 651. 861. 770. 628. 537. 413. 279. 191.  93.
567. 781. 871. 718. 598. 496. 433. 309. 146.  31.
593. 814. 900. 762. 583. 522. 417. 241. 109.   9.
549. 754. 962. 788. 634. 478. 342. 257. 149.  37.
608. 645. 760. 706. 672. 515. 453. 295. 234.  62.
584. 711. 871. 724. 613. 537. 363. 319. 198.  30.
539. 878. 973. 845. 652. 477. 314. 205.  60.   7.
582. 790. 964. 766. 596. 487. 325. 265. 148.  27.
513. 712. 879. 766. 685. 484. 433. 276. 142.  60.
582. 802. 798. 644. 585. 529. 442. 336. 176.  56.
547. 776. 781. 707. 623. 559. 424. 299. 188.  46.
582. 800. 788. 652. 611. 543. 465. 316. 144.  49.
552. 821. 853. 729. 602. 473. 426. 278. 161.  55.
563. 838. 828. 626. 581. 528. 446. 361. 148.  31.
512. 744. 931. 905. 683. 498. 348. 193.  98.  38.
575. 834. 913. 772. 690. 524. 342. 234.  62.   4.
615. 811. 796. 706. 575. 547. 443. 293. 144.  20.
 564.  890. 1006.  767.  643.  468.  349.  197.   57.    9.
672. 622. 728. 867. 520. 569. 421. 331. 198.  22.
578. 863. 878. 691. 610. 488. 441. 245. 132.  24.
541. 706. 878. 720. 593. 513. 416. 334. 166.  83.
558. 791. 894. 803. 599. 471. 400. 292. 106.  36.
640. 759. 893. 703. 653. 484. 380. 293. 135.  10.
574. 755. 794. 724. 549. 543. 433. 328. 189.  61.
525. 671. 909. 751. 655. 526. 417. 285. 174.  37.
559. 786. 930. 724. 660. 537. 420. 213. 114.   7.
608. 809. 892. 772. 597. 466. 411. 287. 101.   7.
560. 783. 996. 798. 602. 452. 377. 238. 105.  39.
575. 793. 821. 717. 650. 484. 369. 294. 176.  71.
565. 875. 897. 669. 625. 527. 417. 240. 118.  17.
548. 793. 971. 798. 655. 485. 357. 217. 102.  24.
620. 794. 835. 693. 558. 514. 450. 322. 137.  27.
 472.  639.  630.  788. 1207.  833.  374.    7.    0.    0.
577. 746. 878. 726. 599. 519. 394. 308. 166.  37.
583. 969. 946. 744. 586. 489. 316. 202.  89.  26.
540. 707. 880. 807. 697. 479. 374. 259. 149.  58.
587. 703. 929. 824. 648. 537. 326. 247. 139.  10.
591. 831. 984. 777. 650. 506. 307. 213.  83.   8.
632. 687. 823. 778. 592. 524. 412. 249. 216.  37.
579. 761. 849. 734. 648. 564. 426. 258. 120.  11.
596. 781. 845. 730. 673. 528. 412. 246. 126.  13.
530. 675. 814. 897. 737. 521. 333. 254. 135.  54.
521. 766. 989. 754. 600. 477. 427. 228. 151.  37.
556. 770. 967. 824. 717. 496. 302. 214.  92.  12.
593. 730. 894. 686. 539. 542. 405. 277. 234.  50.
547. 709. 925. 725. 613. 501. 413. 344. 143.  30.
 530.  767. 1061.  774.  623.  492.  353.  218.  114.   18.
585. 854. 999. 833. 594. 434. 389. 207.  53.   2.
605. 733. 947. 797. 607. 456. 388. 271. 121.  25.
600. 657. 763. 748. 664. 481. 387. 357. 226.  67.
573. 873. 935. 764. 592. 509. 340. 233. 115.  16.
524. 663. 953. 900. 630. 452. 390. 252. 128.  58.
 530.  822. 1193.  837.  629.  468.  276.  142.   48.    5.
633. 786. 825. 699. 650. 572. 423. 254.  98.  10.
541. 705. 836. 701. 618. 484. 487. 279. 214.  85.
593. 638. 881. 739. 598. 532. 417. 334. 187.  31.
650. 744. 977. 703. 591. 529. 422. 251.  81.   2.
 539.  733. 1050.  853.  647.  506.  271.  209.  125.   17.
626. 808. 798. 682. 591. 514. 473. 322. 131.   5.
567. 654. 874. 769. 594. 513. 479. 252. 198.  50.
603. 690. 995. 760. 714. 453. 338. 239. 135.  23.
569. 681. 777. 716. 640. 495. 431. 360. 219.  62.
524. 788. 891. 763. 607. 497. 433. 252. 144.  51.
 583.  673. 1048.  724.  627.  497.  403.  215.  165.   15.
576. 743. 881. 742. 549. 447. 411. 318. 199.  84.
538. 716. 918. 819. 665. 498. 404. 267. 103.  22.
577. 648. 928. 880. 750. 495. 307. 199. 138.  28.
642. 875. 850. 650. 552. 517. 466. 292. 103.   3.
624. 845. 760. 705. 653. 556. 406. 272. 114.  15.
556. 746. 919. 701. 639. 547. 428. 262. 117.  35.
557. 845. 904. 761. 599. 499. 368. 265. 109.  43.
568. 662. 914. 930. 634. 443. 355. 228. 174.  42.
600. 879. 899. 667. 545. 487. 396. 284. 143.  50.
564. 834. 871. 721. 614. 532. 404. 276. 121.  13.
 515.  697. 1043.  770.  656.  468.  389.  222.  143.   47.
624. 798. 702. 517. 515. 554. 527. 394. 233.  86.
704. 749. 719. 595. 501. 585. 513. 383. 179.  22.
619. 808. 742. 737. 634. 509. 387. 332. 149.  33.
574. 733. 917. 824. 658. 462. 332. 278. 151.  21.
540. 814. 817. 736. 602. 531. 424. 291. 154.  41.
646. 749. 987. 754. 593. 497. 370. 238.  99.  17.
515. 704. 905. 790. 739. 526. 376. 225. 122.  48.
612. 830. 787. 669. 607. 548. 459. 297. 133.   8.
 557.  715. 1122.  857.  628.  467.  302.  184.  110.    8.
513. 752. 970. 860. 658. 483. 298. 245. 133.  38.
542. 699. 827. 739. 613. 519. 456. 311. 190.  54.
 559.  743. 1038.  765.  638.  492.  380.  243.   88.    4.
558. 853. 930. 748. 643. 527. 368. 182. 104.  37.
 562.  771. 1195.  884.  628.  372.  316.  150.   69.    3.
 562.  677. 1098.  879.  708.  457.  282.  168.   87.   32.
610. 774. 835. 658. 584. 494. 455. 301. 198.  41.
572. 670. 861. 874. 720. 521. 361. 268.  90.  13.
608. 719. 823. 669. 661. 503. 424. 331. 175.  37.
621. 926. 859. 677. 627. 565. 446. 182.  47.   0.
 519.  656. 1083.  871.  592.  494.  324.  219.  138.   54.
525. 753. 878. 809. 665. 541. 394. 245. 111.  29.
611. 743. 857. 754. 660. 520. 403. 271. 116.  15.
564. 796. 975. 813. 686. 488. 367. 170.  77.  14.
 571.  813. 1012.  759.  619.  457.  381.  195.  119.   24.
553. 711. 830. 753. 646. 529. 397. 298. 185.  48.
571. 756. 959. 799. 628. 463. 379. 228. 146.  21.
564. 748. 777. 603. 588. 553. 436. 359. 252.  70.
 579.  661. 1004.  800.  580.  537.  397.  232.  139.   21.
 490.  659.  627.  929. 1189.  777.  274.    5.    0.    0.
593. 781. 931. 790. 657. 521. 347. 218. 105.   7.
590. 693. 902. 831. 644. 491. 396. 265. 110.  28.
 503.  659. 1061.  978.  650.  446.  293.  222.   94.   44.
571. 774. 795. 724. 693. 524. 457. 254. 145.  13.
5.62e+02 8.02e+02 1.21e+03 8.92e+02 6.07e+02 4.36e+02 2.45e+02 1.57e+02
 3.80e+01 1.00e+00
635. 794. 947. 721. 592. 502. 424. 245.  83.   7.
512. 810. 849. 807. 598. 517. 422. 256. 132.  47.
594. 814. 913. 765. 603. 512. 356. 253. 113.  27.
539. 673. 982. 862. 656. 503. 337. 245. 138.  15.
656. 734. 767. 772. 609. 564. 397. 278. 146.  27.
551. 885. 945. 745. 629. 544. 383. 200.  66.   2.
545. 776. 933. 816. 672. 500. 351. 228. 100.  29.
540. 691. 916. 864. 658. 472. 365. 264. 140.  40.
568. 851. 855. 780. 650. 537. 353. 233. 118.   5.
584. 677. 965. 743. 694. 467. 366. 260. 166.  28.
 531.  826. 1028.  764.  608.  513.  358.  218.   83.   21.
649. 560. 829. 675. 664. 491. 394. 317. 306.  65.
 558.  749. 1065.  749.  657.  484.  375.  207.   91.   15.
521. 710. 915. 908. 659. 521. 343. 215. 134.  24.
592. 793. 933. 730. 640. 500. 355. 269. 130.   8.
570. 790. 959. 774. 623. 530. 337. 218. 140.   9.
550. 822. 893. 697. 615. 532. 432. 246. 140.  23.
539. 691. 859. 685. 572. 553. 410. 333. 218.  90.
591. 723. 938. 771. 599. 520. 444. 245. 113.   6.
 556.  898. 1045.  836.  632.  485.  307.  156.   35.    0.
 548.  756. 1085.  754.  607.  470.  382.  225.  103.   20.
540. 701. 916. 718. 603. 497. 420. 297. 173.  85.
602. 823. 716. 749. 561. 527. 473. 320. 158.  21.
558. 726. 896. 772. 630. 533. 381. 265. 148.  41.
593. 748. 917. 790. 694. 514. 362. 230.  96.   6.
 596.  812. 1113.  794.  654.  494.  298.  132.   55.    2.
591. 684. 942. 718. 616. 544. 395. 279. 154.  27.
528. 693. 867. 891. 695. 513. 367. 229. 134.  33.
 508.  764. 1034.  829.  662.  489.  349.  206.   84.   25.
677. 662. 834. 797. 658. 418. 437. 324. 136.   7.
618. 756. 829. 662. 646. 524. 435. 273. 169.  38.
 527.  764. 1026.  751.  636.  501.  373.  200.  108.   64.
 586.  731. 1005.  736.  588.  537.  401.  219.  128.   19.
541. 688. 871. 812. 606. 495. 452. 280. 161.  44.
558. 776. 914. 752. 647. 484. 381. 272. 158.   8.
 551.  803. 1093.  782.  657.  456.  316.  183.   92.   17.
564. 746. 975. 741. 597. 467. 390. 271. 111.  88.
522. 639. 787. 757. 709. 538. 369. 316. 167. 146.
 579.  636. 1048.  813.  690.  497.  301.  224.  146.   16.
5.720e+02 8.550e+02 1.015e+03 8.930e+02 6.870e+02 4.510e+02 3.120e+02
 1.160e+02 4.800e+01 1.000e+00
668. 753. 835. 776. 631. 526. 374. 295.  88.   4.
592. 601. 900. 787. 675. 495. 349. 289. 212.  50.
580. 807. 890. 654. 584. 456. 457. 295. 188.  39.
592. 747. 716. 597. 555. 510. 441. 449. 232. 111.
643. 756. 795. 736. 561. 487. 438. 367. 156.  11.
668. 687. 834. 727. 571. 452. 383. 367. 225.  36.
610. 765. 800. 731. 606. 503. 424. 330. 155.  26.
556. 797. 842. 754. 685. 569. 405. 244.  94.   4.
 557.  791. 1018.  727.  688.  501.  378.  189.   85.   16.
606. 809. 814. 670. 624. 553. 416. 290. 157.  11.
573. 914. 955. 740. 644. 511. 330. 213.  65.   5.
562. 616. 851. 817. 658. 554. 394. 261. 171.  66.
 522.  798. 1147.  829.  625.  466.  312.  159.   70.   22.
499. 779. 906. 744. 631. 535. 430. 244. 142.  40.
631. 841. 870. 598. 615. 529. 456. 261. 121.  28.
627. 709. 942. 772. 577. 488. 359. 295. 164.  17.
 530.  678. 1034.  872.  684.  480.  331.  181.  128.   32.
563. 793. 802. 734. 659. 570. 439. 243. 130.  17.
553. 789. 915. 744. 630. 530. 425. 225. 124.  15.
588. 809. 987. 805. 642. 453. 327. 228. 102.   9.
627. 805. 800. 736. 632. 507. 423. 296. 115.   9.
600. 792. 804. 714. 624. 532. 415. 302. 142.  25.
 544.  693. 1179.  839.  647.  455.  292.  182.   98.   21.
545. 622. 984. 853. 712. 490. 357. 202. 154.  31.
548. 716. 995. 813. 607. 502. 385. 255. 105.  24.
