 443.  453.  491.  721.  808.  805. 1006.  223.    0.    0.
611. 927. 718. 616. 506. 522. 408. 301. 223. 118.
 472.  421.  461.  618.  754. 1046.  601.  384.  193.    0.
458. 469. 537. 579. 702. 994. 598. 426. 187.   0.
 437.  436.  487.  493.  568.  743. 1341.  445.    0.    0.
 422.  464.  488.  512.  580.  702. 1321.  461.    0.    0.
 466.  476.  478.  498.  553.  738. 1309.  432.    0.    0.
 413.  464.  484.  503.  612.  715. 1316.  443.    0.    0.
 421.  479.  486.  511.  597.  688. 1318.  450.    0.    0.
 451.  515.  510.  523.  588.  695. 1235.  433.    0.    0.
455. 853. 930. 639. 544. 486. 409. 244. 217. 173.
419. 933. 846. 587. 511. 480. 427. 343. 233. 171.
 456. 1028.  772.  509.  499.  484.  466.  402.  243.   91.
445. 936. 902. 674. 622. 422. 384. 231. 229. 105.
 420.  482.  487.  533.  660.  995. 1025.  348.    0.    0.
