 624.  946. 1009.  882.  654.  474.  225.  108.   26.    2.
 448.  495.  499.  505.  539.  740. 1002.  662.   60.    0.
620. 998. 865. 674. 576. 446. 377. 223. 117.  54.
 412.  937. 1252. 1066.  705.  361.  171.   42.    4.    0.
473. 660. 666. 859. 651. 543. 439. 405. 219.  35.
 531. 1035.  884.  712.  560.  470.  349.  264.  125.   20.
459. 912. 689. 633. 612. 521. 486. 381. 224.  33.
666. 999. 743. 684. 573. 426. 368. 289. 159.  43.
597. 998. 847. 778. 569. 478. 352. 232.  79.  20.
839. 789. 726. 614. 578. 480. 431. 281. 183.  29.
532. 943. 733. 672. 591. 507. 407. 296. 240.  29.
 665. 1042.  786.  699.  565.  462.  333.  236.  128.   34.
634. 853. 674. 609. 547. 492. 423. 366. 280.  72.
825. 811. 741. 645. 597. 463. 400. 295. 140.  33.
 499.  713. 1010.  733.  622.  508.  396.  258.  166.   45.
 517.  720. 1072.  613.  596.  543.  453.  280.  125.   31.
 511.  832. 1002.  654.  602.  538.  429.  242.  107.   33.
 526.  918. 1002.  709.  558.  537.  348.  233.  101.   18.
 447.  630. 1003.  775.  623.  481.  423.  317.  170.   81.
 495.  739. 1149.  775.  663.  437.  325.  213.  125.   29.
 476.  680. 1058.  845.  652.  503.  325.  233.  155.   23.
 580.  768. 1075.  734.  608.  531.  325.  204.  116.    9.
500. 750. 895. 686. 558. 478. 351. 325. 302. 105.
502. 851. 823. 731. 665. 499. 304. 216. 231. 128.
 471.  561. 1150.  819.  644.  534.  341.  228.  198.    4.
 482.  835. 1015.  677.  558.  542.  395.  298.  136.   12.
 477.  676. 1079.  830.  638.  482.  361.  227.  163.   17.
 483.  704. 1006.  761.  581.  504.  364.  314.  167.   66.
479. 745. 936. 738. 598. 510. 420. 317. 174.  33.
 495.  690. 1070.  758.  579.  514.  365.  268.  170.   41.
