 437.  445. 1067.  694.  547.  469.  435.  395.  257.  204.
378. 419. 430. 508. 939. 766. 535. 390. 420. 165.
363. 416. 462. 454. 507. 908. 562. 488. 629. 161.
 471.  415.  453.  553.  558.  703. 1335.  462.    0.    0.
 444.  466.  503.  509.  547.  697. 1323.  461.    0.    0.
 491.  485.  447.  440.  520.  770. 1376.  421.    0.    0.
 455.  435.  492.  502.  591.  731. 1401.  343.    0.    0.
 444.  455.  461.  529.  606.  727. 1263.  465.    0.    0.
 468.  434.  508.  460.  622.  689. 1302.  467.    0.    0.
 446.  441.  475.  531.  572.  760. 1303.  422.    0.    0.
 423.  456.  468.  556.  564.  728. 1353.  402.    0.    0.
507. 993. 812. 733. 551. 459. 347. 220. 208. 120.
459. 512. 907. 599. 516. 467. 400. 388. 332. 370.
 449.  453.  447.  485.  601.  719. 1295.  501.    0.    0.
 589.  419.  447.  496.  464.  601.  912. 1022.    0.    0.
969. 812. 770. 661. 487. 506. 345. 229. 127.  44.
445. 541. 741. 643. 679. 631. 595. 473. 202.   0.
