364. 603. 696. 682. 837. 936. 614. 218.   0.   0.
 394.  453. 1040.  808.  609.  516.  416.  261.  256.  197.
258. 547. 605. 858. 737. 816. 624. 321. 123.  61.
378. 639. 596. 576. 678. 954. 803. 326.   0.   0.
422. 473. 959. 754. 572. 479. 413. 333. 270. 275.
283. 595. 809. 874. 713. 810. 534. 226.  88.  18.
 474.  828. 1090. 1117.  666.  376.  271.  112.   16.    0.
519. 787. 683. 832. 942. 741. 257. 154.  35.   0.
 442.  465.  509.  531.  889. 1063.  538.  383.  130.    0.
397. 468. 494. 555. 784. 873. 647. 508. 224.   0.
 362.  398.  400.  410.  491.  514.  505. 1300.  407.  163.
288. 575. 791. 818. 874. 662. 536. 298. 108.   0.
285. 598. 801. 770. 844. 697. 542. 315.  87.  11.
397. 742. 796. 761. 560. 495. 467. 423. 272.  37.
319. 649. 827. 765. 699. 575. 518. 399. 178.  21.
268. 618. 880. 875. 882. 717. 441. 173.  57.  39.
427. 554. 768. 858. 535. 486. 454. 285. 405. 178.
276. 637. 800. 863. 760. 663. 517. 326.  95.  13.
307. 550. 662. 773. 811. 687. 522. 444. 179.  15.
