460. 506. 504. 673. 718. 863. 907. 319.   0.   0.
459. 488. 526. 772. 720. 782. 851. 352.   0.   0.
499. 541. 517. 688. 803. 900. 852. 150.   0.   0.
432. 489. 537. 699. 721. 828. 935. 309.   0.   0.
494. 508. 560. 785. 856. 787. 667. 293.   0.   0.
459. 476. 551. 754. 900. 794. 717. 299.   0.   0.
 478.  451.  626. 1159.  778.  563.  397.  229.  165.  104.
463. 598. 820. 804. 690. 649. 548. 276.  96.   6.
 449. 1071.  788.  648.  555.  508.  370.  302.  221.   38.
 461.  498.  641. 1183.  725.  553.  412.  264.  167.   46.
463. 528. 528. 569. 857. 867. 865. 273.   0.   0.
460. 506. 502. 687. 960. 956. 700. 179.   0.   0.
454. 446. 545. 697. 855. 803. 934. 216.   0.   0.
461. 496. 526. 747. 928. 927. 574. 291.   0.   0.
468. 517. 524. 686. 717. 711. 836. 491.   0.   0.
 477.  510.  675. 1172.  745.  534.  386.  284.  129.   38.
379. 670. 831. 921. 613. 577. 498. 308. 113.  40.
 472. 1003.  739.  599.  531.  460.  419.  326.  260.  141.
 468.  518.  631. 1180.  723.  570.  435.  270.  136.   19.
608. 920. 768. 603. 607. 468. 410. 339. 178.  49.
 438.  515.  489.  580.  633.  781. 1311.  203.    0.    0.
556. 714. 861. 753. 673. 498. 473. 422.   0.   0.
451. 487. 507. 732. 936. 801. 913. 123.   0.   0.
