429. 682. 730. 842. 561. 517. 430. 393. 250. 116.
561. 882. 862. 695. 446. 488. 398. 302. 141. 175.
 359.  371.  405.  481.  436.  507.  562. 1312.  398.  119.
 364.  367.  402.  443.  407.  524.  520. 1337.  437.  149.
 364.  387.  419.  487.  495.  485.  543. 1312.  361.   97.
 417.  433.  500.  510.  532. 1009.  614.  608.  327.    0.
715. 973. 782. 698. 554. 452. 334. 260. 127.  55.
 467.  519. 1101.  583.  567.  472.  410.  414.  275.  142.
347. 436. 423. 442. 866. 739. 546. 462. 501. 188.
 467. 1150.  723.  625.  519.  471.  408.  324.  176.   87.
609. 949. 846. 786. 621. 412. 325. 230. 148.  24.
709. 976. 784. 627. 546. 470. 381. 315. 119.  23.
 596. 1034.  962.  711.  588.  470.  335.  177.   70.    7.
709. 913. 722. 662. 556. 456. 392. 331. 181.  28.
578. 842. 909. 695. 592. 449. 329. 273. 211.  72.
641. 815. 884. 684. 571. 485. 344. 307. 170.  49.
577. 818. 950. 720. 604. 474. 373. 251. 149.  34.
627. 947. 986. 720. 593. 434. 273. 218.  98.  54.
600. 761. 871. 719. 594. 453. 381. 290. 211.  70.
598. 937. 870. 627. 564. 481. 401. 280. 163.  29.
619. 988. 761. 598. 536. 506. 424. 292. 158.  68.
659. 923. 820. 700. 536. 479. 344. 241. 175.  73.
665. 911. 779. 661. 592. 449. 346. 242. 214.  91.
 822. 1055.  825.  667.  530.  457.  315.  192.   72.   15.
759. 875. 761. 663. 519. 471. 377. 257. 185.  83.
 678. 1035.  844.  725.  589.  429.  299.  213.  106.   32.
605. 935. 776. 747. 591. 534. 344. 216. 157.  45.
782. 913. 741. 631. 544. 455. 367. 281. 181.  55.
 498. 1115.  770.  636.  541.  488.  365.  287.  163.   87.
 489. 1030.  763.  739.  557.  498.  316.  225.  208.  125.
 522. 1101.  747.  570.  491.  511.  392.  306.  163.  147.
468. 886. 885. 996. 838. 466. 178. 164.  69.   0.
626. 835. 830. 777. 688. 454. 237. 259. 185.  59.
525. 912. 936. 852. 684. 520. 336. 164.  21.   0.
 546.  918. 1020. 1003.  784.  391.  169.   93.   26.    0.
5.540e+02 9.550e+02 1.011e+03 9.080e+02 7.200e+02 4.040e+02 2.170e+02
 1.440e+02 3.600e+01 1.000e+00
 532.  945. 1018.  999.  776.  358.  199.   94.   29.    0.
 547.  735.  814. 1037.  892.  434.  237.  215.   39.    0.
 561. 1041. 1046.  962.  705.  255.  223.  132.   25.    0.
 531.  871. 1076.  900.  615.  425.  272.  202.   58.    0.
785. 943. 778. 649. 550. 474. 342. 261. 144.  24.
 531.  721. 1030.  740.  589.  457.  459.  353.   70.    0.
 455.  792. 1081.  770.  544.  511.  360.  241.  196.    0.
521. 779. 970. 686. 591. 451. 383. 331. 238.   0.
 525.  753. 1128.  743.  642.  459.  379.  180.  141.    0.
 499.  584. 1327.  838.  645.  445.  285.  291.   36.    0.
 525.  655. 1167.  697.  635.  477.  400.  341.   53.    0.
569. 732. 924. 727. 467. 497. 458. 285. 291.   0.
 512.  784. 1002.  721.  539.  524.  357.  316.  195.    0.
 495.  798. 1023.  704.  535.  506.  350.  333.  206.    0.
 535.  771. 1143.  773.  577.  431.  430.  224.   66.    0.
 473.  792. 1070.  762.  629.  475.  334.  233.  182.    0.
 565.  835. 1087.  740.  592.  493.  378.  192.   68.    0.
 502.  769. 1100.  723.  597.  475.  374.  266.  144.    0.
 512.  797. 1085.  735.  593.  502.  376.  211.  139.    0.
542. 853. 970. 670. 563. 540. 364. 267. 181.   0.
 526.  789. 1066.  727.  629.  508.  287.  297.  121.    0.
 533.  832. 1032.  711.  579.  511.  388.  252.  112.    0.
 522.  804. 1132.  764.  586.  456.  342.  240.  104.    0.
 503.  832. 1031.  652.  589.  472.  504.  250.  117.    0.
 513.  798. 1221.  815.  641.  437.  264.  184.   77.    0.
524. 787. 924. 757. 613. 422. 414. 295. 214.   0.
 537.  708. 1026.  759.  525.  533.  335.  333.  194.    0.
 532.  798. 1174.  803.  653.  416.  303.  171.  100.    0.
 480.  811. 1050.  804.  627.  428.  358.  268.  124.    0.
556. 765. 947. 741. 572. 429. 428. 322. 190.   0.
 536.  797. 1041.  597.  469.  582.  362.  401.  165.    0.
 495.  777. 1112.  707.  608.  493.  423.  212.  123.    0.
 500.  800. 1167.  707.  591.  504.  410.  210.   61.    0.
 533.  757. 1022.  748.  659.  455.  329.  296.  151.    0.
 524.  790. 1028.  634.  581.  500.  466.  275.  152.    0.
555. 874. 947. 526. 567. 501. 549. 234. 197.   0.
658. 928. 899. 940. 753. 454. 201.  97.  20.   0.
535. 614. 722. 911. 716. 491. 416. 364. 181.   0.
588. 792. 875. 916. 912. 625. 155.  70.  17.   0.
841. 895. 787. 655. 588. 428. 335. 229. 146.  46.
817. 932. 833. 636. 536. 481. 323. 247. 125.  20.
 573.  766. 1319.  780.  611.  407.  280.  143.   60.   11.
686. 969. 839. 678. 532. 486. 332. 218. 141.  69.
537. 883. 926. 679. 544. 511. 409. 244. 137.  80.
 522.  581.  552.  813. 1206.  707.  417.  124.   28.    0.
 786. 1017.  767.  626.  540.  443.  367.  239.  133.   32.
856. 937. 779. 689. 552. 421. 335. 235. 114.  32.
811. 931. 736. 654. 557. 465. 346. 254. 142.  54.
538. 999. 941. 779. 602. 445. 283. 191. 111.  61.
466. 592. 664. 765. 935. 732. 455. 213. 128.   0.
892. 927. 773. 696. 541. 442. 358. 205.  83.  33.
882. 854. 746. 651. 522. 470. 370. 279. 140.  36.
807. 901. 793. 644. 570. 465. 350. 225. 128.  67.
847. 877. 702. 613. 564. 520. 345. 269. 162.  51.
577. 742. 978. 813. 779. 528. 298. 169.  66.   0.
884. 779. 719. 560. 521. 445. 452. 288. 225.  77.
563. 709. 673. 775. 881. 606. 449. 222.  72.   0.
750. 952. 693. 649. 538. 432. 375. 288. 170. 103.
710. 767. 854. 492. 461. 397. 397. 501. 328.  43.
590. 800. 658. 905. 874. 469. 370. 220.  64.   0.
608. 953. 794. 653. 473. 444. 374. 259. 379.  13.
563. 854. 539. 496. 612. 774. 692. 339.  81.   0.
646. 841. 665. 577. 660. 727. 556. 244.  34.   0.
478. 693. 686. 742. 890. 879. 461. 115.   6.   0.
427. 745. 650. 758. 922. 942. 428.  78.   0.   0.
447. 546. 538. 581. 853. 714. 600. 548. 123.   0.
 517.  681. 1005. 1205.  725.  437.  293.   85.    2.    0.
364. 426. 397. 456. 500. 926. 535. 490. 673. 183.
 613. 1011.  829.  674.  586.  423.  362.  264.  137.   51.
 588. 1043.  834.  756.  567.  474.  290.  196.  143.   59.
 642. 1047.  757.  714.  609.  417.  325.  242.  137.   60.
631. 968. 777. 648. 565. 454. 368. 276. 174.  89.
703. 950. 701. 657. 561. 469. 377. 276. 185.  71.
341. 411. 428. 443. 535. 888. 672. 468. 617. 147.
340. 856. 891. 866. 814. 582. 306. 183.  75.  37.
 450. 1007. 1118. 1090.  728.  394.   83.   47.   33.    0.
 512. 1040.  996.  962.  877.  296.  100.  112.   55.    0.
571. 443. 462. 619. 860. 682. 601. 432. 205.  75.
 356.  369.  421.  464.  452.  565.  517. 1341.  377.   88.
