 392.  367.  429.  432.  505.  566.  714. 1205.  285.   55.
 349.  433.  422.  377.  437.  532.  841. 1000.  470.   89.
394. 442. 476. 497. 559. 771. 629. 535. 624.  23.
468. 703. 770. 883. 962. 553. 311. 216.  84.   0.
470. 475. 492. 753. 968. 636. 578. 380. 198.   0.
485. 470. 501. 753. 793. 593. 567. 433. 355.   0.
514. 466. 566. 726. 983. 661. 531. 363. 140.   0.
 447.  510.  529.  679. 1046.  692.  538.  299.  210.    0.
456. 492. 673. 950. 639. 467. 476. 384. 214. 199.
 478.  558. 1219.  920.  682.  495.  248.  239.  111.    0.
 445.  483.  519.  722. 1124.  708.  500.  313.  136.    0.
496. 586. 995. 822. 680. 429. 407. 280. 211.  44.
 528.  706. 1014.  812.  655.  573.  352.  218.   74.   18.
 457.  480.  639. 1057.  795.  586.  486.  290.  139.   21.
460. 504. 642. 989. 624. 589. 550. 366. 188.  38.
 470.  506.  638. 1010.  850.  596.  417.  287.  156.   20.
 445.  528.  669. 1091.  679.  567.  503.  267.  176.   25.
473. 538. 715. 923. 566. 579. 529. 385. 215.  27.
 488.  500.  719. 1115.  734.  563.  454.  241.  123.   13.
