687. 870. 868. 697. 548. 500. 379. 239. 140.  22.
 528.  737. 1067.  813.  641.  467.  325.  207.  147.   18.
390. 449. 489. 507. 743. 722. 508. 436. 518. 188.
607. 882. 817. 632. 463. 524. 438. 352. 207.  28.
915. 763. 718. 593. 620. 506. 321. 359. 153.   2.
836. 800. 621. 578. 535. 436. 418. 386. 228. 112.
878. 862. 751. 642. 460. 405. 419. 302. 151.  80.
896. 823. 711. 632. 505. 494. 397. 320. 115.  57.
849. 757. 678. 696. 575. 412. 372. 324. 217.  70.
489. 408. 891. 955. 530. 532. 359. 391. 303.  92.
 534.  519.  561. 1051.  949.  589.  350.  256.  133.    8.
 463.  503.  641. 1186.  789.  550.  343.  277.  158.   40.
763. 845. 704. 655. 616. 454. 391. 284. 207.  31.
540. 586. 575. 550. 511. 526. 608. 862. 192.   0.
787. 766. 772. 674. 611. 488. 417. 278. 151.   6.
798. 768. 677. 683. 680. 589. 374. 244. 137.   0.
468. 500. 609. 876. 595. 611. 602. 447. 226.  16.
 411.  358.  496.  486.  500.  609.  833. 1048.  209.    0.
460. 441. 496. 562. 742. 839. 663. 527. 220.   0.
434. 493. 490. 557. 688. 906. 641. 489. 252.   0.
