864. 785. 750. 578. 497. 478. 433. 285. 193.  87.
896. 864. 731. 623. 530. 441. 357. 273. 179.  56.
 478.  567. 1070.  749.  568.  510.  393.  253.  276.   86.
767. 829. 715. 625. 485. 483. 402. 292. 263.  89.
 453.  499.  566.  588. 1058.  673.  528.  406.  179.    0.
 576. 1335. 1074.  857.  566.  313.  126.   84.   19.    0.
569. 950. 906. 670. 546. 506. 336. 301. 143.  23.
456. 498. 928. 987. 785. 540. 390. 247. 104.  15.
 522.  982. 1066.  913.  796.  469.  158.   39.    5.    0.
538. 711. 885. 866. 510. 512. 461. 304. 139.  24.
485. 486. 808. 906. 859. 583. 413. 395.  15.   0.
429. 568. 739. 862. 878. 631. 673. 170.   0.   0.
444. 947. 841. 624. 572. 489. 442. 323. 181.  87.
 705. 1039.  844.  665.  584.  461.  354.  170.  106.   22.
835. 806. 778. 678. 533. 459. 354. 240. 179.  88.
531. 990. 957. 758. 591. 415. 330. 220. 141.  17.
593. 958. 809. 684. 587. 424. 408. 292. 167.  28.
562. 941. 799. 672. 576. 439. 352. 318. 205.  86.
496. 877. 933. 651. 590. 479. 365. 303. 175.  81.
460. 492. 931. 890. 649. 505. 421. 286. 212. 104.
493. 920. 905. 721. 604. 492. 396. 276. 111.  32.
 445.  503.  536.  649.  719.  816. 1040.  222.   20.    0.
459. 541. 505. 830. 723. 660. 534. 465. 208.  25.
 522.  662. 1091.  856.  580.  490.  341.  182.  166.   60.
 581.  885. 1014.  640.  606.  502.  422.  203.   86.   11.
365. 729. 926. 951. 866. 775. 273.  60.   5.   0.
614. 935. 741. 666. 610. 487. 364. 286. 166.  81.
767. 787. 695. 639. 573. 481. 353. 302. 252. 101.
639. 969. 710. 483. 419. 500. 485. 412. 322.  11.
 513. 1107.  834.  716.  579.  465.  330.  231.  123.   52.
777. 997. 903. 660. 579. 413. 341. 149. 113.  18.
448. 769. 923. 796. 677. 631. 473. 203.  30.   0.
792. 926. 748. 608. 548. 456. 383. 277. 158.  54.
 495.  911. 1181.  939.  576.  413.  234.  153.   48.    0.
 524. 1022.  965.  732.  597.  447.  341.  205.  100.   17.
555. 897. 706. 665. 527. 541. 489. 365. 174.  31.
506. 790. 928. 964. 656. 450. 257. 228. 130.  41.
 502.  704.  931. 1009.  832.  613.  349.   10.    0.    0.
766. 981. 581. 481. 465. 461. 493. 450. 185.  87.
552. 879. 833. 650. 566. 494. 394. 298. 216.  68.
 587. 1039.  921.  670.  603.  418.  353.  185.  129.   45.
719. 994. 702. 629. 528. 486. 389. 305. 156.  42.
 582. 1046.  836.  662.  527.  539.  356.  267.  112.   23.
 520.  823. 1059.  762.  740.  488.  346.  182.   30.    0.
 397.  397.  472.  481.  472.  498.  788. 1117.  277.   51.
451. 549. 794. 905. 891. 594. 559. 195.  12.   0.
 508. 1121. 1021.  911.  686.  449.  188.   56.   10.    0.
 459. 1014. 1133.  978.  781.  464.  107.   14.    0.    0.
384. 731. 864. 964. 754. 574. 469. 195.  15.   0.
457. 894. 745. 635. 516. 609. 499. 381. 202.  12.
6.740e+02 6.210e+02 5.920e+02 4.560e+02 1.209e+03 7.070e+02 5.410e+02
 1.490e+02 1.000e+00 0.000e+00
 436.  694. 1025.  968.  630.  485.  352.  249.   98.   13.
 603.  818. 1010.  904.  744.  430.  267.  135.   39.    0.
