 423.  470.  486.  517.  546.  761. 1291.  456.    0.    0.
 482.  637.  524.  591.  594. 1170.  710.  242.    0.    0.
698. 942. 681. 507. 541. 434. 541. 495. 110.   1.
 610.  592.  363.  371.  526.  896. 1105.  434.   53.    0.
 437.  432.  496.  522.  578.  734. 1306.  445.    0.    0.
 466.  477.  469.  513.  568.  728. 1311.  418.    0.    0.
 470.  437.  470.  484.  559.  742. 1334.  454.    0.    0.
 447.  447.  463.  495.  583.  720. 1364.  431.    0.    0.
673. 693. 607. 547. 545. 540. 617. 660.  68.   0.
 442.  494.  436.  544.  626. 1048.  757.  566.   37.    0.
434. 449. 505. 525. 645. 959. 890. 516.  27.   0.
 399.  416.  517.  901.  504.  676. 1098.  439.    0.    0.
442. 470. 536. 616. 775. 934. 636. 502.  39.   0.
 588.  891. 1065.  699.  543.  526.  319.  223.   93.    3.
 404.  648.  972. 1077.  869.  617.  272.   81.   10.    0.
346. 677. 933. 856. 767. 624. 474. 258.  15.   0.
477. 533. 685. 971. 701. 537. 481. 272. 251.  42.
789. 835. 744. 659. 591. 452. 329. 249. 215.  87.
 501.  537.  872. 1039.  770.  532.  371.  215.  107.    6.
324. 628. 737. 851. 964. 738. 551. 157.   0.   0.
 455.  486.  553.  552.  657. 1059.  860.  300.   28.    0.
 454.  592.  931. 1081.  811.  475.  281.  201.  115.    9.
855. 821. 724. 623. 559. 460. 369. 296. 175.  68.
464. 702. 974. 902. 620. 451. 296. 313. 176.  52.
526. 548. 866. 953. 657. 536. 448. 289. 110.  17.
301. 671. 653. 700. 877. 774. 548. 426.   0.   0.
 450.  491.  498.  586.  705. 1142.  848.  209.   21.    0.
 529.  721. 1022.  759.  622.  446.  358.  283.  156.   54.
299. 668. 707. 846. 935. 835. 532. 128.   0.   0.
 461.  459.  492.  528.  652.  902. 1176.  280.    0.    0.
831. 881. 779. 674. 600. 438. 291. 248. 129.  79.
927. 781. 731. 693. 586. 436. 313. 225. 186.  72.
825. 985. 796. 685. 548. 456. 358. 181.  89.  27.
883. 901. 637. 556. 513. 507. 447. 297. 167.  42.
 782. 1007.  801.  701.  559.  436.  302.  220.  108.   34.
497. 638. 994. 811. 613. 515. 400. 292. 166.  24.
607. 819. 935. 758. 694. 508. 402. 208.  19.   0.
710. 854. 798. 766. 668. 605. 412. 123.  14.   0.
 438.  469. 1104.  801.  620.  531.  385.  278.  231.   93.
790. 928. 809. 679. 531. 463. 326. 214. 179.  31.
876. 817. 702. 598. 506. 470. 400. 334. 188.  59.
 466.  803. 1065.  711.  613.  442.  390.  252.  163.   45.
477. 484. 501. 524. 533. 686. 983. 762.   0.   0.
417. 471. 504. 526. 606. 854. 857. 564. 151.   0.
 493.  447.  457.  499.  658.  752. 1036.  608.    0.    0.
1023.  866.  767.  699.  582.  434.  296.  188.   82.   13.
 543. 1111.  862.  717.  594.  400.  321.  248.  124.   30.
973. 775. 657. 550. 485. 482. 425. 366. 209.  28.
956. 860. 739. 686. 569. 440. 318. 230. 126.  26.
 571. 1056.  709.  687.  634.  465.  339.  272.  156.   61.
 517.  662. 1118.  800.  573.  512.  346.  226.  159.   37.
696. 947. 795. 573. 623. 430. 391. 264. 161.  70.
975. 773. 655. 596. 517. 424. 457. 327. 179.  47.
 680. 1051.  795.  637.  552.  463.  374.  238.  107.   53.
522. 955. 983. 736. 636. 430. 309. 189. 134.  56.
993. 897. 817. 634. 539. 474. 317. 179.  77.  23.
948. 818. 685. 651. 540. 418. 324. 324. 197.  45.
872. 824. 749. 657. 552. 453. 342. 272. 172.  57.
 482.  619. 1153.  762.  597.  502.  382.  293.  132.   28.
 575.  645. 1007.  834.  625.  452.  290.  300.  157.   65.
 628. 1005.  692.  596.  565.  353.  374.  341.  285.  111.
535. 926. 930. 698. 557. 520. 374. 253. 122.  35.
599. 842. 780. 679. 562. 464. 395. 352. 221.  56.
501. 590. 897. 787. 612. 511. 442. 328. 240.  42.
651. 914. 800. 663. 534. 488. 366. 273. 151. 110.
 512. 1002.  798.  635.  561.  520.  415.  289.  169.   49.
446. 820. 950. 995. 741. 438. 230. 192. 130.   8.
907. 846. 733. 681. 618. 382. 316. 240. 186.  41.
 426.  471.  460.  520.  588.  696. 1285.  504.    0.    0.
 456.  456.  480.  491.  614. 1211.  850.  282.  110.    0.
450. 428. 486. 516. 736. 959. 669. 502. 204.   0.
552. 728. 854. 621. 508. 498. 437. 367. 264. 121.
