935. 861. 706. 594. 537. 494. 376. 270. 143.  34.
367. 398. 426. 469. 516. 552. 945. 865. 350.  62.
463. 387. 463. 871. 761. 583. 350. 229. 349. 494.
981. 882. 641. 520. 551. 532. 399. 274. 142.  28.
892. 879. 789. 661. 579. 425. 292. 202. 158.  73.
988. 945. 779. 641. 536. 435. 313. 202.  90.  21.
920. 878. 794. 680. 553. 432. 315. 203. 133.  42.
417. 466. 904. 809. 616. 459. 443. 318. 239. 279.
541. 967. 821. 740. 486. 503. 364. 220. 182. 126.
418. 514. 750. 743. 617. 496. 387. 396. 405. 224.
436. 398. 495. 485. 654. 710. 542. 480. 711.  39.
430. 639. 955. 786. 730. 474. 326. 242. 209. 159.
642. 845. 660. 600. 426. 462. 442. 324. 289. 260.
 452.  412.  494.  542.  558.  722. 1331.  439.    0.    0.
940. 942. 845. 689. 560. 415. 262. 180.  97.  20.
929. 822. 771. 626. 496. 486. 351. 245. 205.  19.
949. 741. 551. 529. 456. 493. 442. 379. 267. 143.
 371.  433.  438.  492. 1136.  610.  495.  421.  290.  264.
631. 961. 688. 611. 534. 450. 345. 336. 267. 127.
455. 498. 951. 679. 570. 467. 384. 333. 337. 276.
894. 836. 727. 601. 493. 475. 407. 269. 168.  80.
879. 825. 635. 552. 484. 452. 442. 393. 204.  84.
814. 827. 709. 651. 566. 477. 305. 294. 185. 122.
 466.  614. 1041.  776.  611.  480.  351.  272.  203.  136.
353. 356. 454. 478. 481. 521. 903. 804. 500. 100.
371. 437. 523. 790. 716. 563. 416. 447. 313. 374.
 457. 1003.  798.  687.  547.  462.  396.  240.  184.  176.
386. 394. 465. 473. 868. 699. 561. 429. 474. 201.
390. 421. 371. 431. 910. 720. 485. 395. 573. 254.
461. 967. 690. 619. 548. 482. 372. 302. 307. 202.
 472. 1128.  834.  649.  559.  464.  355.  286.  127.   76.
 386.  974. 1152.  906.  623.  433.  277.  148.   48.    3.
334. 757. 887. 990. 886. 536. 267. 230.  59.   4.
413. 623. 808. 699. 483. 468. 481. 523. 305. 147.
 391.  476.  417.  453.  809. 1003.  561.  517.  296.   27.
 368.  409.  433.  437.  491.  514. 1047.  702.  425.  124.
454. 482. 502. 780. 754. 612. 464. 354. 272. 276.
391. 628. 819. 842. 640. 479. 412. 345. 268. 126.
387. 452. 449. 476. 742. 740. 488. 551. 623.  42.
376. 391. 398. 461. 484. 535. 859. 815. 527. 104.
391. 475. 505. 901. 769. 525. 463. 412. 257. 252.
402. 648. 821. 778. 590. 478. 379. 375. 299. 180.
412. 443. 465. 479. 808. 847. 541. 473. 457.  25.
 360.  396.  427.  450.  570.  497. 1026.  715.  417.   92.
439. 456. 447. 892. 813. 551. 478. 411. 292. 171.
928. 781. 702. 608. 493. 481. 380. 296. 241.  40.
 468.  437.  495.  483.  569.  706. 1317.  475.    0.    0.
 442.  445.  467.  513.  573.  743. 1307.  460.    0.    0.
 356.  773.  746.  798. 1033.  793.  337.  112.    2.    0.
441. 425. 508. 543. 693. 975. 804. 460. 101.   0.
447. 476. 520. 547. 665. 910. 770. 496. 119.   0.
868. 758. 633. 632. 562. 431. 347. 321. 297. 101.
883. 748. 649. 492. 378. 465. 467. 371. 338. 159.
 465.  433.  454.  517.  618.  696. 1365.  402.    0.    0.
 475.  452.  436.  505.  597.  728. 1341.  416.    0.    0.
 432.  443.  484.  520.  594.  680. 1341.  456.    0.    0.
 438.  439.  478.  522.  571.  752. 1302.  448.    0.    0.
 447.  434.  506.  507.  570.  698. 1316.  472.    0.    0.
 462.  427.  455.  565.  575.  693. 1301.  472.    0.    0.
 439.  431.  460.  540.  572.  737. 1349.  422.    0.    0.
 484.  461.  481.  483.  603.  714. 1335.  389.    0.    0.
 478.  438.  491.  503.  532.  728. 1310.  470.    0.    0.
 456.  457.  481.  622.  666. 1158.  612.  453.   45.    0.
 452.  442.  489.  563.  528.  769. 1310.  397.    0.    0.
443. 441. 501. 508. 627. 977. 869. 569.  15.   0.
 451.  472.  463.  510.  672. 1355.  573.  390.   64.    0.
 446.  472.  454.  542.  626.  860. 1000.  550.    0.    0.
 479.  491.  513.  548.  659. 1088.  649.  423.  100.    0.
 428.  487.  481.  534.  556.  746. 1319.  399.    0.    0.
 445.  462.  474.  507.  665. 1092.  769.  495.   41.    0.
456. 470. 546. 572. 721. 881. 690. 505. 109.   0.
 428.  449.  502.  574.  686. 1099.  602.  481.  129.    0.
 510.  546.  664.  937. 1020.  667.  380.  226.    0.    0.
 424.  459.  486.  513.  573.  732. 1312.  451.    0.    0.
