 495.  430.  468.  505.  608.  723. 1323.  398.    0.    0.
 431.  443.  486.  530.  570.  612. 1173.  696.    9.    0.
856. 785. 714. 630. 550. 505. 417. 273. 176.  44.
740. 741. 682. 630. 598. 532. 409. 309. 226.  83.
 467.  452.  464.  501.  567.  773. 1352.  374.    0.    0.
1063.  950.  857.  682.  518.  433.  252.  134.   53.    8.
 448.  515.  611. 1019.  704.  592.  456.  356.  232.   17.
 473.  469.  471.  528.  557.  863. 1153.  436.    0.    0.
867. 811. 676. 591. 525. 520. 434. 320. 163.  43.
893. 863. 812. 695. 567. 466. 329. 201. 100.  24.
879. 733. 822. 589. 536. 501. 430. 253. 149.  58.
 476.  487.  463.  497.  546.  705. 1198.  578.    0.    0.
896. 844. 803. 665. 526. 449. 324. 187. 175.  81.
509. 460. 643. 902. 675. 590. 562. 443. 134.  32.
508. 490. 506. 583. 587. 784. 951. 541.   0.   0.
933. 867. 709. 609. 517. 510. 410. 261. 114.  20.
757. 725. 642. 646. 549. 477. 487. 349. 234.  84.
797. 754. 679. 660. 638. 477. 378. 307. 199.  61.
 426.  457.  488.  499.  590.  739. 1392.  359.    0.    0.
 471.  474.  556. 1094.  893.  616.  350.  279.  203.   14.
441. 474. 502. 517. 586. 721. 936. 773.   0.   0.
877. 761. 697. 543. 534. 505. 449. 349. 206.  29.
867. 819. 788. 728. 614. 359. 355. 214. 154.  52.
847. 832. 796. 646. 544. 443. 350. 248. 191.  53.
 435.  463.  465.  518.  623.  759. 1182.  505.    0.    0.
 438.  447.  483.  489.  605.  738. 1264.  486.    0.    0.
 447.  474.  458.  521.  585.  760. 1380.  325.    0.    0.
507. 528. 629. 855. 567. 440. 507. 456. 313. 148.
 459.  429.  493.  568.  560.  782. 1215.  444.    0.    0.
 506.  469.  460.  531.  571.  671. 1228.  514.    0.    0.
 450.  442.  488.  497.  604.  754. 1398.  317.    0.    0.
 436.  445.  463.  505.  621.  741. 1191.  548.    0.    0.
481. 443. 461. 531. 814. 905. 909. 363.  43.   0.
883. 758. 634. 545. 507. 470. 422. 341. 270. 120.
964. 836. 696. 595. 529. 459. 386. 276. 174.  35.
944. 910. 762. 610. 560. 442. 331. 231. 111.  49.
 420.  451.  500.  525.  602.  702. 1358.  392.    0.    0.
 463.  448.  451.  497.  604.  729. 1423.  335.    0.    0.
 422.  462.  469.  509.  592.  711. 1494.  291.    0.    0.
 424.  457.  494.  496.  594.  752. 1315.  418.    0.    0.
 357.  431. 1257.  902.  935.  512.  366.  190.    0.    0.
373. 390. 937. 932. 878. 711. 560. 169.   0.   0.
494. 940. 902. 925. 552. 395. 403. 210.  83.  46.
537. 917. 989. 850. 601. 444. 336. 176.  89.  11.
 466.  409.  472.  560.  571.  745. 1253.  474.    0.    0.
 424.  476.  482.  512.  585.  779. 1300.  392.    0.    0.
955. 829. 767. 650. 520. 442. 367. 257. 128.  35.
848. 711. 598. 489. 540. 391. 405. 492. 350. 126.
764. 675. 682. 583. 519. 494. 450. 391. 392.   0.
373. 359. 498. 506. 448. 904. 580. 425. 683. 174.
371. 383. 423. 487. 489. 491. 790. 847. 552. 117.
375. 418. 447. 475. 535. 921. 565. 398. 621. 195.
808. 714. 654. 599. 554. 520. 485. 417. 192.   7.
705. 703. 633. 606. 545. 550. 561. 475. 172.   0.
432. 509. 568. 626. 818. 974. 758. 260.   5.   0.
 353.  397.  439.  432.  505.  528.  777. 1031.  379.  109.
791. 793. 719. 643. 572. 458. 417. 238. 215. 104.
771. 774. 674. 631. 557. 533. 442. 335. 192.  41.
876. 862. 776. 627. 585. 428. 357. 234. 137.  68.
