426. 419. 438. 799. 863. 628. 481. 217. 207. 472.
 426.  440. 1122.  703.  603.  522.  355.  313.  190.  276.
351. 687. 801. 887. 983. 856. 284. 100.   1.   0.
565. 754. 829. 718. 596. 561. 391. 303. 211.  22.
881. 767. 726. 602. 495. 514. 365. 307. 231.  62.
 608. 1163. 1109.  951.  594.  354.  132.   33.    6.    0.
841. 745. 692. 596. 530. 442. 446. 335. 195. 128.
825. 829. 771. 734. 584. 446. 342. 198. 163.  58.
908. 815. 760. 690. 560. 459. 293. 246. 174.  45.
872. 813. 854. 705. 619. 442. 358. 142. 123.  22.
941. 774. 669. 597. 514. 442. 427. 352. 203.  31.
878. 855. 811. 666. 586. 429. 346. 205. 128.  46.
930. 730. 706. 675. 527. 495. 324. 288. 224.  51.
944. 816. 716. 599. 545. 471. 383. 248. 172.  56.
929. 837. 758. 620. 555. 434. 397. 263. 132.  25.
933. 688. 736. 663. 540. 453. 374. 268. 255.  40.
915. 823. 696. 564. 530. 480. 408. 320. 163.  51.
924. 804. 714. 618. 495. 504. 384. 295. 145.  67.
926. 780. 674. 545. 455. 527. 459. 327. 204.  53.
906. 809. 698. 576. 536. 477. 430. 315. 169.  34.
882. 827. 725. 604. 543. 475. 408. 286. 152.  48.
840. 755. 682. 655. 608. 473. 357. 318. 203.  59.
912. 868. 744. 714. 497. 491. 318. 245. 119.  42.
925. 815. 677. 597. 582. 469. 374. 268. 169.  74.
921. 862. 753. 697. 573. 427. 310. 231. 148.  28.
909. 872. 825. 677. 567. 416. 303. 219. 115.  47.
869. 840. 696. 618. 529. 470. 366. 293. 185.  84.
948. 940. 813. 698. 534. 434. 271. 196.  64.  52.
921. 816. 793. 709. 504. 525. 375. 198.  89.  20.
932. 793. 804. 696. 492. 495. 317. 231. 159.  31.
886. 856. 735. 657. 571. 438. 323. 259. 155.  70.
940. 739. 754. 690. 555. 451. 333. 255. 187.  46.
869. 698. 620. 641. 592. 503. 441. 326. 232.  28.
 473.  492.  519.  512.  561. 1040.  938.  296.  103.   16.
966. 916. 810. 664. 589. 400. 350. 168.  80.   7.
919. 872. 818. 655. 552. 430. 328. 208. 118.  50.
981. 928. 835. 713. 539. 432. 258. 160.  77.  27.
993. 864. 694. 559. 538. 480. 447. 251. 112.  12.
986. 919. 774. 721. 559. 427. 282. 177.  83.  22.
932. 856. 705. 615. 539. 456. 378. 272. 139.  58.
768. 850. 838. 769. 590. 399. 337. 217. 112.  70.
829. 696. 738. 709. 503. 490. 393. 283. 216.  93.
952. 772. 752. 711. 572. 430. 293. 201. 163. 104.
932. 812. 708. 583. 514. 484. 388. 317. 171.  41.
949. 830. 772. 743. 537. 410. 334. 229. 101.  45.
1014.  852.  793.  714.  602.  385.  254.  180.  131.   25.
864. 740. 756. 599. 546. 452. 401. 288. 198. 106.
680. 678. 746. 749. 818. 471. 369. 324. 115.   0.
896. 859. 706. 641. 518. 479. 375. 275. 159.  42.
917. 903. 765. 659. 578. 435. 335. 200. 112.  46.
901. 819. 727. 609. 540. 458. 391. 275. 167.  63.
930. 806. 717. 659. 534. 477. 323. 295. 180.  29.
826. 724. 652. 604. 578. 458. 378. 313. 295. 122.
876. 841. 749. 676. 572. 459. 347. 241. 144.  45.
 562.  755. 1131.  850.  531.  458.  408.  211.   40.    4.
870. 806. 722. 595. 543. 451. 424. 299. 215.  25.
946. 859. 792. 683. 594. 393. 325. 223. 113.  22.
528. 653. 801. 789. 695. 587. 465. 269. 149.  14.
 459.  611.  756. 1052.  694.  522.  402.  256.  152.   46.
 493.  494.  666. 1065.  903.  514.  371.  261.  152.   31.
 485.  511.  835. 1165.  759.  552.  374.  183.   77.    9.
476. 683. 876. 965. 670. 542. 400. 243.  77.  18.
497. 528. 602. 988. 760. 582. 464. 382. 147.   0.
476. 527. 539. 834. 823. 689. 530. 360. 172.   0.
455. 579. 590. 607. 925. 619. 518. 398. 234.  25.
 479.  561.  689. 1007.  860.  630.  420.  261.   43.    0.
459. 586. 639. 888. 785. 664. 486. 309. 122.  12.
434. 537. 595. 756. 793. 525. 539. 456. 254.  61.
475. 570. 730. 919. 827. 613. 497. 267.  52.   0.
440. 515. 632. 886. 914. 628. 454. 289. 155.  37.
489. 508. 576. 794. 921. 537. 441. 397. 238.  49.
427. 605. 624. 688. 926. 664. 491. 327. 171.  27.
479. 677. 576. 927. 793. 552. 403. 348. 175.  20.
904. 783. 801. 616. 554. 433. 378. 232. 170.  79.
620. 610. 607. 628. 689. 684. 874. 220.  18.   0.
 430.  471.  467.  539.  606.  775. 1105.  557.    0.    0.
1017.  825.  733.  652.  614.  428.  319.  235.  112.   15.
397. 587. 624. 827. 894. 692. 415. 359. 155.   0.
390. 591. 745. 804. 900. 930. 328. 193.  69.   0.
 484.  658.  653. 1139.  685.  533.  384.  240.  144.   30.
 452.  667.  919. 1095.  903.  673.  192.   49.    0.    0.
464. 957. 832. 773. 519. 468. 389. 223. 184. 141.
419. 563. 723. 914. 802. 863. 444. 173.  49.   0.
420. 682. 710. 773. 845. 658. 416. 268. 178.   0.
504. 664. 707. 921. 659. 516. 385. 329. 224.  41.
 473.  820. 1047. 1025.  886.  499.  162.   38.    0.    0.
455. 942. 675. 583. 590. 451. 347. 338. 343. 226.
378. 555. 731. 800. 856. 826. 450. 243. 111.   0.
401. 580. 776. 878. 868. 747. 328. 200. 172.   0.
491. 803. 765. 913. 635. 547. 409. 272. 105.  10.
 475.  695. 1141. 1063.  988.  499.   75.   14.    0.    0.
423. 900. 817. 668. 525. 463. 378. 351. 194. 231.
