 372.  411.  495.  475.  537.  467. 1067.  792.  296.   38.
 381.  452.  449.  469.  515.  534. 1122.  680.  306.   42.
 368.  425.  394.  409.  423.  610.  794. 1034.  395.   98.
 394.  340.  439.  437.  501.  502.  858. 1008.  379.   92.
615. 795. 651. 770. 594. 401. 359. 416. 310.  39.
 440.  446.  457.  515.  605.  705. 1374.  408.    0.    0.
 444.  593. 1028.  855.  604.  509.  374.  272.  190.   81.
391. 426. 499. 552. 636. 787. 855. 782.  22.   0.
913. 839. 801. 698. 594. 412. 302. 213. 146.  32.
919. 781. 701. 731. 621. 381. 322. 254. 190.  50.
 383.  401.  447.  452.  515. 1044.  705.  533.  470.    0.
410. 495. 548. 912. 694. 560. 322. 326. 397. 286.
467. 918. 914. 750. 599. 494. 349. 214. 173.  72.
 408.  464.  558. 1017.  592.  516.  467.  339.  372.  217.
 338.  604.  896. 1224.  796.  552.  449.   91.    0.    0.
 631.  721.  933. 1309.  874.  310.  155.   17.    0.    0.
 537.  666.  639. 1127.  725.  499.  302.  246.  146.   63.
421. 598. 849. 716. 747. 884. 512. 216.   7.   0.
927. 812. 738. 654. 599. 429. 305. 232. 147. 107.
900. 776. 688. 621. 532. 474. 356. 290. 223.  90.
952. 910. 786. 703. 553. 431. 291. 205.  96.  23.
907. 760. 707. 618. 560. 408. 373. 307. 219.  91.
956. 798. 694. 610. 527. 508. 371. 267. 168.  51.
905. 800. 734. 602. 529. 488. 341. 293. 196.  62.
968. 851. 750. 584. 564. 492. 370. 239. 100.  32.
944. 762. 708. 626. 559. 470. 327. 314. 199.  41.
916. 869. 738. 655. 540. 460. 325. 269. 147.  31.
919. 864. 786. 627. 548. 464. 310. 239. 145.  48.
937. 808. 738. 651. 586. 422. 342. 270. 138.  58.
942. 866. 790. 686. 553. 432. 310. 227. 109.  35.
913. 837. 784. 638. 549. 436. 358. 220. 158.  57.
1020.  828.  686.  630.  549.  452.  406.  261.   94.   24.
931. 888. 772. 692. 580. 402. 306. 211. 124.  44.
956. 755. 615. 582. 524. 419. 395. 391. 250.  63.
964. 874. 824. 675. 553. 426. 308. 206. 100.  20.
841. 819. 652. 596. 531. 422. 430. 300. 233. 126.
900. 856. 769. 655. 574. 423. 365. 226. 111.  71.
913. 758. 682. 595. 572. 438. 380. 313. 224.  75.
920. 827. 754. 684. 571. 429. 328. 235. 148.  54.
1032.  906.  695.  580.  516.  477.  384.  240.  104.   16.
901. 878. 741. 658. 549. 443. 354. 250. 130.  46.
 459.  501.  429.  464.  631.  769. 1269.  428.    0.    0.
581. 702. 744. 679. 515. 476. 489. 442. 308.  14.
 464.  598.  558.  872.  773. 1168.  473.   44.    0.    0.
359. 365. 467. 484. 451. 781. 716. 529. 671. 127.
417. 917. 873. 737. 535. 521. 340. 279. 164. 167.
459. 636. 902. 639. 512. 441. 417. 400. 227. 317.
 465. 1015.  816.  676.  534.  458.  397.  250.  178.  161.
470. 902. 717. 607. 505. 447. 406. 325. 288. 283.
384. 420. 419. 421. 454. 552. 692. 545. 909. 154.
 501. 1089.  711.  613.  522.  441.  334.  255.  294.  190.
423. 676. 978. 668. 544. 485. 412. 333. 224. 207.
894. 862. 789. 677. 571. 421. 319. 217. 124.  76.
372. 358. 449. 491. 517. 511. 927. 813. 400. 112.
366. 402. 409. 434. 447. 497. 907. 853. 503. 132.
 380.  385.  395.  488.  477.  488.  731. 1119.  356.  131.
 403.  464.  440.  473.  451. 1230.  638.  365.  398.   88.
777. 839. 716. 617. 525. 467. 371. 332. 192. 114.
 487. 1038.  799.  679.  594.  452.  331.  243.  180.  147.
387. 445. 474. 552. 842. 916. 534. 466. 331.   3.
472. 631. 619. 895. 703. 548. 448. 358. 212.  64.
922. 871. 770. 685. 558. 416. 315. 231. 141.  41.
911. 825. 752. 657. 568. 427. 341. 250. 161.  58.
970. 798. 660. 572. 505. 454. 449. 332. 161.  49.
974. 887. 802. 639. 573. 427. 326. 217.  89.  16.
909. 875. 753. 640. 559. 448. 333. 262. 114.  57.
906. 809. 770. 675. 536. 456. 352. 210. 182.  54.
829. 759. 699. 622. 579. 502. 395. 293. 197.  75.
983. 815. 675. 639. 501. 451. 420. 300. 138.  28.
962. 778. 778. 659. 567. 455. 314. 237. 169.  31.
868. 771. 705. 622. 535. 449. 390. 283. 219. 108.
903. 819. 729. 615. 535. 440. 361. 295. 178.  75.
1037.  805.  643.  572.  486.  461.  470.  322.  134.   20.
936. 889. 733. 661. 543. 447. 366. 222. 134.  19.
992. 929. 834. 708. 551. 419. 271. 157.  65.  24.
904. 831. 659. 579. 521. 483. 408. 320. 179.  66.
959. 836. 675. 595. 510. 444. 398. 306. 189.  38.
 398.  477.  481.  519.  603.  713. 1303.  456.    0.    0.
963. 875. 770. 676. 519. 440. 350. 216. 105.  36.
889. 753. 644. 569. 470. 456. 424. 357. 260. 128.
350. 409. 434. 447. 518. 870. 607. 479. 694. 142.
380. 409. 487. 926. 905. 528. 471. 389. 213. 242.
 362.  368.  493.  457.  500.  558.  541. 1310.  312.   49.
 385.  391.  374.  475.  492.  465.  562. 1346.  360.  100.
397. 430. 406. 496. 880. 552. 543. 488. 479. 279.
826. 771. 723. 664. 562. 434. 395. 230. 205. 140.
372. 409. 431. 490. 951. 677. 434. 429. 461. 296.
 453.  454.  471.  497.  568.  721. 1197.  571.   18.    0.
 448.  463.  470.  531.  541.  708. 1311.  478.    0.    0.
903. 799. 718. 674. 522. 501. 321. 239. 177.  96.
948. 874. 729. 643. 549. 464. 347. 232. 132.  32.
990. 869. 823. 701. 545. 449. 243. 175. 125.  30.
933. 764. 692. 667. 559. 487. 314. 248. 207.  79.
974. 835. 687. 575. 491. 524. 414. 279. 137.  34.
992. 897. 787. 665. 501. 439. 337. 186. 108.  38.
929. 779. 692. 645. 562. 414. 348. 303. 216.  62.
713. 788. 651. 670. 704. 700. 476. 211.  37.   0.
938. 813. 670. 548. 516. 489. 452. 292. 148.  84.
448. 904. 837. 645. 507. 473. 356. 324. 267. 189.
 344.  410.  403.  491.  492.  510.  536. 1349.  342.   73.
 363.  376.  430.  472.  467.  492.  523. 1281.  400.  146.
722. 964. 847. 650. 580. 436. 330. 230. 127.  64.
921. 875. 812. 600. 611. 387. 397. 177. 142.  28.
889. 799. 697. 623. 584. 427. 340. 289. 214.  88.
945. 806. 740. 595. 527. 459. 370. 279. 185.  44.
980. 912. 849. 675. 552. 400. 274. 167. 108.  33.
888. 821. 705. 662. 554. 441. 349. 284. 193.  53.
891. 803. 766. 675. 488. 464. 382. 211. 184.  86.
928. 851. 714. 647. 580. 437. 338. 280. 143.  32.
930. 864. 762. 688. 559. 425. 338. 235. 114.  35.
952. 901. 798. 651. 572. 413. 304. 211. 112.  36.
977. 725. 631. 538. 495. 502. 387. 358. 272.  65.
950. 873. 792. 705. 561. 421. 310. 210.  93.  35.
914. 809. 710. 586. 514. 457. 389. 279. 213.  79.
957. 832. 854. 662. 560. 443. 284. 207. 135.  16.
937. 851. 724. 679. 537. 448. 339. 275. 107.  53.
945. 708. 660. 569. 397. 555. 388. 340. 301.  87.
868. 892. 726. 642. 549. 469. 326. 270. 153.  55.
944. 856. 797. 637. 547. 472. 325. 230. 104.  38.
945. 852. 774. 689. 552. 425. 319. 206. 145.  43.
917. 777. 765. 664. 589. 447. 304. 207. 192.  88.
925. 787. 712. 636. 551. 456. 375. 263. 181.  64.
938. 857. 714. 597. 529. 491. 389. 270. 117.  48.
935. 887. 757. 630. 549. 454. 381. 206. 129.  22.
940. 780. 637. 554. 506. 467. 392. 368. 233.  73.
884. 811. 721. 543. 518. 451. 434. 285. 216.  87.
924. 847. 737. 637. 500. 485. 364. 247. 164.  45.
1043.  918.  798.  649.  547.  446.  301.  161.   71.   16.
1015.  794.  628.  581.  517.  465.  429.  353.  152.   16.
902. 835. 781. 663. 539. 463. 351. 216. 140.  60.
917. 818. 709. 642. 551. 440. 378. 283. 158.  54.
376. 416. 456. 468. 494. 750. 703. 465. 712. 110.
411. 424. 432. 918. 747. 567. 411. 269. 339. 432.
 389.  367.  446.  446.  450.  455.  559. 1290.  418.  130.
 359.  403.  430.  474.  465.  537.  544. 1273.  373.   92.
 358.  404.  409.  455.  484.  528.  521. 1344.  385.   62.
 419.  337.  394.  446.  566.  487.  471. 1331.  402.   97.
 352.  389.  460.  422.  487.  546.  520. 1313.  388.   73.
 373.  403.  431.  425.  425.  522.  487. 1311.  432.  141.
 376.  374.  396.  501.  564.  525.  498. 1376.  288.   52.
771. 958. 826. 683. 605. 423. 278. 212. 125.  69.
381. 423. 467. 507. 913. 657. 497. 351. 422. 332.
821. 853. 715. 677. 537. 437. 356. 297. 180.  77.
382. 461. 465. 977. 665. 502. 510. 315. 290. 383.
 386.  471.  480. 1143.  652.  530.  405.  348.  266.  269.
442. 481. 855. 792. 495. 471. 470. 378. 441. 125.
932. 832. 681. 657. 530. 428. 389. 298. 165.  38.
 543.  607.  827. 1021.  692.  539.  328.  247.  138.    8.
608. 973. 799. 671. 587. 434. 369. 258. 184.  67.
401. 654. 776. 800. 942. 585. 340. 316. 134.   2.
927. 884. 793. 670. 576. 420. 320. 202. 131.  27.
908. 825. 782. 688. 550. 419. 356. 215. 145.  62.
920. 834. 738. 639. 520. 446. 359. 261. 159.  74.
959. 861. 751. 584. 563. 442. 384. 244. 127.  35.
883. 847. 719. 681. 564. 445. 327. 253. 150.  81.
931. 833. 774. 692. 542. 422. 340. 229. 134.  53.
928. 817. 753. 638. 539. 453. 345. 267. 162.  48.
926. 847. 814. 668. 559. 417. 355. 178. 144.  42.
1010.  850.  640.  544.  502.  512.  439.  303.  132.   18.
945. 868. 775. 686. 599. 398. 307. 206. 130.  36.
423. 390. 502. 868. 639. 521. 433. 422. 358. 394.
 354.  409.  385.  494.  475.  483.  550. 1330.  365.  105.
 365.  381.  380.  504.  571.  533.  499. 1381.  275.   61.
381. 420. 425. 482. 488. 852. 532. 428. 776. 166.
396. 433. 447. 843. 925. 606. 405. 323. 339. 233.
 462. 1048.  738.  638.  493.  448.  443.  289.  241.  150.
355. 411. 437. 453. 492. 819. 583. 553. 710. 137.
 388.  366.  410.  454.  469.  492. 1049.  507.  695.  120.
342. 402. 447. 443. 431. 548. 910. 554. 729. 144.
362. 400. 482. 505. 994. 666. 564. 401. 352. 224.
 368.  371.  438.  449.  472.  511.  537. 1308.  388.  108.
352. 412. 425. 453. 504. 884. 648. 489. 648. 135.
428. 470. 976. 797. 628. 509. 426. 284. 220. 212.
445. 430. 857. 700. 616. 527. 420. 232. 292. 431.
797. 838. 727. 615. 527. 444. 393. 291. 207. 111.
806. 900. 798. 672. 559. 446. 316. 232. 120. 101.
655. 901. 723. 641. 538. 464. 370. 278. 249. 131.
