285. 598. 777. 913. 917. 751. 480. 174.  51.   4.
 454.  711.  627.  636.  711. 1017.  719.   75.    0.    0.
546. 866. 898. 764. 606. 455. 300. 199. 241.  75.
589. 723. 910. 735. 601. 474. 359. 272. 229.  58.
 452.  476.  530. 1420.  712.  554.  404.  189.  181.   32.
445. 675. 550. 678. 663. 986. 811. 142.   0.   0.
602. 898. 868. 648. 566. 505. 424. 285. 125.  29.
637. 690. 893. 598. 485. 517. 462. 346. 237.  85.
450. 517. 599. 984. 685. 471. 434. 411. 328.  71.
 474.  453.  686. 1012.  710.  541.  476.  370.  206.   22.
431. 458. 788. 930. 631. 478. 498. 375. 294.  67.
