 355.  454.  384.  488.  522. 1057.  594.  461.  546.   89.
 371.  419.  458.  436.  537. 1070.  562.  454.  547.   96.
392. 500. 601. 940. 887. 599. 457. 329. 191.  54.
468. 602. 609. 768. 858. 591. 576. 404.  74.   0.
385. 528. 767. 884. 767. 986. 450. 164.  19.   0.
 496.  454.  474.  481.  609.  679. 1258.  499.    0.    0.
 386.  384.  440.  476.  516. 1141.  670.  370.  443.  124.
361. 443. 439. 483. 875. 626. 451. 509. 567. 196.
797. 699. 841. 731. 615. 457. 309. 324. 177.   0.
778. 792. 682. 697. 547. 503. 458. 336. 156.   1.
733. 704. 680. 719. 566. 477. 380. 369. 266.  56.
802. 776. 702. 703. 661. 458. 423. 327.  98.   0.
793. 743. 658. 730. 624. 572. 373. 312. 145.   0.
803. 755. 705. 707. 579. 461. 507. 370.  63.   0.
781. 755. 656. 786. 562. 470. 482. 355. 103.   0.
759. 721. 716. 756. 634. 459. 382. 396. 127.   0.
819. 823. 740. 702. 554. 507. 384. 363.  58.   0.
720. 726. 666. 663. 589. 466. 419. 388. 263.  50.
761. 705. 710. 701. 665. 496. 434. 250. 220.   8.
759. 770. 723. 798. 654. 457. 300. 245. 231.  13.
748. 727. 704. 710. 589. 448. 456. 336. 184.  48.
822. 796. 750. 698. 598. 436. 468. 303.  79.   0.
784. 718. 694. 762. 637. 447. 369. 393. 146.   0.
837. 709. 759. 764. 546. 392. 400. 492.  51.   0.
821. 760. 721. 756. 586. 542. 426. 287.  51.   0.
803. 749. 832. 736. 604. 487. 354. 330.  55.   0.
811. 758. 799. 732. 602. 552. 314. 249. 133.   0.
706. 728. 722. 656. 626. 530. 481. 303. 177.  21.
824. 849. 714. 640. 564. 522. 468. 284.  83.   2.
779. 651. 720. 640. 618. 472. 301. 475. 282.  12.
713. 739. 748. 747. 550. 457. 351. 281. 255. 109.
802. 689. 664. 712. 609. 481. 454. 428. 111.   0.
833. 752. 753. 673. 638. 356. 397. 471.  77.   0.
803. 813. 705. 679. 583. 555. 407. 327.  78.   0.
813. 858. 835. 777. 600. 446. 375. 199.  47.   0.
781. 756. 704. 724. 683. 510. 325. 312. 155.   0.
803. 806. 756. 715. 499. 465. 398. 355. 153.   0.
723. 693. 724. 657. 567. 508. 372. 348. 313.  45.
745. 739. 791. 702. 690. 500. 352. 230. 179.  22.
769. 786. 764. 734. 603. 454. 380. 282. 175.   3.
844. 727. 587. 564. 526. 472. 479. 484. 242.  25.
813. 803. 772. 816. 548. 542. 383. 224.  49.   0.
827. 799. 759. 746. 592. 417. 489. 259.  62.   0.
850. 773. 660. 632. 519. 665. 485. 335.  31.   0.
847. 851. 811. 721. 596. 504. 384. 206.  30.   0.
758. 710. 664. 688. 555. 478. 464. 413. 220.   0.
782. 765. 670. 702. 564. 521. 507. 368.  71.   0.
703. 720. 681. 709. 721. 450. 363. 278. 225. 100.
750. 685. 615. 646. 559. 525. 430. 429. 293.  18.
759. 779. 711. 727. 638. 436. 472. 278. 140.  10.
688. 745. 708. 673. 721. 453. 333. 263. 260. 106.
832. 833. 828. 782. 575. 472. 338. 244.  46.   0.
832. 748. 737. 775. 562. 433. 497. 297.  68.   1.
822. 718. 662. 773. 619. 374. 391. 482. 109.   0.
856. 809. 838. 838. 665. 396. 219. 260.  69.   0.
776. 736. 715. 808. 671. 447. 371. 302. 123.   1.
768. 778. 703. 685. 569. 531. 415. 400. 101.   0.
709. 703. 767. 689. 677. 476. 367. 266. 243.  53.
795. 809. 762. 665. 548. 410. 517. 324. 116.   4.
719. 770. 729. 692. 683. 443. 392. 349. 164.   9.
738. 680. 657. 700. 684. 531. 343. 266. 261.  90.
812. 785. 724. 654. 590. 508. 392. 389.  96.   0.
801. 800. 809. 726. 578. 473. 340. 336.  87.   0.
827. 807. 815. 813. 572. 446. 337. 251.  82.   0.
803. 740. 820. 792. 593. 426. 346. 332.  98.   0.
846. 760. 766. 867. 675. 442. 246. 253.  95.   0.
846. 789. 701. 641. 554. 459. 485. 378.  97.   0.
716. 673. 668. 652. 542. 482. 436. 365. 329.  87.
762. 699. 716. 720. 591. 545. 443. 351. 118.   5.
737. 736. 720. 630. 564. 509. 406. 455. 185.   8.
734. 739. 749. 656. 618. 467. 478. 295. 166.  48.
827. 744. 689. 568. 504. 555. 464. 491. 108.   0.
813. 779. 763. 832. 653. 400. 289. 268. 153.   0.
771. 772. 742. 630. 520. 552. 478. 372. 113.   0.
824. 801. 797. 691. 646. 470. 442. 258.  21.   0.
754. 832. 763. 745. 566. 419. 417. 325. 129.   0.
823. 731. 721. 722. 577. 459. 472. 366.  79.   0.
692. 740. 647. 636. 549. 471. 482. 345. 312.  76.
