475. 705. 826. 794. 658. 594. 461. 278. 134.  25.
337. 619. 912. 936. 825. 771. 459.  91.   0.   0.
 466.  438.  444.  539.  578.  695. 1332.  458.    0.    0.
 453.  439.  506.  514.  569.  728. 1292.  449.    0.    0.
 470.  433.  486.  550.  562.  730. 1297.  422.    0.    0.
 470.  454.  461.  478.  581.  710. 1273.  523.    0.    0.
 488.  436.  497.  498.  621.  712. 1252.  446.    0.    0.
 459.  459.  488.  508.  568.  695. 1335.  438.    0.    0.
 433.  480.  474.  506.  581.  710. 1324.  442.    0.    0.
 412.  461.  487.  514.  581.  732. 1301.  462.    0.    0.
435. 451. 481. 533. 632. 768. 959. 615.  76.   0.
 470.  408.  484.  522.  604. 1046.  897.  461.   58.    0.
451. 426. 492. 546. 622. 843. 921. 624.  25.   0.
359. 627. 795. 906. 964. 592. 443. 201.  63.   0.
390. 624. 944. 951. 951. 523. 445.  99.  23.   0.
 407.  703.  890. 1115.  880.  456.  244.  202.   53.    0.
473. 773. 949. 821. 709. 698. 366. 126.  35.   0.
 402.  852.  954. 1130.  704.  518.  328.   62.    0.    0.
337. 591. 794. 931. 840. 906. 331. 144.  76.   0.
402. 662. 767. 934. 773. 591. 458. 300.  63.   0.
493. 860. 984. 868. 623. 298. 299. 343. 145.  37.
380. 644. 887. 827. 882. 547. 601. 138.  44.   0.
340. 627. 874. 995. 831. 840. 275.  96.  72.   0.
553. 834. 950. 966. 752. 250. 277. 234. 110.  24.
 365.  538. 1006.  876.  831.  729.  395.  164.   42.    4.
 363.  751.  973. 1158.  861.  590.  203.   51.    0.    0.
410. 606. 808. 793. 847. 846. 405. 196.  39.   0.
428. 734. 878. 888. 709. 678. 399. 197.  39.   0.
402. 750. 793. 891. 833. 557. 388. 230. 106.   0.
436. 849. 868. 749. 619. 494. 404. 359. 140.  32.
 366.  622.  941. 1088.  793.  618.  294.  152.   76.    0.
 368.  660.  824. 1044.  817.  576.  358.  213.   78.   12.
 441.  699.  959. 1209.  894.  479.  167.   80.   19.    3.
 346.  607.  727.  770. 1097.  777.  394.  166.   66.    0.
316. 619. 913. 927. 771. 675. 440. 184. 105.   0.
445. 793. 875. 753. 771. 607. 430. 204.  72.   0.
 569.  794. 1001.  814.  620.  511.  367.  169.   65.   40.
 403.  674.  832.  920. 1038.  539.  317.  159.   62.    6.
 462.  422.  512.  514.  632.  901. 1053.  407.   47.    0.
 452.  464.  453.  505.  656.  798. 1013.  568.   41.    0.
439. 474. 472. 537. 565. 789. 935. 702.  37.   0.
289. 495. 757. 890. 793. 666. 463. 412. 146.  39.
 396.  947. 1095.  864.  670.  562.  231.  132.   53.    0.
303. 622. 942. 937. 741. 613. 426. 196. 151.  19.
369. 572. 987. 937. 674. 669. 345. 199. 198.   0.
 369.  711. 1017.  886.  745.  571.  291.  206.  154.    0.
 369.  711. 1045.  954.  717.  650.  261.  215.   28.    0.
325. 645. 735. 792. 786. 530. 435. 379. 242.  81.
321. 566. 762. 735. 842. 406. 432. 335. 455.  96.
329. 612. 789. 851. 823. 659. 474. 250. 121.  42.
 358.  714. 1031.  908.  745.  475.  331.  245.  137.    6.
 318.  418.  421.  433.  461.  517.  562. 1305.  411.  104.
280. 531. 817. 918. 827. 657. 502. 319.  99.   0.
323. 606. 762. 837. 794. 743. 492. 268. 109.  16.
397. 764. 785. 614. 551. 415. 379. 572. 395.  78.
355. 769. 851. 785. 492. 612. 484. 359. 215.  28.
237. 646. 776. 884. 855. 779. 488. 209.  66.  10.
393. 725. 867. 770. 580. 560. 425. 197. 300. 133.
282. 533. 868. 723. 872. 705. 509. 316. 123.  19.
294. 588. 840. 784. 729. 628. 415. 499. 141.  32.
