4.680e+02 5.920e+02 6.240e+02 1.062e+03 9.560e+02 5.850e+02 4.350e+02
 1.630e+02 6.400e+01 1.000e+00
494. 689. 854. 968. 714. 474. 393. 223. 126.  15.
390. 414. 489. 478. 697. 897. 737. 434. 411.   3.
 443.  457.  480.  525.  592.  779. 1138.  536.    0.    0.
 467.  518.  735. 1027.  689.  551.  436.  277.  218.   32.
558. 888. 749. 648. 527. 452. 473. 383. 230.  42.
 436.  428.  484.  521.  585.  719. 1405.  372.    0.    0.
521. 616. 906. 674. 617. 521. 380. 382. 238.  95.
897. 836. 732. 657. 555. 467. 350. 249. 141.  66.
873. 824. 760. 721. 610. 493. 314. 223. 110.  22.
 967. 1214.  843.  752.  551.  295.  178.  104.   39.    7.
616. 660. 657. 574. 639. 724. 621. 438.  21.   0.
486. 776. 683. 606. 789. 629. 622. 329.  30.   0.
730. 961. 783. 650. 552. 485. 375. 255. 130.  29.
 641.  800. 1062. 1040.  712.  400.  188.   80.   27.    0.
691. 942. 919. 787. 581. 478. 281. 157.  87.  27.
 860. 1157.  764.  556.  432.  417.  345.  241.  154.   24.
952. 853. 768. 633. 590. 469. 360. 208.  81.  36.
833. 816. 702. 732. 592. 425. 335. 390. 125.   0.
923. 869. 724. 622. 575. 503. 420. 238.  65.  11.
 719. 1196.  904.  730.  560.  407.  217.  123.   70.   24.
933. 895. 782. 634. 572. 452. 353. 194. 101.  34.
 432.  460.  486.  515.  589.  733. 1312.  423.    0.    0.
 429.  451.  490.  488.  609.  725. 1314.  444.    0.    0.
