965. 799. 713. 508. 508. 523. 402. 366. 127.  39.
887. 879. 770. 650. 517. 477. 350. 245. 146.  29.
936. 910. 746. 594. 549. 518. 370. 217. 100.  10.
 871. 1030.  831.  702.  568.  418.  279.  171.   64.   16.
932. 866. 688. 545. 525. 511. 437. 291. 130.  25.
865. 889. 714. 608. 535. 482. 400. 278. 130.  49.
849. 794. 719. 547. 519. 473. 403. 334. 217.  95.
877. 910. 722. 626. 541. 458. 370. 262. 144.  40.
 939. 1016.  787.  676.  557.  423.  315.  166.   62.    9.
821. 964. 810. 660. 596. 422. 337. 195.  92.  53.
804. 981. 782. 686. 600. 434. 295. 190. 117.  61.
848. 902. 774. 672. 553. 466. 309. 261. 137.  28.
884. 912. 678. 640. 569. 471. 365. 278. 127.  26.
885. 995. 809. 671. 541. 381. 293. 210. 128.  37.
831. 946. 751. 706. 567. 448. 301. 238. 129.  33.
845. 975. 825. 762. 588. 349. 292. 195.  94.  25.
904. 830. 699. 588. 517. 487. 424. 295. 170.  36.
896. 920. 748. 657. 520. 444. 402. 225. 114.  24.
827. 905. 771. 665. 528. 489. 319. 266. 135.  45.
837. 901. 732. 618. 552. 468. 372. 275. 150.  45.
 373.  852. 1013. 1111. 1006.  429.  156.   10.    0.    0.
 408.  852. 1042. 1153.  908.  429.  150.    8.    0.    0.
859. 881. 725. 665. 538. 435. 382. 256. 159.  50.
796. 975. 790. 727. 567. 426. 284. 220. 112.  53.
830. 912. 781. 685. 570. 448. 305. 228. 148.  43.
928. 878. 718. 555. 540. 509. 397. 302. 111.  12.
875. 894. 697. 641. 609. 468. 315. 225. 165.  61.
887. 827. 747. 654. 570. 473. 317. 296. 146.  33.
881. 998. 817. 755. 540. 406. 287. 168.  74.  24.
819. 865. 694. 667. 579. 448. 337. 288. 173.  80.
861. 873. 752. 638. 565. 454. 335. 263. 176.  33.
848. 948. 762. 674. 549. 433. 327. 231. 151.  27.
825. 904. 732. 665. 569. 455. 328. 277. 151.  44.
946. 827. 690. 598. 504. 471. 426. 280. 166.  42.
854. 911. 839. 677. 518. 477. 305. 199. 129.  41.
816. 893. 724. 597. 578. 455. 384. 273. 162.  68.
875. 866. 768. 648. 550. 462. 367. 243. 141.  30.
829. 821. 714. 574. 569. 437. 410. 304. 237.  55.
790. 833. 651. 683. 588. 480. 301. 243. 261. 120.
 838. 1058.  819.  723.  551.  425.  237.  160.   89.   50.
854. 869. 693. 567. 536. 477. 405. 308. 196.  45.
840. 867. 740. 657. 557. 429. 399. 244. 155.  62.
884. 840. 754. 625. 551. 449. 389. 244. 154.  60.
834. 884. 818. 653. 567. 434. 367. 207. 139.  47.
829. 962. 796. 670. 559. 447. 326. 225. 104.  32.
828. 955. 757. 739. 544. 444. 287. 246. 112.  38.
694. 774. 710. 666. 635. 478. 357. 325. 235.  76.
 430.  812. 1145. 1109.  673.  532.  223.   26.    0.    0.
 681. 1024.  672.  540.  494.  438.  457.  403.  213.   28.
 575. 1069.  836.  752.  547.  463.  396.  212.  100.    0.
 356.  931. 1011.  922.  624.  468.  315.  178.  131.   14.
 480. 1062. 1241. 1108.  627.  314.  108.   10.    0.    0.
 522. 1085. 1120.  801.  582.  443.  242.  104.   51.    0.
 376.  925. 1056.  891.  629.  487.  353.  162.   62.    9.
 371.  865. 1105.  815.  570.  578.  344.  216.   86.    0.
 606. 1100.  949.  684.  504.  434.  327.  240.  106.    0.
 610. 1010.  798.  654.  557.  518.  354.  261.  154.   34.
 634. 1045.  808.  715.  533.  474.  383.  170.  136.   52.
 579. 1093.  977.  561.  561.  452.  435.  221.   71.    0.
 356.  817. 1024.  985.  684.  490.  249.  219.  118.    8.
 448.  995. 1206. 1113.  703.  355.  128.    2.    0.    0.
 582. 1252. 1115.  883.  530.  317.  141.  106.   24.    0.
 363.  751. 1123. 1047.  683.  497.  271.  140.   69.    6.
399. 925. 983. 989. 667. 427. 376.  85.  99.   0.
 580. 1041.  897.  727.  628.  430.  309.  196.  142.    0.
 632. 1012.  743.  701.  583.  410.  302.  347.  178.   42.
