 428.  517.  655. 1064.  756.  604.  386.  312.  194.   34.
464. 480. 472. 578. 973. 774. 569. 494. 146.   0.
 395.  435.  459.  530.  641.  715. 1067.  584.  124.    0.
408. 409. 489. 560. 697. 761. 929. 585. 112.   0.
583. 815. 803. 674. 556. 499. 412. 313. 217.  78.
648. 922. 804. 670. 618. 448. 365. 226. 146. 103.
 466. 1082.  827.  599.  551.  442.  431.  286.  190.   76.
471. 957. 804. 623. 624. 450. 356. 316. 194. 155.
853. 816. 772. 570. 532. 448. 395. 239. 227.  98.
498. 632. 718. 911. 659. 524. 438. 339. 211.  20.
 462.  483.  600. 1231.  705.  568.  383.  285.  216.   17.
854. 866. 726. 646. 509. 502. 356. 269. 169.  53.
 478.  547.  777. 1283.  702.  568.  364.  185.   42.    4.
827. 848. 946. 763. 612. 460. 249. 158.  65.  22.
832. 735. 641. 545. 565. 553. 515. 382. 162.  20.
790. 878. 858. 695. 661. 475. 268. 169. 114.  42.
743. 685. 715. 640. 584. 565. 402. 348. 209.  59.
427. 459. 508. 547. 686. 689. 490. 553. 521.  70.
 409.  453.  475.  483.  644. 1157.  562.  439.  269.   59.
408. 391. 488. 525. 681. 842. 543. 585. 362. 125.
 423.  445.  482.  525.  736. 1045.  598.  374.  270.   52.
407. 496. 573. 910. 657. 569. 456. 385. 406.  91.
 435.  440.  538. 1039.  694.  539.  405.  375.  273.  212.
485. 455. 473. 940. 802. 577. 488. 344. 313.  73.
437. 448. 526. 948. 582. 496. 503. 370. 377. 263.
