919. 860. 795. 606. 538. 471. 336. 230. 140.  55.
973. 841. 732. 584. 537. 465. 421. 244. 124.  29.
 379.  408.  452.  449.  454.  548.  500. 1308.  377.   75.
 402.  373.  395.  468.  436.  493.  619. 1204.  422.  138.
 385.  397.  388.  500.  496.  490.  511. 1422.  288.   73.
 372.  383.  373.  510.  551.  500.  507. 1393.  286.   75.
 334.  413.  447.  481.  488.  505.  534. 1309.  359.   80.
 369.  417.  391.  419.  436.  453.  618. 1274.  457.  116.
 389.  401.  421.  513.  421.  544.  542. 1194.  424.  101.
 350.  362.  479.  417.  475.  570.  480. 1361.  371.   85.
890. 838. 757. 640. 533. 455. 336. 270. 140.  91.
976. 876. 737. 719. 560. 447. 258. 206. 134.  37.
 379.  395.  406.  456.  445.  433.  538. 1405.  366.  127.
 351.  411.  419.  433.  518.  510.  520. 1331.  379.   78.
 328.  404.  418.  479.  483.  521.  524. 1312.  381.  100.
 340.  408.  454.  483.  483.  559.  496. 1347.  327.   53.
 353.  393.  407.  459.  449.  501.  536. 1339.  390.  123.
 372.  352.  430.  441.  460.  571.  515. 1338.  372.   99.
 364.  396.  445.  440.  505.  533.  534. 1340.  339.   54.
 401.  371.  425.  499.  484.  462.  567. 1327.  297.  117.
949. 805. 689. 596. 545. 454. 395. 300. 170.  47.
897. 782. 701. 606. 489. 445. 399. 291. 228. 112.
 360.  400.  422.  446.  478.  503.  563. 1357.  332.   89.
 376.  416.  449.  358.  420.  519.  558. 1313.  446.   95.
 391.  361.  384.  495.  507.  449.  517. 1415.  313.  118.
 350.  446.  427.  394.  448.  566.  518. 1338.  379.   84.
 336.  406.  436.  478.  544.  540.  463. 1357.  320.   70.
 365.  454.  420.  452.  486.  502.  577. 1259.  384.   51.
 362.  386.  435.  432.  464.  498.  580. 1313.  368.  112.
 355.  416.  409.  443.  491.  520.  555. 1350.  360.   51.
870. 835. 704. 674. 572. 431. 341. 269. 173.  81.
934. 792. 689. 525. 498. 481. 441. 315. 211.  64.
 359.  364.  390.  507.  486.  448.  533. 1358.  358.  147.
 362.  419.  445.  442.  450.  508.  552. 1304.  388.   80.
 351.  422.  427.  465.  490.  482.  569. 1355.  316.   73.
 405.  404.  462.  463.  480.  519.  509. 1355.  295.   58.
 380.  412.  430.  499.  525.  591.  439. 1359.  275.   40.
 369.  383.  425.  432.  474.  457.  557. 1295.  399.  159.
 389.  403.  391.  410.  482.  550.  575. 1283.  401.   66.
 360.  460.  406.  494.  502.  512.  523. 1252.  355.   86.
980. 853. 783. 685. 557. 408. 290. 235. 118.  41.
976. 835. 875. 718. 507. 444. 308. 146. 116.  25.
 349.  409.  401.  484.  546.  524.  553. 1338.  295.   51.
 338.  393.  440.  441.  512.  535.  521. 1345.  342.   83.
 360.  405.  400.  409.  464.  483.  592. 1321.  404.  112.
 365.  397.  436.  507.  504.  545.  517. 1303.  316.   60.
 399.  386.  405.  374.  382.  520.  585. 1300.  445.  154.
 409.  347.  420.  417.  477.  471.  527. 1323.  393.  166.
 391.  370.  382.  440.  459.  502.  591. 1270.  417.  128.
 393.  392.  399.  403.  474.  539.  522. 1371.  383.   74.
961. 854. 772. 674. 549. 433. 320. 251. 118.  18.
957. 902. 768. 601. 539. 431. 367. 221. 120.  44.
 365.  396.  440.  497.  457.  507.  485. 1342.  359.  102.
 358.  371.  439.  440.  489.  477.  589. 1265.  408.  114.
 373.  382.  442.  424.  500.  566.  494. 1312.  378.   79.
 348.  405.  436.  455.  495.  469.  573. 1305.  371.   93.
 356.  394.  455.  475.  504.  547.  514. 1305.  311.   89.
 384.  417.  445.  432.  416.  543.  516. 1319.  384.   94.
 343.  371.  430.  512.  572.  505.  488. 1370.  282.   77.
 365.  375.  451.  408.  476.  535.  561. 1326.  382.   71.
906. 845. 707. 575. 559. 460. 400. 297. 146.  55.
903. 844. 744. 655. 543. 437. 359. 240. 175.  50.
 401.  385.  504.  489.  521.  571.  450. 1328.  265.   36.
 373.  361.  443.  478.  515.  473.  561. 1343.  337.   66.
 372.  387.  414.  491.  458.  446.  551. 1347.  373.  111.
 351.  413.  398.  458.  422.  544.  606. 1266.  430.   62.
 368.  376.  393.  481.  438.  493.  584. 1272.  396.  149.
 340.  402.  408.  496.  488.  511.  537. 1340.  344.   84.
 348.  417.  453.  432.  477.  517.  572. 1326.  350.   58.
 363.  378.  437.  462.  477.  493.  524. 1311.  383.  122.
974. 840. 784. 587. 527. 460. 342. 259. 147.  30.
1012.  725.  630.  502.  399.  484.  470.  365.  253.  110.
 350.  391.  412.  477.  467.  536.  543. 1357.  325.   92.
 416.  375.  352.  521.  584.  507.  494. 1395.  230.   76.
 364.  388.  393.  411.  434.  469.  623. 1225.  461.  182.
 337.  390.  432.  483.  480.  572.  495. 1341.  343.   77.
 316.  431.  412.  455.  498.  501.  556. 1331.  360.   90.
 375.  418.  400.  423.  460.  500.  531. 1339.  413.   91.
 353.  351.  439.  454.  482.  486.  531. 1347.  361.  146.
 385.  392.  424.  442.  481.  450.  599. 1298.  380.   99.
1041.  813.  798.  789.  522.  392.  308.  195.   73.   19.
941. 867. 730. 636. 527. 416. 348. 278. 152.  55.
 336.  379.  431.  471.  485.  488.  511. 1318.  397.  134.
 359.  361.  433.  485.  451.  519.  560. 1287.  379.  116.
 327.  424.  420.  443.  532.  499.  528. 1358.  325.   94.
 360.  359.  452.  473.  482.  557.  535. 1337.  340.   55.
 371.  384.  428.  477.  506.  505.  544. 1281.  363.   91.
 399.  370.  411.  425.  419.  475.  586. 1259.  458.  148.
 381.  385.  459.  461.  494.  458.  582. 1241.  353.  136.
 366.  351.  433.  417.  474.  525.  532. 1300.  423.  129.
922. 918. 776. 698. 553. 437. 290. 213. 108.  35.
863. 879. 646. 607. 538. 424. 437. 279. 187.  90.
 374.  359.  448.  427.  486.  554.  525. 1337.  352.   88.
 344.  400.  434.  493.  543.  529.  506. 1363.  278.   60.
 369.  416.  400.  483.  494.  471.  523. 1306.  380.  108.
 362.  393.  385.  434.  419.  504.  580. 1279.  437.  157.
 366.  376.  396.  484.  445.  434.  557. 1335.  382.  175.
 351.  415.  375.  447.  454.  472.  614. 1291.  426.  105.
 369.  362.  465.  439.  556.  489.  530. 1330.  335.   75.
 342.  379.  456.  436.  550.  554.  471. 1385.  312.   65.
918. 893. 765. 651. 563. 432. 361. 215. 103.  49.
947. 748. 683. 555. 533. 405. 434. 288. 284.  73.
 372.  359.  416.  517.  546.  463.  487. 1418.  274.   98.
 370.  432.  451.  456.  460.  517.  524. 1274.  378.   88.
 355.  407.  386.  479.  479.  506.  539. 1329.  348.  122.
 361.  441.  431.  440.  473.  457.  512. 1404.  350.   81.
 389.  379.  371.  487.  540.  518.  516. 1339.  333.   78.
 369.  411.  431.  466.  540.  475.  500. 1395.  315.   48.
 378.  397.  461.  427.  465.  501.  523. 1387.  319.   92.
 349.  392.  441.  474.  502.  480.  523. 1358.  362.   69.
920. 862. 754. 718. 540. 437. 312. 225. 137.  45.
933. 868. 766. 608. 567. 461. 369. 237. 105.  36.
 374.  391.  445.  412.  466.  498.  503. 1385.  362.  114.
 350.  396.  443.  452.  482.  491.  562. 1328.  363.   83.
 368.  403.  445.  438.  461.  465.  534. 1269.  422.  145.
 363.  428.  388.  377.  420.  551.  586. 1228.  469.  140.
 349.  413.  413.  451.  472.  490.  598. 1279.  412.   73.
 376.  365.  434.  450.  479.  490.  521. 1345.  372.  118.
 358.  366.  412.  474.  463.  508.  521. 1328.  397.  123.
 357.  387.  454.  451.  512.  504.  522. 1337.  341.   85.
