375. 633. 842. 859. 827. 619. 497. 298.   0.   0.
357. 609. 838. 723. 781. 658. 550. 339.  95.   0.
 386.  610.  837. 1009.  727.  690.  420.  271.    0.    0.
434. 563. 841. 844. 878. 606. 560. 224.   0.   0.
5.560e+02 5.910e+02 6.270e+02 6.460e+02 7.700e+02 1.486e+03 2.730e+02
 1.000e+00 0.000e+00 0.000e+00
 464.  439.  543. 1056.  774.  758.  821.   95.    0.    0.
 460.  499.  611. 1043.  677.  753.  865.   42.    0.    0.
437. 506. 549. 926. 643. 737. 991. 161.   0.   0.
468. 530. 604. 885. 762. 758. 879.  64.   0.   0.
 507.  707.  663. 1142. 1239.  450.  195.   47.    0.    0.
4.060e+02 5.250e+02 6.570e+02 7.260e+02 8.970e+02 1.099e+03 3.740e+02
 1.830e+02 8.200e+01 1.000e+00
 477.  634.  750.  883. 1259.  645.  225.   77.    0.    0.
 643.  670.  635. 1331. 1158.  393.  118.    2.    0.    0.
 456.  480.  550.  596.  551. 1155. 1103.   59.    0.    0.
 445.  489.  565.  546.  611. 1072. 1162.   60.    0.    0.
 466.  513.  483.  562.  664. 1037. 1206.   19.    0.    0.
 435.  526.  484.  556.  679.  942. 1254.   74.    0.    0.
 436.  483.  490.  556.  642.  728. 1436.  179.    0.    0.
 451.  490.  507.  553.  688.  862. 1360.   39.    0.    0.
 468.  440.  532.  520.  730.  754. 1426.   80.    0.    0.
 442.  486.  515.  510.  670.  798. 1429.  100.    0.    0.
 432.  444.  521. 1147.  749.  580.  874.  203.    0.    0.
 421.  469.  552. 1059.  746.  730.  739.  234.    0.    0.
 430.  577.  654. 1036.  809.  634.  614.  196.    0.    0.
 430.  510.  616. 1073.  768.  572.  626.  355.    0.    0.
4.780e+02 5.170e+02 6.330e+02 6.740e+02 7.500e+02 1.307e+03 4.480e+02
 1.420e+02 1.000e+00 0.000e+00
 473.  540.  648.  783.  853. 1106.  438.  107.    2.    0.
472. 532. 626. 735. 710. 871. 747. 208.  49.   0.
 502.  558.  602.  681.  918. 1353.  287.   49.    0.    0.
695. 924. 774. 742. 629. 433. 389. 290.  74.   0.
643. 806. 754. 759. 668. 524. 411. 267. 118.   0.
663. 884. 809. 752. 572. 497. 464. 251.  58.   0.
595. 917. 885. 791. 596. 482. 307. 275. 102.   0.
 398.  536.  932.  729. 1082.  870.  403.    0.    0.    0.
 418.  540.  793.  638. 1059. 1022.  465.   15.    0.    0.
 415.  444.  900.  682. 1022.  948.  496.   43.    0.    0.
 384.  529.  847.  656. 1009.  963.  551.   11.    0.    0.
 433.  628.  898.  798. 1238.  611.  221.  123.    0.    0.
 413.  578.  968.  831. 1023.  572.  452.  110.    3.    0.
 407.  613.  818.  802. 1014.  598.  489.  209.    0.    0.
 414.  631.  886.  775. 1014.  630.  393.  207.    0.    0.
470. 535. 564. 797. 781. 568. 602. 381. 208.  44.
553. 577. 735. 831. 878. 690. 461. 186.  39.   0.
515. 617. 951. 969. 892. 545. 311. 136.  14.   0.
526. 702. 708. 638. 729. 738. 555. 299.  55.   0.
 306.  777.  996. 1022.  843.  588.  296.  122.    0.    0.
284. 680. 908. 996. 881. 684. 455.  62.   0.   0.
298. 745. 999. 955. 919. 592. 348.  94.   0.   0.
292. 783. 966. 965. 841. 651. 366.  86.   0.   0.
 469.  432.  462.  517.  564.  731. 1288.  487.    0.    0.
 429.  449.  490.  494.  607.  708. 1349.  424.    0.    0.
 468.  483.  512.  536.  609.  696. 1233.  413.    0.    0.
 455.  649.  612.  935.  816. 1209.  265.    9.    0.    0.
 438.  742.  839. 1234.  980.  514.  199.    4.    0.    0.
 497.  642.  627. 1031.  916. 1016.  211.   10.    0.    0.
 477.  556.  603. 1012.  710. 1265.  310.   17.    0.    0.
 489.  595.  674. 1155. 1014.  680.  339.    4.    0.    0.
4.820e+02 7.590e+02 7.810e+02 1.247e+03 9.520e+02 5.620e+02 1.660e+02
 1.000e+00 0.000e+00 0.000e+00
5.050e+02 5.970e+02 6.370e+02 6.760e+02 7.730e+02 1.508e+03 2.530e+02
 1.000e+00 0.000e+00 0.000e+00
 435.  548.  588.  667.  731. 1437.  495.   49.    0.    0.
 358.  401.  405.  455.  422.  529.  552. 1288.  413.  127.
 442.  434.  518.  485.  557.  723. 1324.  467.    0.    0.
 451.  636.  658.  883.  877. 1136.  293.   16.    0.    0.
 504.  693.  754. 1168.  974.  584.  269.    4.    0.    0.
393. 541. 905. 783. 885. 616. 543. 284.   0.   0.
381. 572. 834. 782. 802. 737. 585. 213.  44.   0.
382. 738. 758. 729. 908. 672. 506. 257.   0.   0.
372. 655. 827. 825. 800. 662. 517. 292.   0.   0.
 489.  589.  608.  716.  738. 1524.  286.    0.    0.    0.
 432.  447.  617. 1031.  669.  791.  888.   75.    0.    0.
439. 551. 501. 936. 759. 864. 814.  86.   0.   0.
421. 502. 494. 969. 750. 781. 955.  78.   0.   0.
448. 509. 551. 915. 844. 866. 793.  24.   0.   0.
 595.  739.  832. 1154. 1148.  337.  136.    9.    0.    0.
 397.  619.  639.  848. 1000.  930.  338.  124.   53.    2.
 489.  638.  715.  872. 1225.  658.  247.  101.    5.    0.
 501.  831.  982. 1140. 1104.  266.  122.    4.    0.    0.
 500.  480.  480.  563.  617. 1080. 1191.   39.    0.    0.
 489.  470.  529.  559.  644.  996. 1206.   57.    0.    0.
 464.  531.  568.  542.  598. 1025. 1188.   34.    0.    0.
 469.  465.  491.  544.  705.  930. 1317.   29.    0.    0.
 445.  460.  495.  514.  653.  750. 1459.  174.    0.    0.
 491.  458.  559.  560.  585.  920. 1336.   41.    0.    0.
 487.  481.  451.  585.  687.  809. 1403.   47.    0.    0.
 477.  525.  524.  464.  603.  817. 1480.   60.    0.    0.
413. 471. 592. 952. 959. 596. 765. 202.   0.   0.
 387.  467.  497. 1006.  803.  680.  894.  216.    0.    0.
401. 491. 584. 896. 743. 725. 846. 264.   0.   0.
397. 505. 557. 905. 679. 790. 741. 376.   0.   0.
 457.  556.  663.  725.  987. 1117.  354.   82.    9.    0.
 524.  525.  618.  624.  745. 1274.  485.  151.    4.    0.
472. 503. 556. 679. 755. 944. 855. 180.   6.   0.
 521.  541.  558.  703.  918. 1088.  420.  201.    0.    0.
679. 882. 798. 759. 598. 409. 415. 326.  84.   0.
667. 902. 827. 606. 537. 552. 486. 265. 101.   7.
685. 904. 766. 583. 488. 539. 469. 426.  90.   0.
 573. 1021.  967.  782.  613.  420.  337.  179.   58.    0.
 431.  526.  934.  747. 1073.  904.  335.    0.    0.    0.
 407.  517.  932.  772. 1072.  863.  377.   10.    0.    0.
 437.  489.  685.  602.  954. 1097.  629.   57.    0.    0.
 431.  498.  754.  651.  967. 1070.  560.   19.    0.    0.
 414.  617.  917.  948. 1087.  581.  259.  127.    0.    0.
403. 542. 826. 767. 996. 730. 452. 225.   9.   0.
 403.  588.  886.  928. 1020.  637.  338.  150.    0.    0.
3.900e+02 6.210e+02 8.920e+02 8.340e+02 1.109e+03 6.230e+02 3.000e+02
 1.800e+02 1.000e+00 0.000e+00
448. 554. 603. 866. 949. 630. 506. 249. 105.  40.
485. 599. 887. 912. 955. 550. 382. 144.  36.   0.
544. 718. 710. 665. 860. 752. 468. 209.  24.   0.
508. 546. 785. 867. 889. 700. 442. 157.  56.   0.
 265.  786.  997. 1037.  865.  605.  322.   73.    0.    0.
 282.  738.  974. 1060.  868.  662.  303.   63.    0.    0.
358. 819. 857. 920. 951. 668. 312.  65.   0.   0.
 365.  865. 1093. 1011.  831.  528.  217.   40.    0.    0.
 429.  450.  471.  531.  616.  674. 1344.  435.    0.    0.
 465.  441.  424.  511.  615.  767. 1252.  475.    0.    0.
 407.  470.  466.  544.  576.  713. 1331.  443.    0.    0.
 465.  604.  603.  946.  870. 1131.  314.   17.    0.    0.
 505.  520.  742. 1197. 1010.  617.  356.    3.    0.    0.
 497.  606.  599.  950.  879. 1167.  242.   10.    0.    0.
 469.  634.  619.  968.  861. 1157.  230.   12.    0.    0.
 436.  725.  894. 1107.  981.  551.  244.   12.    0.    0.
 429.  711.  742. 1190. 1020.  576.  271.   11.    0.    0.
 516.  509.  683.  645.  712. 1499.  362.   24.    0.    0.
 451.  512.  566.  611.  684. 1426.  606.   94.    0.    0.
 386.  397.  421.  451.  504.  570.  518. 1247.  376.   80.
 422.  452.  484.  513.  589.  721. 1317.  452.    0.    0.
 416.  598.  657.  899.  920. 1066.  362.   32.    0.    0.
 466.  653.  839. 1182. 1012.  518.  277.    3.    0.    0.
963. 856. 730. 715. 555. 415. 345. 248. 107.  16.
923. 768. 786. 630. 463. 456. 424. 227. 170. 103.
906. 837. 663. 560. 508. 469. 436. 305. 187.  79.
853. 772. 645. 598. 552. 454. 361. 281. 265. 169.
885. 848. 727. 560. 552. 434. 405. 291. 181.  67.
898. 738. 733. 672. 607. 444. 300. 216. 197. 145.
865. 880. 837. 690. 551. 432. 324. 192. 113.  66.
925. 901. 819. 698. 547. 429. 295. 186. 103.  47.
960. 873. 763. 637. 546. 404. 342. 248. 135.  42.
923. 794. 816. 638. 547. 452. 376. 201. 142.  61.
922. 890. 766. 669. 534. 489. 313. 223. 101.  43.
939. 818. 692. 592. 531. 445. 374. 306. 202.  51.
864. 871. 772. 697. 573. 438. 300. 223. 141.  71.
883. 804. 645. 536. 489. 462. 426. 359. 246. 100.
931. 757. 794. 603. 518. 471. 418. 215. 180.  63.
828. 800. 748. 593. 522. 459. 364. 274. 215. 147.
964. 869. 674. 597. 551. 501. 379. 255. 135.  25.
860. 843. 743. 626. 531. 471. 352. 260. 161. 103.
