411. 422. 422. 478. 609. 866. 578. 396. 731.  37.
352. 410. 437. 488. 544. 884. 598. 507. 644.  86.
464. 631. 706. 642. 907. 838. 639. 123.   0.   0.
364. 417. 416. 453. 451. 890. 590. 455. 738. 176.
 397.  462.  506. 1012.  602.  509.  407.  369.  362.  324.
439. 479. 468. 440. 708. 527. 478. 480. 800. 131.
360. 459. 418. 468. 924. 768. 515. 458. 467. 113.
 355.  827. 1016.  888.  668.  508.  368.  209.  103.    8.
 400.  423.  460.  498. 1035.  778.  509.  275.  337.  235.
358. 393. 451. 496. 441. 837. 661. 484. 705. 124.
 444.  842. 1138. 1148.  858.  349.  167.    4.    0.    0.
