 426.  466.  473.  550.  539.  742. 1350.  404.    0.    0.
 466.  723. 1104.  808.  624.  518.  343.  234.  101.   29.
 468.  465.  524.  491.  614.  637. 1275.  476.    0.    0.
 444.  467.  457.  505.  572.  760. 1391.  354.    0.    0.
460. 532. 760. 960. 652. 548. 424. 359. 199.  56.
501. 521. 711. 768. 681. 486. 416. 467. 296. 103.
 433.  451.  487.  503.  594.  712. 1410.  360.    0.    0.
 471.  436.  467.  530.  586.  700. 1298.  462.    0.    0.
 423.  451.  494.  528.  570.  731. 1382.  371.    0.    0.
 464.  440.  477.  504.  583.  750. 1441.  291.    0.    0.
 449.  454.  455.  531.  580.  688. 1324.  469.    0.    0.
 509.  758. 1143.  841.  630.  405.  334.  201.  102.   27.
 470.  463.  482.  519.  568.  768. 1381.  299.    0.    0.
 440.  442.  486.  515.  574.  712. 1331.  450.    0.    0.
338. 381. 451. 488. 494. 944. 683. 430. 620. 121.
350. 403. 439. 452. 567. 947. 609. 445. 609. 129.
 348.  407.  413.  416.  455.  535. 1050.  715.  471.  140.
365. 381. 418. 489. 433. 763. 905. 586. 526.  84.
433. 444. 479. 939. 533. 481. 457. 336. 343. 505.
412. 375. 417. 441. 473. 891. 645. 514. 631. 151.
401. 441. 475. 914. 662. 468. 535. 422. 271. 361.
449. 936. 819. 706. 600. 459. 343. 292. 195. 151.
437. 938. 813. 657. 520. 480. 388. 298. 233. 186.
486. 915. 711. 663. 580. 457. 361. 284. 298. 195.
 443. 1017.  855.  711.  621.  448.  322.  252.  175.  106.
383. 370. 480. 897. 897. 638. 450. 368. 203. 264.
433. 539. 990. 715. 630. 472. 382. 266. 322. 201.
419. 462. 944. 767. 576. 512. 375. 341. 291. 263.
430. 492. 857. 730. 665. 569. 350. 291. 209. 357.
 401.  480. 1017.  771.  577.  491.  467.  302.  204.  240.
443. 483. 961. 720. 594. 445. 363. 371. 271. 299.
428. 456. 993. 659. 562. 467. 389. 439. 295. 262.
 386.  454.  435. 1006.  735.  539.  439.  375.  298.  283.
409. 469. 950. 757. 512. 553. 427. 401. 270. 202.
401. 471. 918. 873. 663. 497. 448. 273. 207. 199.
426. 455. 879. 738. 642. 485. 381. 400. 280. 264.
421. 521. 880. 783. 650. 465. 405. 362. 212. 251.
416. 421. 876. 799. 662. 516. 399. 291. 304. 266.
431. 483. 931. 666. 465. 405. 462. 451. 333. 323.
