535. 647. 866. 714. 654. 441. 401. 314. 306.  72.
532. 717. 968. 748. 595. 468. 368. 334. 166.  54.
409. 552. 584. 696. 724. 867. 818. 294.   6.   0.
411. 694. 946. 988. 730. 521. 373. 203.  84.   0.
 439.  462.  506.  514.  631.  848. 1224.  326.    0.    0.
 592.  637.  556.  578.  568.  749. 1165.  105.    0.    0.
473. 508. 918. 871. 618. 540. 379. 379. 188.  76.
 451.  468.  470.  513.  656.  919. 1146.  327.    0.    0.
 570.  603.  538.  576.  617.  777. 1118.  151.    0.    0.
474. 537. 828. 818. 710. 500. 376. 378. 246.  83.
1089.  975.  738.  572.  475.  411.  341.  237.   95.   17.
933. 932. 736. 668. 535. 463. 357. 229.  88.   9.
922. 838. 743. 697. 554. 410. 354. 241. 141.  50.
919. 876. 758. 623. 520. 481. 380. 220. 118.  55.
827. 857. 678. 560. 511. 471. 410. 342. 214.  80.
901. 899. 700. 684. 571. 431. 330. 249. 130.  55.
897. 867. 827. 689. 535. 452. 321. 191. 110.  61.
