843. 873. 733. 638. 536. 439. 381. 277. 166.  64.
822. 838. 725. 658. 597. 436. 317. 243. 188. 126.
428. 440. 590. 959. 542. 492. 336. 500. 293. 370.
362. 408. 444. 468. 895. 716. 544. 438. 491. 184.
356. 423. 418. 501. 951. 858. 518. 356. 388. 181.
 434.  476.  443.  522.  584.  691. 1349.  451.    0.    0.
427. 654. 646. 770. 821. 641. 552. 433.   6.   0.
482. 980. 675. 631. 538. 493. 423. 359. 270.  99.
456. 777. 788. 682. 519. 492. 400. 290. 330. 216.
652. 936. 733. 665. 591. 418. 380. 303. 199.  73.
443. 750. 940. 630. 591. 469. 371. 346. 223. 187.
361. 393. 444. 458. 521. 587. 849. 940. 344.  53.
449. 898. 891. 703. 539. 451. 386. 270. 232. 131.
371. 424. 445. 506. 966. 567. 482. 544. 304. 341.
 409.  411.  434.  516.  637. 1053.  654.  405.  326.  105.
448. 936. 770. 654. 485. 459. 465. 285. 252. 196.
 449. 1016.  779.  661.  588.  487.  321.  278.  240.  131.
516. 587. 849. 787. 669. 479. 439. 381. 214.  29.
329. 621. 718. 853. 995. 714. 442. 251.  27.   0.
482. 605. 822. 817. 860. 737. 571.  56.   0.   0.
385. 415. 454. 776. 783. 640. 564. 454. 378. 101.
