358. 580. 756. 898. 770. 651. 520. 404.  13.   0.
370. 442. 683. 848. 784. 523. 482. 435. 312.  71.
392. 807. 894. 927. 714. 642. 457. 117.   0.   0.
338. 552. 614. 715. 760. 798. 658. 336. 149.  30.
 471.  942. 1181. 1083.  624.  345.  197.   62.   45.    0.
508. 717. 814. 717. 588. 506. 543. 448. 100.   9.
785. 969. 838. 719. 608. 422. 282. 196.  99.  32.
 433.  442.  467.  509.  590.  743. 1315.  451.    0.    0.
 464.  463.  460.  502.  551.  700. 1313.  497.    0.    0.
466. 534. 640. 908. 651. 568. 438. 375. 304.  66.
922. 841. 771. 696. 531. 462. 336. 221. 134.  36.
795. 784. 917. 798. 623. 435. 268. 218. 112.   0.
472. 543. 652. 770. 728. 601. 527. 333. 291.  33.
 516. 1029.  823.  609.  553.  496.  397.  323.  141.   63.
 551.  507.  516.  495.  481.  480.  539. 1185.  196.    0.
614. 623. 596. 611. 619. 559. 542. 706.  80.   0.
941. 799. 682. 575. 505. 479. 431. 331. 166.  41.
506. 783. 986. 706. 541. 504. 376. 317. 166.  65.
919. 703. 704. 654. 458. 451. 448. 292. 215. 106.
443. 479. 497. 590. 883. 783. 562. 428. 285.   0.
 394.  474.  517.  594. 1018.  836.  483.  392.  242.    0.
592. 683. 865. 615. 518. 513. 447. 372. 234. 111.
 416.  436.  444.  430.  491. 1003.  556.  490.  554.  130.
 360.  368.  479.  435.  507.  480.  486. 1311.  412.  112.
263. 611. 774. 861. 841. 647. 499. 314. 140.   0.
288. 558. 821. 755. 796. 688. 551. 375. 101.  17.
438. 733. 838. 550. 304. 494. 513. 511. 478.  91.
320. 678. 896. 856. 695. 610. 400. 304. 185.   6.
248. 639. 814. 806. 855. 695. 599. 220.  53.  21.
375. 703. 954. 777. 639. 477. 441. 203. 274. 107.
289. 565. 788. 849. 755. 713. 511. 369.  86.  25.
304. 686. 910. 867. 706. 615. 417. 328. 105.  12.
