400. 411. 546. 623. 715. 757. 604. 364. 486.  44.
393. 433. 491. 590. 799. 735. 643. 348. 465.  53.
947. 746. 604. 620. 564. 490. 324. 309. 232. 114.
942. 849. 638. 550. 506. 481. 442. 320. 165.  57.
974. 708. 611. 588. 532. 444. 338. 390. 296.  69.
913. 829. 720. 690. 597. 422. 293. 271. 171.  44.
411. 427. 870. 936. 669. 551. 381. 324. 203. 178.
465. 526. 977. 747. 650. 510. 348. 276. 298. 153.
 430.  472. 1133.  656.  532.  521.  452.  388.  233.  133.
 417.  476. 1057.  723.  537.  431.  439.  347.  253.  270.
 449.  615. 1175.  756.  556.  457.  414.  259.  145.  124.
 419.  584. 1031.  650.  628.  507.  349.  320.  240.  222.
452. 708. 821. 690. 549. 488. 426. 302. 201. 313.
433. 756. 843. 657. 523. 500. 383. 347. 236. 272.
430. 901. 881. 695. 601. 478. 349. 289. 210. 116.
461. 834. 828. 745. 551. 494. 401. 230. 216. 190.
518. 822. 788. 755. 549. 504. 350. 262. 168. 234.
494. 861. 749. 673. 535. 489. 358. 316. 300. 175.
 487.  416.  532.  575.  541.  747. 1259.  393.    0.    0.
 452.  433.  443.  562.  612.  701. 1369.  378.    0.    0.
 420.  456.  473.  511.  601.  730. 1362.  397.    0.    0.
 456.  469.  445.  508.  594.  733. 1479.  266.    0.    0.
 458.  451.  482.  535.  586.  735. 1249.  454.    0.    0.
 458.  474.  484.  535.  568.  714. 1361.  356.    0.    0.
 432.  444.  474.  512.  585.  723. 1316.  464.    0.    0.
 414.  455.  479.  529.  579.  708. 1313.  473.    0.    0.
 422.  428.  504.  526.  556.  768. 1311.  435.    0.    0.
 443.  449.  471.  520.  575.  736. 1427.  329.    0.    0.
 421.  453.  487.  504.  592.  728. 1421.  344.    0.    0.
 437.  465.  477.  514.  579.  738. 1447.  293.    0.    0.
 445.  472.  504.  456.  582.  703. 1297.  491.    0.    0.
 429.  463.  489.  515.  603.  741. 1360.  350.    0.    0.
 422.  473.  474.  522.  563.  687. 1278.  531.    0.    0.
 416.  447.  515.  516.  585.  732. 1395.  344.    0.    0.
931. 793. 740. 676. 520. 475. 344. 266. 156.  49.
 471.  447.  470.  506.  578.  688. 1289.  501.    0.    0.
939. 806. 701. 690. 590. 426. 322. 266. 187.  23.
 495.  469.  479.  488.  593.  719. 1463.  244.    0.    0.
 425.  464.  500.  489.  616.  678. 1279.  499.    0.    0.
862. 837. 721. 616. 535. 465. 368. 264. 202.  80.
972. 919. 816. 667. 564. 446. 287. 169.  86.  24.
942. 763. 640. 553. 484. 454. 420. 333. 281.  80.
943. 888. 792. 678. 583. 390. 317. 207. 120.  32.
 419.  464.  472.  519.  579.  720. 1307.  470.    0.    0.
987. 916. 755. 671. 535. 455. 328. 202.  79.  22.
903. 813. 716. 603. 545. 453. 372. 307. 173.  65.
892. 800. 836. 535. 654. 369. 398. 252. 126.  88.
917. 863. 699. 608. 534. 491. 384. 269. 141.  44.
 455.  430.  451.  534.  622.  700. 1332.  426.    0.    0.
 456.  454.  467.  528.  569.  709. 1232.  535.    0.    0.
 441.  462.  468.  506.  592.  720. 1317.  444.    0.    0.
 453.  427.  500.  473.  599.  751. 1326.  421.    0.    0.
 435.  463.  461.  544.  548.  732. 1406.  361.    0.    0.
 428.  445.  479.  542.  579.  689. 1289.  499.    0.    0.
 429.  481.  459.  526.  558.  762. 1453.  282.    0.    0.
 440.  477.  497.  519.  573.  730. 1414.  300.    0.    0.
 441.  442.  490.  519.  565.  718. 1463.  312.    0.    0.
 464.  500.  484.  543.  574.  659. 1196.  530.    0.    0.
 434.  486.  497.  527.  588.  688. 1268.  462.    0.    0.
 453.  430.  484.  527.  576.  715. 1474.  291.    0.    0.
 474.  407.  496.  516.  626.  716. 1330.  385.    0.    0.
 449.  498.  444.  546.  570.  701. 1322.  420.    0.    0.
 434.  461.  477.  542.  561.  727. 1353.  395.    0.    0.
 445.  403.  524.  502.  560.  784. 1392.  340.    0.    0.
458. 968. 831. 609. 544. 457. 369. 353. 192. 169.
462. 903. 700. 624. 502. 482. 368. 326. 321. 262.
406. 915. 841. 700. 594. 490. 359. 258. 228. 159.
422. 886. 850. 681. 583. 480. 357. 307. 227. 157.
430. 727. 928. 659. 534. 476. 385. 336. 225. 250.
431. 759. 828. 660. 649. 522. 339. 260. 233. 269.
464. 722. 997. 723. 534. 496. 387. 341. 180. 106.
 430.  474. 1045.  652.  456.  455.  453.  381.  321.  283.
 457.  457. 1024.  663.  500.  473.  427.  357.  311.  281.
410. 474. 972. 734. 564. 483. 432. 288. 306. 287.
 417.  456. 1113.  665.  525.  473.  467.  394.  288.  152.
 444.  423. 1024.  719.  678.  475.  410.  262.  264.  251.
433. 439. 976. 696. 555. 456. 481. 423. 254. 237.
413. 438. 822. 901. 699. 564. 403. 259. 194. 257.
419. 443. 899. 931. 632. 530. 431. 335. 193. 137.
384. 429. 511. 585. 743. 753. 487. 466. 481. 111.
421. 411. 424. 618. 879. 739. 499. 383. 471. 105.
