297. 627. 932. 932. 883. 645. 375. 207.  52.   0.
442. 545. 686. 889. 872. 789. 680.  47.   0.   0.
787. 624. 710. 584. 645. 575. 454. 319. 198.  54.
457. 543. 655. 822. 889. 758. 761.  65.   0.   0.
558. 577. 496. 589. 941. 708. 490. 383. 157.  51.
455. 515. 744. 571. 902. 844. 797. 122.   0.   0.
951. 795. 719. 525. 563. 451. 424. 315. 163.  44.
466. 569. 689. 696. 888. 827. 713. 102.   0.   0.
799. 809. 732. 700. 557. 472. 428. 258. 160.  35.
 451.  611.  604.  899.  711. 1026.  612.   36.    0.    0.
485. 885. 945. 733. 581. 422. 436. 264. 152.  47.
 449.  757.  823. 1095.  833.  462.  290.  164.   77.    0.
401. 384. 514. 705. 800. 685. 374. 423. 295. 369.
504. 535. 692. 467. 863. 997. 817.  75.   0.   0.
856. 820. 726. 653. 582. 450. 327. 284. 173.  79.
459. 468. 721. 729. 951. 564. 848. 210.   0.   0.
955. 804. 703. 607. 556. 487. 388. 289. 136.  25.
478. 582. 686. 573. 776. 870. 848. 137.   0.   0.
957. 762. 708. 629. 565. 462. 452. 237. 148.  30.
