290. 659. 629. 825. 821. 935. 483. 194. 114.   0.
 425.  441.  583. 1018.  791.  587.  542.  394.  116.   53.
 363.  390.  423.  479.  501.  519.  772. 1057.  351.   95.
525. 990. 815. 635. 666. 414. 287. 293. 179. 146.
 385.  410.  382.  400.  425.  466.  909. 1005.  413.  155.
 391.  967. 1005. 1097.  986.  373.  126.    5.    0.    0.
450. 483. 514. 888. 758. 604. 514. 433. 225.  81.
 325.  382.  427.  495.  472.  517.  718. 1094.  403.  117.
 438. 1031.  763.  641.  516.  462.  368.  315.  252.  164.
 363.  416.  428.  462.  463.  521.  682. 1159.  401.   55.
