245. 605. 576. 646. 766. 868. 716. 321. 139.  68.
333. 723. 685. 685. 727. 765. 487. 399. 139.   7.
400. 691. 662. 842. 647. 398. 397. 543. 355.  15.
281. 669. 672. 787. 845. 663. 434. 416. 180.   3.
626. 967. 865.   1.   0. 418. 465. 810. 451. 347.
328. 593. 743. 898. 896. 772. 434. 165.  89.  32.
227. 622. 740. 901. 873. 709. 635. 233.  10.   0.
455. 831. 773. 927. 826. 452. 298. 229. 121.  38.
250. 628. 626. 825. 807. 621. 543. 464. 186.   0.
327. 811. 685. 654. 627. 760. 715. 320.  51.   0.
275. 561. 737. 951. 795. 541. 603. 450.  37.   0.
372. 886. 769. 752. 672. 539. 388. 348. 193.  31.
240. 596. 771. 928. 832. 741. 593. 248.   1.   0.
380. 850. 878. 730. 578. 522. 473. 307. 185.  47.
301. 668. 675. 813. 974. 764. 441. 169. 109.  36.
255. 732. 828. 976. 848. 711. 436. 164.   0.   0.
317. 684. 679. 749. 902. 794. 515. 186. 124.   0.
259. 592. 763. 924. 852. 702. 558. 277.  23.   0.
305. 609. 514. 579. 574. 920. 745. 502. 171.  31.
406. 810. 842. 825. 587. 498. 472. 325. 130.  55.
286. 589. 648. 853. 831. 637. 506. 368. 232.   0.
257. 689. 655. 668. 874. 944. 689. 174.   0.   0.
304. 573. 758. 805. 908. 733. 542. 237.  74.  16.
445. 785. 793. 774. 810. 532. 328. 308. 149.  26.
238. 704. 595. 733. 865. 995. 617. 203.   0.   0.
301. 680. 573. 631. 591. 801. 821. 420. 122.  10.
 528.  553.  612.  671.  760. 1512.  311.    3.    0.    0.
5.730e+02 6.610e+02 7.100e+02 6.850e+02 1.383e+03 7.760e+02 1.610e+02
 1.000e+00 0.000e+00 0.000e+00
 554. 1035.  810.  746.  669.  520.  253.  215.  141.    7.
