276. 354. 627. 614. 830. 683. 644. 595. 247.  80.
310. 461. 869. 821. 881. 773. 500. 335.   0.   0.
338. 522. 854. 804. 859. 727. 579. 246.  21.   0.
326. 481. 653. 657. 831. 889. 692. 261. 142.  18.
907. 936. 802. 690. 565. 415. 278. 234. 106.  17.
606. 906. 764. 711. 500. 500. 356. 308. 176. 123.
900. 897. 694. 582. 533. 465. 418. 279. 154.  28.
740. 914. 700. 750. 675. 406. 281. 193. 212.  79.
851. 955. 772. 640. 538. 506. 345. 223.  91.  29.
829. 957. 850. 688. 524. 453. 345. 195.  93.  16.
777. 974. 720. 627. 535. 505. 372. 292. 108.  40.
579. 997. 739. 638. 545. 454. 391. 310. 225.  72.
 432.  489.  507.  581.  692. 1001.  509.  506.  211.   22.
439. 470. 504. 634. 707. 786. 724. 406. 264.  16.
 423.  494.  509.  643.  792. 1091.  657.  341.    0.    0.
456. 472. 734. 630. 999. 900. 651. 108.   0.   0.
517. 562. 615. 621. 764. 903. 823. 145.   0.   0.
441. 456. 526. 510. 627. 712. 847. 831.   0.   0.
497. 797. 554. 457. 597. 835. 767. 361.  85.   0.
411. 439. 562. 572. 626. 881. 769. 690.   0.   0.
