 486.  631. 1126.  792.  573.  504.  384.  264.  146.   44.
586. 773. 876. 692. 526. 513. 416. 323. 191.  54.
911. 824. 689. 630. 536. 436. 371. 313. 187.  53.
941. 927. 741. 706. 518. 458. 335. 203.  94.  27.
810. 987. 755. 642. 547. 460. 355. 255. 112.  27.
710. 966. 807. 687. 535. 467. 374. 223. 133.  48.
 676. 1021.  783.  626.  564.  458.  362.  291.  142.   27.
529. 738. 698. 715. 691. 507. 477. 453. 142.   0.
510. 748. 903. 617. 553. 475. 436. 393. 216.  99.
750. 804. 931. 571. 568. 548. 468. 241.  64.   5.
925. 868. 754. 671. 562. 422. 350. 236. 131.  31.
958. 881. 751. 655. 500. 483. 325. 232. 118.  47.
725. 876. 679. 619. 538. 453. 364. 339. 237. 120.
720. 837. 735. 651. 568. 458. 345. 285. 264.  87.
 733. 1031.  817.  698.  551.  449.  334.  226.   96.   15.
506. 738. 800. 730. 672. 555. 488. 329. 132.   0.
 462.  699. 1008.  758.  609.  483.  371.  316.  177.   67.
650. 753. 996. 765. 582. 474. 399. 239.  73.  19.
892. 822. 727. 633. 477. 471. 402. 244. 186.  96.
915. 851. 770. 618. 557. 451. 372. 238. 132.  46.
6.870e+02 1.025e+03 8.230e+02 7.050e+02 5.560e+02 4.580e+02 3.320e+02
 2.560e+02 1.070e+02 1.000e+00
712. 895. 709. 594. 563. 467. 392. 300. 235.  83.
786. 994. 806. 689. 517. 444. 346. 212. 113.  43.
516. 731. 871. 732. 704. 556. 380. 368.  92.   0.
 511.  543. 1193.  799.  629.  471.  382.  156.  178.   88.
681. 750. 987. 718. 603. 448. 368. 271. 102.  22.
946. 790. 653. 601. 505. 449. 400. 349. 210.  47.
977. 828. 692. 627. 571. 481. 339. 267. 138.  30.
811. 917. 781. 662. 520. 483. 349. 253. 147.  27.
704. 977. 806. 668. 554. 455. 381. 232. 143.  30.
706. 932. 689. 603. 528. 423. 438. 331. 222.  78.
495. 712. 740. 716. 707. 552. 438. 366. 224.   0.
 496.  693. 1052.  746.  591.  491.  387.  274.  182.   38.
694. 976. 931. 592. 523. 453. 398. 259. 101.  23.
972. 729. 682. 632. 587. 381. 348. 293. 272.  54.
943. 848. 671. 544. 468. 470. 416. 307. 213.  70.
 670. 1031.  762.  636.  548.  439.  385.  282.  159.   38.
762. 951. 714. 636. 575. 475. 370. 264. 161.  42.
813. 965. 720. 607. 532. 461. 402. 310. 121.  19.
507. 739. 790. 609. 645. 547. 515. 399. 199.   0.
 516.  735. 1034.  626.  585.  478.  438.  325.  150.   63.
694. 820. 858. 621. 486. 471. 444. 351. 167.  38.
880. 840. 651. 720. 632. 422. 298. 219. 173. 115.
933. 777. 706. 652. 599. 434. 316. 284. 208.  41.
702. 944. 833. 722. 578. 414. 344. 237. 138.  38.
 697. 1046.  798.  702.  613.  452.  312.  185.  116.   29.
704. 881. 745. 696. 612. 460. 298. 269. 217.  68.
520. 742. 777. 751. 707. 518. 419. 368. 148.   0.
