378. 850. 959. 918. 691. 466. 344. 298.  46.   0.
 446.  466.  511.  517.  614.  823. 1113.  460.    0.    0.
500. 608. 552. 936. 559. 533. 515. 454. 278.  15.
 445.  445.  435.  544.  590.  781. 1298.  412.    0.    0.
 424.  489.  469.  532.  591.  700. 1106.  639.    0.    0.
 464.  557.  614. 1044.  667.  590.  525.  298.  187.    4.
 450.  464.  461.  506.  605.  833. 1133.  498.    0.    0.
 428.  483.  432.  515.  504. 1020.  825.  613.  130.    0.
609. 927. 763. 636. 570. 514. 389. 308. 166.  68.
576. 960. 814. 667. 563. 496. 359. 323. 109.  83.
 500.  485.  454.  437.  551.  786. 1003.  734.    0.    0.
 481.  514.  578. 1196.  723.  540.  446.  310.  141.   21.
 461.  456.  485.  568.  552.  738. 1051.  639.    0.    0.
 452.  467.  491.  521.  599.  747. 1180.  493.    0.    0.
 473.  569.  619. 1115.  781.  563.  408.  301.  115.    6.
 470.  454.  495.  535.  575.  794. 1075.  552.    0.    0.
386. 450. 515. 514. 579. 945. 956. 541.  64.   0.
594. 918. 754. 635. 598. 493. 419. 281. 189.  69.
708. 924. 767. 579. 534. 465. 419. 305. 188.  61.
 448.  456.  515.  504.  615.  728. 1091.  593.    0.    0.
4.980e+02 5.710e+02 5.830e+02 1.295e+03 6.680e+02 5.550e+02 4.050e+02
 2.560e+02 1.180e+02 1.000e+00
 441.  465.  463.  537.  582.  717. 1165.  580.    0.    0.
 432.  461.  455.  495.  620.  784. 1099.  604.    0.    0.
 482.  497.  673. 1138.  911.  531.  361.  218.  122.   17.
 457.  461.  496.  523.  586.  839. 1122.  466.    0.    0.
414. 480. 496. 520. 574. 973. 870. 489. 134.   0.
608. 996. 766. 726. 593. 493. 340. 242. 164.  22.
610. 942. 742. 634. 559. 517. 367. 322. 206.  51.
866. 849. 674. 547. 450. 506. 454. 298. 249.  57.
844. 844. 691. 667. 580. 443. 332. 291. 190.  68.
843. 828. 636. 658. 561. 451. 356. 272. 234. 111.
890. 802. 676. 587. 476. 529. 366. 322. 249.  53.
839. 832. 631. 539. 510. 448. 404. 365. 247. 135.
888. 884. 777. 685. 592. 428. 289. 218. 130.  59.
