437. 786. 956. 753. 619. 480. 352. 322. 217.  28.
446. 560. 625. 848. 803. 609. 520. 390. 149.   0.
303. 605. 733. 775. 794. 872. 638. 230.   0.   0.
293. 654. 759. 875. 852. 831. 641.  45.   0.   0.
 251.  696.  699. 1086.  825.  613.  366.  275.   88.   51.
390. 767. 847. 873. 891. 778. 366.  38.   0.   0.
846. 897. 708. 674. 586. 463. 293. 251. 157.  75.
 473.  486.  570. 1072.  957.  584.  464.  246.   95.    3.
529. 733. 984. 650. 558. 494. 428. 332. 200.  42.
 491.  482.  544.  529.  630.  773. 1493.    8.    0.    0.
 449.  470.  461.  534.  611.  750. 1565.  110.    0.    0.
