 391.  390.  480.  453.  482.  592.  871. 1002.  273.   16.
787. 845. 751. 672. 543. 447. 371. 253. 193.  88.
 398.  509.  471.  548.  590.  794. 1039.  523.   78.    0.
415. 472. 542. 588. 623. 868. 849. 357. 198.  38.
 396.  443.  446.  549.  599. 1130.  557.  594.  217.   19.
 481.  500.  478.  461.  610.  778. 1290.  352.    0.    0.
 470.  415.  539.  475.  612.  819. 1309.  311.    0.    0.
 461.  495.  486.  520.  546.  696. 1525.  221.    0.    0.
630. 971. 788. 685. 496. 490. 374. 231. 191.  94.
386. 440. 494. 510. 776. 866. 653. 438. 387.   0.
 382.  482.  512.  483.  589.  797. 1094.  506.  101.    4.
 429.  440.  486.  475.  584.  702. 1149.  555.  130.    0.
663. 865. 996. 649. 565. 483. 354. 255. 115.   5.
 639.  853. 1017.  618.  481.  500.  394.  290.  137.   21.
 403.  481.  511.  576.  560. 1075.  732.  395.  184.   33.
 404.  512.  583. 1040.  745.  514.  455.  311.  327.   59.
 445.  457.  515.  502.  597.  750. 1202.  482.    0.    0.
 440.  463.  483.  513.  628. 1075.  973.  371.    4.    0.
423. 459. 485. 533. 614. 871. 915. 649.   1.   0.
439. 419. 478. 675. 602. 929. 843. 312. 182.  71.
408. 425. 485. 450. 616. 999. 568. 730. 225.  44.
454. 460. 474. 554. 847. 742. 415. 350. 651.   3.
 402.  453.  486.  609.  543.  696. 1193.  476.   90.    2.
408. 482. 460. 438. 523. 705. 959. 838. 131.   6.
614. 909. 715. 637. 555. 433. 372. 327. 249. 139.
784. 905. 749. 702. 566. 434. 326. 241. 151.  92.
810. 814. 652. 619. 551. 417. 374. 351. 240. 122.
492. 946. 805. 597. 600. 462. 363. 276. 221. 188.
625. 960. 783. 715. 554. 423. 362. 264. 150. 114.
820. 928. 758. 631. 555. 497. 341. 235. 132.  53.
781. 946. 718. 607. 563. 459. 391. 288. 156.  41.
 469. 1110.  717.  628.  523.  504.  370.  339.  185.  105.
 429.  434.  441.  572.  579. 1156.  647.  449.  243.    0.
 445.  488.  495.  629. 1179.  722.  460.  324.  208.    0.
 431.  483.  538.  608. 1027.  706.  443.  443.  271.    0.
480. 416. 541. 652. 979. 688. 488. 416. 290.   0.
 467.  506.  568.  701. 1256.  596.  389.  300.  167.    0.
 447.  446.  491.  529. 1012.  811.  490.  314.  410.    0.
489. 482. 544. 921. 787. 556. 442. 340. 303.  86.
492. 514. 577. 937. 737. 569. 552. 370. 177.  25.
 452.  474.  558. 1084.  826.  614.  467.  261.  189.   25.
444. 512. 659. 995. 844. 531. 464. 283. 200.  18.
449. 441. 465. 582. 849. 938. 483. 423. 320.   0.
446. 454. 640. 960. 735. 620. 503. 348. 232.  12.
443. 465. 623. 862. 898. 610. 422. 389. 187.  51.
 472.  481.  592. 1004.  768.  630.  515.  302.  174.   12.
468. 535. 622. 834. 775. 581. 467. 407. 234.  27.
