414. 473. 921. 931. 598. 509. 461. 245. 223. 175.
 437.  458.  540.  680.  680.  790. 1221.  144.    0.    0.
340. 403. 429. 484. 537. 740. 755. 456. 717.  89.
410. 462. 455. 553. 518. 710. 757. 400. 612.  73.
 439.  488.  501.  772.  807.  807. 1019.  117.    0.    0.
337. 421. 405. 442. 510. 754. 766. 521. 655. 139.
383. 402. 380. 403. 494. 770. 747. 514. 691. 166.
465. 449. 786. 928. 681. 540. 359. 256. 231. 255.
 461.  456.  443.  531.  582.  694. 1370.  413.    0.    0.
 434.  498.  463.  542.  582.  728. 1262.  441.    0.    0.
 443.  473.  478.  505.  570.  725. 1308.  448.    0.    0.
369. 378. 373. 502. 559. 860. 807. 418. 564. 120.
312. 438. 434. 436. 507. 769. 800. 495. 637. 122.
 521.  597.  587.  687.  711. 1542.  301.    4.    0.    0.
343. 412. 449. 491. 464. 768. 746. 507. 677.  93.
381. 397. 406. 456. 482. 850. 928. 501. 462.  87.
