849. 922. 842. 671. 620. 407. 282. 205. 116.  36.
918. 880. 797. 645. 565. 434. 345. 200. 121.  45.
 840. 1089.  907.  699.  564.  371.  244.  135.   89.   12.
462. 513. 752. 989. 668. 520. 461. 279. 242.  64.
 477.  478.  480.  550.  570.  690. 1426.  279.    0.    0.
 447.  440.  463.  490.  582.  814. 1105.  586.   23.    0.
 402.  480.  496.  577.  572.  687. 1315.  393.   28.    0.
 430.  511.  474.  449.  574.  734. 1276.  477.   25.    0.
 459.  421.  503.  615.  565.  825. 1270.  284.    8.    0.
 460.  481.  493.  577.  521.  916. 1158.  337.    7.    0.
 492.  496.  485.  517.  563.  878. 1129.  380.   10.    0.
 431.  523.  492.  540.  563.  857. 1143.  359.   42.    0.
 407.  484.  493.  540.  582.  743. 1263.  402.   36.    0.
 426.  429.  517.  547.  637.  648. 1333.  359.   54.    0.
 394.  473.  512.  571.  586.  792. 1254.  354.   14.    0.
