 456.  477.  571.  607.  804. 1131.  587.  315.    2.    0.
925. 866. 755. 671. 549. 468. 341. 203. 135.  37.
467. 978. 826. 748. 569. 439. 348. 319. 197.  59.
4.740e+02 6.360e+02 6.470e+02 1.088e+03 9.910e+02 6.200e+02 4.080e+02
 8.500e+01 1.000e+00 0.000e+00
429. 521. 525. 977. 976. 618. 482. 386.  36.   0.
 444.  497.  480.  543.  593.  705. 1257.  431.    0.    0.
 437.  466.  442.  506.  625.  727. 1299.  448.    0.    0.
805. 763. 687. 592. 535. 437. 480. 372. 226.  53.
800. 710. 659. 665. 557. 447. 392. 325. 300.  95.
785. 707. 670. 559. 451. 485. 399. 454. 373.  67.
 435.  439.  510.  586.  538. 1061.  884.  449.   48.    0.
574. 685. 975. 845. 752. 508. 319. 185. 107.   0.
 462.  516.  514.  601.  769. 1106.  870.  112.    0.    0.
