 448.  479.  488.  501.  604.  706. 1290.  434.    0.    0.
 454.  452.  428.  518.  625.  700. 1400.  373.    0.    0.
 461.  451.  496.  496.  578.  709. 1332.  427.    0.    0.
370. 589. 828. 970. 776. 796. 549.  72.   0.   0.
523. 863. 891. 698. 538. 497. 439. 288. 159.  54.
469. 429. 498. 885. 788. 516. 522. 334. 422.  87.
793. 907. 801. 701. 578. 424. 324. 221. 130.  71.
406. 467. 493. 561. 927. 643. 510. 423. 520.   0.
 459.  757.  718.  970. 1079.  642.  250.   75.    0.    0.
1049.  883.  746.  705.  524.  378.  276.  228.  104.   57.
485. 665. 838. 872. 527. 555. 433. 302. 203.  70.
441. 494. 490. 575. 942. 981. 617. 359.  51.   0.
478. 750. 897. 724. 595. 467. 453. 433. 153.   0.
503. 733. 692. 721. 655. 553. 455. 369. 265.   4.
727. 780. 735. 697. 708. 613. 395. 256.  39.   0.
 541. 1167.  844.  764.  566.  462.  250.  200.  130.   26.
462. 605. 932. 756. 543. 490. 454. 319. 225. 164.
 477.  698. 1153.  705.  701.  393.  392.  244.  187.    0.
 523.  516. 1086.  934.  670.  462.  396.  258.  105.    0.
677. 843. 758. 698. 628. 489. 359. 247. 180.  71.
 459.  480.  491.  538.  603.  863. 1277.  239.    0.    0.
560. 621. 778. 846. 985. 527. 318. 222.  93.   0.
 515.  655. 1087.  802.  628.  463.  307.  258.  180.   55.
402. 447. 482. 524. 599. 932. 769. 698.  97.   0.
 412.  434.  468.  460.  576.  704. 1118.  682.   96.    0.
 457.  448.  495.  511.  653. 1015.  805.  542.   24.    0.
 466.  645. 1049.  776.  652.  542.  369.  277.  167.    7.
436. 868. 919. 726. 606. 471. 412. 292. 173.  47.
 459.  488.  494.  622. 1127.  775.  476.  280.  229.    0.
521. 869. 878. 719. 618. 463. 399. 318. 137.  28.
 497. 1020.  718.  678.  566.  497.  361.  313.  230.   70.
470. 428. 504. 600. 765. 939. 686. 388. 170.   0.
437. 460. 461. 540. 640. 877. 888. 647.   0.   0.
469. 432. 457. 526. 668. 961. 830. 576.  31.   0.
459. 496. 500. 614. 953. 763. 528. 387. 250.   0.
455. 511. 780. 932. 638. 579. 421. 350. 213.  71.
442. 451. 503. 685. 887. 629. 482. 299. 483.  89.
970. 882. 702. 640. 566. 459. 375. 219. 116.  21.
913. 828. 726. 673. 570. 436. 314. 256. 172.  62.
 551. 1120.  849.  699.  570.  462.  308.  184.  143.   64.
 428.  437.  601. 1139.  833.  597.  398.  319.  175.   23.
839. 785. 705. 643. 519. 447. 407. 357. 189.  59.
925. 717. 639. 639. 578. 426. 368. 343. 255.  60.
941. 913. 741. 622. 573. 461. 363. 206.  95.  35.
471. 599. 543. 669. 992. 876. 617. 183.   0.   0.
965. 864. 715. 679. 512. 414. 311. 291. 151.  48.
917. 856. 777. 630. 550. 450. 328. 242. 149.  51.
925. 838. 766. 600. 543. 462. 376. 245. 141.  54.
 505.  651.  756.  577.  620.  663. 1015.  163.    0.    0.
939. 809. 870. 650. 534. 485. 296. 224.  96.  47.
900. 895. 745. 613. 542. 450. 345. 251. 150.  59.
928. 782. 694. 558. 484. 497. 413. 308. 223.  63.
