583. 640. 799. 907. 629. 539. 393. 289. 127.  44.
541. 736. 821. 888. 694. 532. 399. 227.  89.  23.
686. 624. 643. 870. 625. 493. 428. 358. 186.  37.
580. 634. 752. 914. 640. 525. 411. 281. 173.  40.
729. 775. 687. 748. 581. 559. 457. 285. 125.   4.
550. 672. 822. 896. 726. 516. 362. 241. 111.  54.
594. 719. 699. 862. 613. 556. 455. 276. 133.  43.
589. 591. 798. 937. 631. 526. 409. 278. 148.  43.
 642.  544.  674. 1010.  722.  473.  366.  293.  170.   56.
 564.  665.  735. 1060.  673.  481.  380.  257.  109.   26.
549. 611. 783. 990. 691. 480. 378. 288. 131.  49.
517. 604. 826. 939. 697. 505. 381. 253. 133.  95.
600. 664. 908. 868. 658. 552. 381. 222.  85.  12.
 561.  688.  973. 1028.  675.  469.  309.  181.   62.    4.
609. 677. 839. 972. 665. 470. 350. 218. 129.  21.
611. 806. 941. 886. 750. 525. 306. 101.  24.   0.
565. 647. 834. 969. 693. 514. 384. 215. 107.  22.
 536.  666.  725. 1038.  680.  520.  349.  269.  109.   58.
621. 609. 748. 902. 666. 494. 398. 327. 148.  37.
 554.  632.  778. 1122.  696.  500.  331.  208.  101.   28.
550. 633. 886. 907. 628. 537. 402. 232. 130.  45.
659. 690. 739. 756. 636. 578. 472. 288. 118.  14.
 637.  636.  871. 1070.  668.  520.  312.  167.   63.    6.
 555.  673.  826. 1008.  692.  502.  345.  219.  104.   26.
678. 728. 769. 880. 645. 492. 357. 222. 143.  36.
 532.  567.  900. 1059.  685.  477.  355.  215.  111.   49.
573. 643. 741. 862. 597. 525. 467. 287. 174.  81.
557. 588. 750. 988. 643. 468. 448. 255. 153. 100.
634. 808. 819. 873. 664. 543. 355. 189.  51.  14.
665. 741. 727. 814. 637. 547. 437. 270. 108.   4.
592. 676. 977. 814. 650. 570. 351. 221.  88.  11.
602. 634. 922. 845. 664. 499. 397. 252. 115.  20.
