 501.  510.  589.  919. 1165.  705.  402.  143.   16.    0.
465. 614. 854. 659. 579. 505. 369. 301. 284. 320.
881. 850. 657. 544. 499. 499. 428. 353. 182.  57.
899. 794. 663. 624. 555. 424. 378. 306. 235.  72.
863. 830. 790. 652. 558. 421. 373. 224. 144.  95.
 441.  473.  607. 1089.  643.  540.  469.  260.  344.   84.
908. 854. 788. 627. 548. 449. 344. 226. 133.  73.
900. 902. 739. 659. 566. 412. 360. 220. 125.  67.
931. 910. 774. 713. 546. 444. 272. 199. 113.  48.
880. 808. 786. 667. 501. 468. 352. 250. 150.  88.
871. 833. 664. 629. 557. 419. 385. 298. 198.  96.
876. 808. 718. 645. 566. 442. 343. 251. 198. 103.
889. 862. 751. 659. 562. 430. 347. 258. 133.  59.
958. 887. 756. 637. 553. 455. 337. 233. 102.  32.
 432.  445. 1096.  688.  527.  423.  487.  313.  230.  309.
818. 869. 740. 650. 574. 439. 337. 275. 183.  65.
935. 881. 722. 596. 495. 433. 343. 296. 155.  94.
880. 791. 684. 580. 536. 445. 387. 342. 199. 106.
929. 793. 686. 620. 529. 445. 371. 334. 185.  58.
1023.  810.  722.  624.  588.  474.  343.  250.   98.   18.
703. 930. 687. 612. 574. 453. 372. 317. 218.  84.
873. 845. 694. 571. 498. 468. 429. 311. 202.  59.
866. 926. 790. 639. 568. 459. 319. 234. 112.  37.
 437.  555. 1039.  687.  625.  501.  353.  280.  259.  214.
990. 825. 718. 652. 514. 461. 388. 276.  92.  34.
995. 973. 763. 724. 594. 376. 285. 129.  82.  29.
871. 731. 722. 572. 559. 437. 374. 311. 221. 152.
444. 836. 971. 733. 660. 472. 323. 222. 145. 144.
512. 927. 662. 530. 542. 436. 337. 379. 277. 348.
