 386.  430.  445.  494.  513. 1143.  613.  487.  439.    0.
 423.  441.  402.  405.  495. 1147.  646.  520.  457.   14.
398. 407. 432. 453. 548. 928. 552. 535. 671.  26.
424. 434. 440. 479. 509. 740. 463. 525. 914.  22.
 506. 1024.  689.  550.  425.  547.  489.  398.  236.   86.
 443.  437.  510.  476.  563.  720. 1377.  424.    0.    0.
 475.  453.  452.  510.  544.  735. 1370.  411.    0.    0.
 451.  430.  473.  514.  599.  720. 1448.  315.    0.    0.
415. 489. 529. 563. 936. 593. 526. 589. 235.  75.
 409.  437.  485.  536.  615. 1086.  782.  458.  119.   23.
372. 429. 469. 481. 577. 930. 732. 736. 163.  61.
434. 480. 546. 724. 916. 670. 571. 415. 163.  31.
414. 430. 516. 610. 691. 795. 574. 630. 290.   0.
416. 664. 819. 867. 898. 896. 387.   3.   0.   0.
391. 428. 498. 483. 649. 691. 757. 762. 241.  50.
 471. 1052.  723.  638.  536.  486.  379.  273.  240.  152.
 420.  447.  498.  491.  595.  727. 1368.  404.    0.    0.
476. 760. 875. 663. 589. 451. 432. 319. 200. 185.
374. 441. 417. 447. 478. 450. 859. 604. 732. 148.
389. 406. 421. 475. 492. 758. 981. 460. 508.  60.
403. 418. 559. 662. 924. 581. 495. 407. 401. 100.
5.230e+02 7.950e+02 1.128e+03 8.800e+02 6.770e+02 4.780e+02 2.670e+02
 1.700e+02 3.100e+01 1.000e+00
356. 452. 438. 699. 886. 550. 473. 461. 475. 160.
525. 765. 900. 770. 648. 547. 387. 252. 118.  38.
 377.  441.  413.  480.  485.  521.  708. 1268.  239.   18.
441. 490. 549. 713. 865. 689. 574. 392. 191.  46.
461. 546. 720. 725. 778. 630. 526. 341. 170.  53.
435. 410. 479. 546. 812. 725. 570. 375. 500.  98.
308. 635. 850. 913. 845. 737. 532. 130.   0.   0.
283. 691. 787. 924. 934. 803. 433.  95.   0.   0.
 492.  855. 1040. 1075.  644.  466.  282.   62.   34.    0.
357. 703. 878. 946. 891. 804. 303.  68.   0.   0.
 595. 1016.  717.  605.  536.  471.  387.  336.  230.   57.
473. 889. 894. 732. 601. 483. 346. 319. 213.   0.
772. 907. 758. 634. 566. 447. 337. 288. 150.  91.
 479.  772. 1043. 1135.  613.  466.  247.  114.   81.    0.
 411.  700.  771.  892. 1061.  719.  343.   53.    0.    0.
630. 968. 752. 635. 518. 481. 376. 301. 225.  64.
498. 897. 991. 673. 590. 488. 399. 260. 154.   0.
805. 890. 765. 700. 563. 457. 324. 223. 178.  45.
 354.  422.  415.  477.  500.  537.  597. 1268.  317.   63.
458. 536. 615. 720. 797. 673. 639. 341. 147.  24.
460. 587. 650. 694. 758. 583. 513. 388. 256.  61.
397. 431. 468. 506. 977. 727. 459. 404. 521.  60.
428. 788. 775. 872. 817. 690. 479. 101.   0.   0.
544. 662. 757. 775. 869. 912. 385.  46.   0.   0.
452. 460. 490. 551. 687. 863. 883. 466.  98.   0.
 464.  441.  519.  612.  718. 1005.  601.  473.  117.    0.
 425.  799.  805. 1009.  879.  621.  363.   49.    0.    0.
388. 636. 747. 611. 915. 779. 640. 234.   0.   0.
473. 471. 516. 600. 935. 857. 701. 366.  31.   0.
 374.  636.  786.  832. 1117.  625.  417.  163.    0.    0.
 359.  418.  446.  433.  482.  549.  637. 1183.  337.  106.
451. 461. 689. 643. 776. 801. 516. 329. 218.  66.
437. 637. 695. 691. 824. 669. 538. 328. 117.  14.
420. 424. 464. 563. 855. 668. 532. 438. 537.  49.
 459.  407.  500.  537.  588.  704. 1292.  463.    0.    0.
482. 933. 849. 702. 581. 532. 357. 309. 195.  10.
 466.  532. 1212.  756.  554.  535.  437.  270.  170.   18.
 533. 1095.  791.  560.  548.  493.  457.  320.  143.   10.
 455.  445.  501.  538.  546.  751. 1360.  354.    0.    0.
 482. 1004.  855.  648.  495.  545.  420.  268.  217.   16.
 469.  533. 1221.  807.  631.  547.  335.  249.  140.   18.
 492. 1075.  728.  604.  615.  421.  403.  331.  266.   15.
 400.  389.  432.  495.  437.  579.  668. 1171.  354.   25.
469. 523. 542. 697. 994. 595. 492. 414. 214.  10.
456. 508. 573. 847. 943. 593. 504. 297. 159.  70.
 415.  396.  491.  525. 1121.  778.  471.  413.  312.   28.
260. 436. 924. 785. 941. 639. 600. 365.   0.   0.
280. 469. 865. 799. 931. 667. 643. 296.   0.   0.
 372.  420.  627. 1055.  557.  659.  363.  353.  313.  231.
298. 369. 866. 771. 956. 636. 654. 400.   0.   0.
259. 504. 986. 860. 923. 656. 519. 243.   0.   0.
368. 445. 466. 902. 825. 637. 459. 354. 374. 120.
532. 775. 948. 827. 677. 535. 376. 188.  87.   5.
395. 474. 473. 497. 893. 719. 421. 407. 553. 118.
 403.  437.  455.  573. 1028.  640.  435.  445.  440.   94.
397. 461. 478. 975. 787. 578. 500. 327. 322. 125.
443. 766. 822. 745. 610. 471. 403. 253. 229. 208.
 444.  441. 1131.  695.  588.  485.  365.  377.  233.  191.
 397.  479. 1039.  744.  569.  492.  408.  343.  268.  211.
404. 392. 473. 803. 776. 679. 365. 373. 267. 418.
