769. 968. 728. 611. 567. 431. 375. 282. 170.  49.
 412.  621.  876. 1111.  775.  537.  457.  156.    5.    0.
453. 592. 784. 969. 805. 522. 589. 234.   2.   0.
382. 476. 473. 565. 586. 722. 731. 754. 246.  15.
 422.  587.  804. 1042.  714.  488.  415.  291.  158.   29.
394. 489. 554. 583. 566. 979. 947. 376.  62.   0.
354. 497. 659. 785. 634. 947. 570. 266. 230.   8.
 415.  457.  441. 1106.  692.  588.  459.  315.  276.  201.
561. 941. 896. 767. 490. 519. 359. 200. 140.  77.
510. 907. 840. 961. 747. 492. 325. 152.  16.   0.
362. 421. 420. 456. 483. 508. 911. 836. 465.  88.
 362.  410.  448.  457.  569. 1051.  551.  405.  563.  134.
400. 411. 385. 487. 799. 827. 517. 359. 641. 124.
 382.  416.  436.  463.  527.  494.  758. 1075.  341.   58.
 405.  403.  481.  579. 1191.  681.  426.  384.  310.   90.
967. 806. 735. 714. 599. 406. 302. 243. 137.  41.
949. 840. 760. 673. 592. 378. 312. 246. 147.  53.
915. 824. 679. 582. 563. 423. 403. 332. 166.  63.
971. 896. 806. 687. 553. 421. 296. 198. 106.  16.
984. 864. 771. 648. 534. 449. 330. 251. 109.  10.
951. 746. 747. 638. 491. 475. 363. 232. 224.  83.
890. 850. 711. 635. 527. 482. 355. 269. 157.  74.
944. 827. 825. 718. 498. 470. 319. 178. 126.  45.
928. 858. 758. 681. 574. 425. 325. 223. 128.  50.
1003.  920.  782.  665.  508.  413.  289.  233.  120.   17.
911. 853. 744. 681. 582. 423. 323. 237. 153.  43.
349. 396. 443. 459. 500. 540. 972. 865. 338.  88.
363. 393. 452. 446. 449. 579. 913. 866. 405.  84.
906. 855. 781. 696. 574. 438. 301. 232. 132.  35.
872. 887. 770. 699. 549. 448. 304. 231. 141.  49.
 454.  515.  653. 1102.  725.  545.  379.  312.  212.   53.
 604.  965. 1032.  887.  562.  428.  267.  116.   79.   10.
567. 933. 808. 709. 666. 563. 354. 218. 108.  24.
780. 803. 705. 557. 557. 428. 406. 327. 279. 108.
 460. 1026.  850.  672.  523.  468.  412.  289.  188.   62.
708. 978. 776. 680. 564. 462. 355. 215. 135.  77.
532. 903. 753. 701. 627. 455. 343. 225. 308. 103.
870. 870. 744. 643. 517. 474. 381. 275. 134.  42.
737. 835. 927. 907. 560. 473. 284. 147.  68.  12.
 462.  434.  507.  528.  566.  865. 1164.  424.    0.    0.
442. 448. 516. 510. 679. 964. 829. 463.  99.   0.
 459.  463.  478.  585.  739. 1170.  638.  299.  119.    0.
 455.  473.  455.  513.  584.  767. 1034.  669.    0.    0.
709. 732. 676. 733. 615. 594. 650. 232.   9.   0.
753. 737. 766. 778. 640. 531. 371. 352.  22.   0.
771. 721. 781. 707. 817. 562. 515.  76.   0.   0.
711. 710. 849. 748. 726. 591. 454. 156.   5.   0.
716. 775. 719. 678. 775. 739. 445. 103.   0.   0.
670. 626. 594. 647. 676. 560. 531. 482. 164.   0.
662. 675. 556. 588. 592. 667. 660. 396. 143.  11.
710. 694. 723. 644. 672. 509. 372. 292. 290.  44.
839. 689. 874. 776. 559. 425. 252. 370. 166.   0.
924. 929. 850. 572. 467. 433. 311. 315. 148.   1.
824. 828. 744. 571. 555. 453. 353. 281. 292.  49.
741. 665. 642. 669. 595. 485. 328. 359. 364. 102.
702. 697. 652. 623. 643. 726. 551. 265.  91.   0.
838. 806. 712. 671. 599. 550. 474. 221.  79.   0.
757. 727. 747. 749. 643. 552. 433. 268.  73.   1.
700. 733. 782. 808. 721. 513. 377. 305.  11.   0.
 442.  457.  506.  516.  598.  688. 1171.  572.    0.    0.
 443.  456.  500.  516.  595.  754. 1081.  605.    0.    0.
439. 455. 478. 512. 633. 913. 861. 659.   0.   0.
 446.  477.  489.  502.  566.  731. 1361.  378.    0.    0.
793. 711. 793. 720. 759. 643. 344. 175.  12.   0.
717. 690. 683. 640. 652. 618. 519. 384.  47.   0.
769. 722. 699. 702. 761. 590. 481. 215.  11.   0.
761. 714. 649. 754. 746. 543. 458. 303.  22.   0.
800. 860. 828. 781. 652. 511. 392. 120.   6.   0.
710. 629. 604. 646. 729. 635. 404. 459. 134.   0.
723. 696. 626. 621. 757. 698. 401. 326. 102.   0.
706. 716. 738. 707. 506. 499. 384. 328. 316.  50.
905. 847. 689. 586. 553. 595. 321. 224. 230.   0.
782. 703. 744. 681. 606. 407. 442. 284. 301.   0.
882. 760. 645. 623. 584. 402. 368. 352. 299.  35.
742. 758. 781. 620. 507. 483. 381. 351. 270.  57.
686. 702. 715. 733. 612. 626. 572. 225.  77.   2.
813. 791. 771. 734. 638. 545. 419. 201.  38.   0.
712. 752. 684. 671. 666. 652. 489. 247.  77.   0.
766. 769. 686. 708. 704. 631. 433. 229.  24.   0.
 452.  437.  490.  519.  585.  765. 1387.  315.    0.    0.
 452.  447.  493.  500.  617.  833. 1191.  417.    0.    0.
 423.  467.  492.  519.  618. 1022.  945.  464.    0.    0.
 413.  468.  494.  512.  576.  706. 1450.  331.    0.    0.
735. 733. 718. 665. 683. 677. 522. 198.  19.   0.
741. 721. 653. 726. 716. 538. 540. 297.  18.   0.
794. 670. 724. 688. 804. 602. 411. 242.  15.   0.
762. 801. 822. 762. 675. 616. 355. 142.  15.   0.
730. 653. 663. 711. 740. 592. 428. 389.  44.   0.
791. 752. 790. 692. 613. 606. 360. 319.  27.   0.
696. 569. 599. 608. 563. 585. 614. 515. 194.   7.
758. 714. 634. 536. 406. 433. 436. 481. 474.  78.
907. 890. 740. 612. 551. 409. 347. 377. 117.   0.
889. 792. 859. 655. 454. 461. 281. 363. 196.   0.
817. 785. 653. 626. 588. 390. 416. 336. 243.  96.
761. 784. 802. 747. 666. 424. 249. 329. 172.  16.
700. 733. 618. 581. 682. 572. 671. 266. 121.   6.
804. 782. 771. 710. 702. 541. 388. 204.  48.   0.
742. 708. 686. 644. 681. 737. 442. 249.  61.   0.
738. 582. 676. 674. 661. 770. 458. 318.  73.   0.
 434.  473.  487.  526.  607.  838. 1063.  522.    0.    0.
 461.  453.  476.  519.  651. 1054.  643.  627.   66.    0.
432. 500. 502. 543. 708. 956. 661. 466. 182.   0.
 422.  453.  477.  513.  623.  772. 1275.  415.    0.    0.
715. 774. 775. 695. 734. 655. 376. 222.   4.   0.
742. 784. 745. 852. 710. 511. 302. 299.   5.   0.
732. 699. 687. 729. 701. 739. 566.  97.   0.   0.
778. 799. 854. 708. 603. 504. 509. 192.   3.   0.
711. 702. 715. 745. 745. 763. 419. 150.   0.   0.
740. 672. 692. 739. 647. 628. 529. 262.  41.   0.
672. 690. 646. 602. 625. 672. 578. 341. 114.  10.
734. 702. 699. 726. 683. 541. 413. 226. 184.  42.
859. 805. 850. 507. 458. 508. 397. 449. 117.   0.
795. 814. 735. 630. 561. 529. 413. 260. 197.  16.
798. 820. 742. 482. 537. 420. 449. 400. 156. 146.
733. 733. 724. 730. 550. 519. 334. 244. 291.  92.
735. 726. 803. 566. 698. 722. 447. 210.  43.   0.
849. 823. 792. 679. 652. 534. 378. 168.  72.   3.
738. 730. 699. 690. 671. 595. 441. 296.  87.   3.
754. 715. 642. 760. 723. 664. 422. 250.  20.   0.
