482. 450. 434. 946. 908. 545. 530. 445. 190.  20.
 463.  498.  489.  954. 1019.  597.  409.  271.  224.   26.
 511.  442.  499.  453. 1007.  937.  621.  351.  114.   15.
 448.  481.  510.  438. 1145. 1002.  534.  270.   95.   27.
 366.  393.  436.  492.  540.  550.  902. 1007.  246.   18.
 413.  459.  507.  605.  669.  792. 1134.  367.    4.    0.
 449.  484.  542.  570. 1060.  667.  503.  463.  212.    0.
 497.  504.  480.  481.  557.  587. 1163.  592.   89.    0.
 440.  460.  440.  509.  584.  728. 1168.  621.    0.    0.
 439.  438.  508.  508.  604.  721. 1304.  428.    0.    0.
762. 667. 616. 603. 562. 552. 545. 415. 220.   8.
920. 828. 724. 645. 547. 458. 352. 262. 159.  55.
885. 758. 701. 682. 590. 518. 337. 219. 218.  42.
 416.  481.  549. 1014.  674.  550.  463.  321.  285.  197.
 444.  441.  508. 1346.  721.  556.  426.  316.  114.   78.
929. 859. 724. 641. 585. 436. 363. 241. 131.  41.
933. 807. 701. 594. 539. 468. 387. 299. 175.  47.
 437.  584. 1020.  844.  665.  497.  345.  307.  183.   68.
 476.  434. 1001.  871.  706.  488.  339.  348.  189.   98.
 475.  560. 1081.  784.  532.  514.  456.  313.  189.   46.
472. 484. 959. 805. 662. 481. 388. 365. 243.  91.
 420.  461.  830. 1000.  708.  462.  352.  298.  359.   60.
 462.  455.  469.  534.  581.  790. 1315.  344.    0.    0.
 424.  449.  476.  523.  613.  757. 1275.  433.    0.    0.
 441.  448.  469.  504.  572.  740. 1263.  513.    0.    0.
 466.  393.  485.  533.  589.  728. 1359.  397.    0.    0.
 454.  477.  447.  544.  591.  709. 1099.  629.    0.    0.
 440.  518.  488.  467.  535.  669. 1081.  752.    0.    0.
 396.  459.  570. 1053.  571.  496.  456.  368.  339.  242.
330. 380. 882. 876. 744. 787. 377. 567.   7.   0.
356. 403. 455. 494. 448. 901. 644. 485. 638. 126.
 476.  716.  777. 1289.  962.  523.  196.   11.    0.    0.
 445.  718.  786. 1218.  985.  552.  226.   20.    0.    0.
 333.  409.  422.  484.  458. 1057.  697.  433.  537.  120.
 367.  412.  396.  431.  431. 1058.  613.  522.  557.  163.
377. 390. 424. 435. 502. 787. 579. 440. 791. 225.
904. 877. 732. 710. 553. 468. 276. 210. 142.  78.
752. 723. 653. 604. 525. 505. 481. 356. 261.  90.
908. 874. 744. 675. 532. 453. 347. 228. 140.  49.
