 427.  449.  469.  527.  590.  699. 1332.  457.    0.    0.
502. 791. 634. 614. 612. 573. 521. 575. 128.   0.
431. 471. 494. 557. 667. 970. 618. 553. 189.   0.
 436.  462.  495.  519.  589.  723. 1431.  295.    0.    0.
558. 675. 841. 701. 551. 502. 308. 312. 369. 133.
 486.  547.  550.  633.  819. 1344.  512.   59.    0.    0.
 462.  455.  462.  496.  607.  691. 1319.  458.    0.    0.
408. 488. 808. 942. 717. 589. 541. 357. 100.   0.
683. 757. 712. 592. 548. 567. 537. 468.  86.   0.
451. 446. 523. 603. 657. 981. 692. 422. 175.   0.
501. 732. 922. 647. 601. 458. 417. 286. 246. 140.
 500.  431.  408.  578.  690. 1092.  807.  441.    3.    0.
472. 432. 478. 546. 648. 901. 853. 610.  10.   0.
422. 590. 808. 965. 761. 494. 488. 322. 100.   0.
416. 497. 585. 861. 894. 603. 410. 536. 144.   4.
456. 535. 549. 805. 770. 575. 553. 551. 152.   4.
442. 495. 516. 604. 779. 970. 731. 371.  42.   0.
 412.  441.  466.  517.  585.  773. 1025.  697.   34.    0.
 439.  458.  471.  562.  553.  791. 1029.  615.   32.    0.
428. 466. 471. 518. 650. 875. 859. 683.   0.   0.
 413.  449.  484.  569.  558.  848. 1093.  528.    8.    0.
 438.  467.  473.  553.  641. 1032.  811.  486.   49.    0.
426. 444. 489. 540. 642. 918. 898. 574.  19.   0.
430. 466. 479. 577. 631. 963. 895. 485.  24.   0.
 471.  429.  506.  505.  629. 1015.  790.  578.   27.    0.
 434.  470.  478.  502.  581.  847. 1110.  528.    0.    0.
423. 460. 496. 513. 546. 697. 872. 885.  58.   0.
495. 461. 470. 504. 655. 963. 876. 505.  21.   0.
 448.  476.  456.  561.  627. 1030.  881.  454.   17.    0.
458. 461. 516. 542. 601. 946. 775. 608.  43.   0.
 444.  438.  467.  564.  607. 1107.  755.  562.    6.    0.
463. 541. 552. 480. 710. 930. 690. 479. 105.   0.
460. 460. 446. 530. 585. 898. 960. 592.  19.   0.
423. 464. 455. 507. 604. 731. 786. 841. 139.   0.
 430.  436.  492.  488.  604.  711. 1049.  626.  114.    0.
434. 441. 430. 475. 656. 765. 946. 720.  83.   0.
441. 454. 464. 512. 573. 691. 885. 855.  75.   0.
423. 455. 466. 531. 625. 905. 878. 632.  35.   0.
 442.  422.  483.  492.  580.  801. 1210.  466.   54.    0.
424. 456. 415. 491. 593. 896. 822. 814.  39.   0.
 439.  444.  446.  493.  553.  804. 1065.  651.   55.    0.
432. 429. 430. 500. 627. 858. 945. 668.  61.   0.
402. 442. 460. 519. 566. 802. 973. 724.  62.   0.
 441.  449.  449.  576.  631.  861. 1074.  469.    0.    0.
 434.  444.  475.  544.  633. 1030.  835.  551.    4.    0.
486. 434. 471. 544. 628. 913. 998. 459.  17.   0.
 453.  455.  464.  494.  602.  867. 1086.  511.   18.    0.
477. 478. 501. 512. 582. 893. 891. 601.  15.   0.
445. 457. 502. 520. 660. 738. 953. 661.  14.   0.
455. 560. 497. 618. 748. 963. 530. 499.  80.   0.
433. 440. 455. 562. 577. 979. 899. 602.   3.   0.
 424.  491.  489.  489.  577.  862. 1028.  576.   14.    0.
 468.  457.  473.  508.  615. 1000.  892.  527.   10.    0.
450. 462. 471. 561. 617. 974. 936. 460.  19.   0.
420. 462. 485. 512. 675. 895. 933. 560.   8.   0.
 483.  474.  478.  521.  624. 1022.  781.  544.   23.    0.
 429.  442.  480.  519.  584.  721. 1321.  454.    0.    0.
 441.  448.  479.  497.  588.  692. 1359.  446.    0.    0.
 441.  446.  496.  521.  569.  742. 1293.  442.    0.    0.
 462.  448.  456.  493.  553.  743. 1338.  457.    0.    0.
835. 737. 721. 678. 581. 493. 384. 250. 211.  60.
940. 918. 799. 666. 566. 424. 312. 191. 102.  32.
850. 829. 728. 634. 544. 479. 338. 297. 179.  72.
873. 759. 663. 708. 628. 481. 300. 252. 191.  95.
 435.  446.  447.  529.  594.  724. 1302.  473.    0.    0.
852. 824. 718. 672. 622. 498. 322. 223. 166.  53.
924. 726. 643. 708. 661. 460. 270. 266. 226.  66.
896. 755. 699. 603. 498. 496. 440. 324. 165.  74.
894. 784. 762. 621. 558. 471. 386. 253. 183.  38.
