 414.  445.  483. 1092.  779.  580.  382.  348.  223.  204.
421. 495. 593. 981. 601. 500. 418. 391. 530.  20.
331. 399. 644. 765. 608. 677. 839. 512. 161.  14.
 462.  626.  804. 1178.  878.  746.  193.   56.    7.    0.
 437.  442.  461.  521.  599.  729. 1400.  361.    0.    0.
 431.  480.  471.  498.  592.  725. 1369.  384.    0.    0.
 442.  443.  494.  552.  637. 1110.  620.  528.  124.    0.
434. 464. 486. 555. 591. 948. 730. 714.  28.   0.
 496.  524.  618. 1182.  742.  578.  396.  225.  172.   17.
471. 478. 655. 995. 929. 656. 356. 269. 109.  32.
485. 502. 517. 925. 691. 559. 465. 320. 288. 198.
884. 815. 716. 673. 573. 433. 329. 293. 153.  81.
934. 829. 753. 660. 511. 452. 361. 266. 130.  54.
953. 906. 786. 648. 576. 437. 324. 206.  80.  34.
 439.  458.  464.  520.  576.  722. 1340.  431.    0.    0.
525. 912. 859. 735. 653. 473. 331. 237. 159.  66.
493. 918. 802. 721. 619. 452. 373. 337. 185.  50.
 519. 1128.  836.  682.  611.  491.  355.  219.   87.   22.
506. 951. 922. 662. 580. 478. 405. 263. 168.  15.
485. 864. 842. 605. 489. 492. 474. 340. 263.  96.
 541. 1019.  786.  519.  567.  459.  510.  331.  188.   30.
 463.  461.  487.  577.  625. 1047.  677.  563.   50.    0.
 487.  496.  508.  477.  556. 1054. 1067.  305.    0.    0.
 487. 1085.  875.  697.  639.  444.  323.  228.  147.   25.
 468. 1086.  850.  598.  562.  534.  426.  263.  136.   27.
 488. 1135.  870.  698.  620.  432.  351.  225.  102.   29.
 506. 1020.  851.  675.  553.  515.  386.  254.  139.   51.
 498. 1030.  822.  661.  549.  432.  378.  283.  210.   87.
 483. 1056.  812.  641.  548.  512.  429.  276.  158.   35.
512. 896. 811. 697. 542. 484. 386. 322. 223.  77.
560. 951. 745. 581. 494. 518. 410. 352. 234. 105.
 502. 1015.  807.  750.  587.  431.  382.  276.  180.   20.
503. 877. 874. 745. 631. 482. 316. 270. 191.  61.
698. 914. 708. 685. 542. 475. 389. 299. 196.  44.
697. 979. 739. 595. 512. 506. 412. 326. 155.  29.
 465.  428.  512.  516.  691. 1212.  784.  282.   60.    0.
435. 453. 499. 527. 652. 901. 995. 488.   0.   0.
536. 664. 905. 742. 584. 557. 443. 367. 151.   1.
985. 867. 765. 683. 526. 475. 341. 185.  80.  43.
920. 821. 755. 666. 583. 450. 329. 222. 144.  60.
949. 798. 687. 582. 506. 479. 394. 341. 175.  39.
998. 891. 810. 664. 573. 430. 331. 166.  67.  20.
905. 814. 718. 597. 563. 436. 383. 308. 158.  68.
967. 745. 687. 570. 505. 499. 346. 380. 216.  35.
889. 766. 681. 631. 505. 491. 337. 304. 234. 112.
970. 946. 827. 690. 544. 414. 277. 176.  78.  28.
