 508.  631. 1067.  749.  668.  470.  362.  226.  182.   87.
936. 839. 805. 625. 543. 464. 332. 248. 141.  17.
 295.  695.  929. 1045.  790.  634.  285.  201.   76.    0.
481. 841. 789. 608. 728. 534. 519. 273. 154.  23.
 316.  767.  955. 1098.  853.  567.  247.  135.   12.    0.
 303.  733.  961. 1004.  835.  654.  317.  131.   12.    0.
 345.  386.  443.  440.  491.  525.  501. 1355.  386.   78.
307. 521. 656. 742. 781. 660. 547. 437. 299.   0.
276. 661. 786. 770. 775. 700. 526. 342.  94.  20.
381. 712. 784. 633. 481. 421. 436. 514. 497.  91.
334. 568. 846. 758. 588. 743. 444. 455. 205.   9.
259. 636. 817. 797. 822. 805. 519. 210.  62.  23.
417. 633. 934. 804. 584. 628. 521. 138. 215.  76.
315. 571. 746. 721. 784. 684. 557. 431. 124.  17.
283. 595. 875. 911. 839. 622. 424. 289. 104.   8.
