864. 914. 785. 657. 536. 454. 348. 231. 117.  44.
 387.  431.  434.  456.  536.  535. 1007.  994.  170.    0.
 306.  407.  755.  796. 1000.  641.  419.  462.  133.   31.
445. 490. 687. 948. 790. 539. 437. 309. 267.  38.
530. 771. 722. 656. 646. 618. 511. 390. 106.   0.
347. 420. 424. 469. 478. 482. 758. 998. 452. 122.
850. 839. 707. 603. 511. 467. 397. 290. 192.  94.
897. 796. 759. 604. 570. 454. 337. 294. 171.  68.
820. 914. 735. 560. 554. 501. 354. 276. 184.  52.
879. 756. 702. 661. 535. 443. 373. 300. 183. 118.
845. 763. 805. 626. 564. 424. 404. 232. 173. 114.
882. 842. 765. 628. 507. 494. 383. 229. 165.  55.
 485. 1048.  633.  570.  395.  425.  513.  378.  290.  213.
 488. 1061.  715.  775.  638.  415.  287.  286.  186.   99.
 449. 1021.  764.  670.  568.  440.  373.  288.  204.  173.
 449. 1071.  774.  607.  544.  460.  375.  321.  228.  121.
 457. 1148.  851.  684.  611.  438.  342.  224.  144.   51.
 485. 1035.  790.  658.  589.  429.  347.  308.  162.  147.
 490. 1056.  705.  635.  550.  442.  388.  283.  236.  165.
437. 980. 858. 666. 611. 485. 307. 259. 198. 149.
455. 992. 813. 663. 500. 495. 446. 291. 176. 119.
461. 912. 722. 682. 503. 467. 419. 276. 276. 232.
486. 933. 719. 568. 456. 455. 453. 373. 261. 246.
472. 910. 825. 661. 555. 479. 356. 284. 252. 156.
463. 989. 768. 581. 537. 487. 386. 378. 245. 116.
463. 970. 809. 609. 550. 478. 399. 339. 204. 129.
 445. 1073.  795.  638.  582.  453.  383.  300.  192.   89.
 467. 1015.  731.  591.  549.  452.  372.  358.  263.  152.
 464. 1016.  691.  567.  535.  450.  404.  306.  326.  191.
 433. 1073.  807.  656.  536.  475.  390.  272.  186.  122.
 448. 1122.  777.  709.  574.  430.  355.  262.  179.   94.
 472. 1086.  646.  602.  512.  434.  411.  355.  280.  152.
 463. 1055.  706.  639.  484.  482.  399.  272.  290.  160.
450. 991. 719. 653. 597. 458. 342. 324. 258. 158.
500. 939. 793. 504. 462. 460. 387. 394. 283. 228.
478. 890. 790. 655. 572. 461. 347. 342. 188. 227.
479. 918. 811. 663. 626. 482. 328. 263. 177. 203.
477. 900. 703. 670. 586. 442. 334. 332. 259. 247.
500. 877. 731. 604. 504. 386. 455. 333. 311. 249.
442. 936. 706. 600. 611. 465. 339. 331. 278. 242.
889. 858. 735. 606. 534. 449. 378. 272. 178.  51.
892. 838. 707. 646. 527. 460. 351. 298. 174.  57.
995. 844. 675. 532. 506. 518. 411. 313. 140.  16.
517. 624. 764. 907. 681. 558. 471. 313.  98.  17.
566. 719. 878. 644. 527. 499. 422. 390. 250.  55.
 480.  481.  497. 1090.  930.  615.  402.  229.  185.   41.
 387.  893. 1123.  978.  664.  465.  277.  114.   43.    6.
 483. 1117. 1106.  904.  656.  404.  199.   71.   10.    0.
2463.   36.    0.    0.    0.    0.    0.    0. 1154. 1297.
