 385.  421.  471.  505. 1038.  586.  465.  361.  305.  413.
866. 851. 753. 719. 553. 469. 356. 215. 143.  25.
626. 580. 573. 504. 487. 827. 965. 388.   0.   0.
668. 676. 619. 587. 584. 713. 799. 300.   4.   0.
319. 632. 962. 862. 818. 636. 442. 203.  76.   0.
893. 830. 762. 649. 579. 454. 364. 253. 136.  30.
915. 814. 739. 633. 564. 451. 393. 284. 129.  28.
 376.  751. 1022.  711.  764.  515.  451.  232.  128.    0.
 581. 1014.  772.  647.  553.  425.  335.  322.  231.   70.
 422.  467.  464.  538.  564.  720. 1299.  476.    0.    0.
338. 410. 447. 450. 497. 927. 658. 482. 609. 132.
947. 868. 716. 576. 466. 519. 389. 279. 144.  46.
 423.  474.  465.  525.  585.  710. 1408.  360.    0.    0.
924. 791. 808. 556. 593. 419. 384. 246. 149.  80.
 425.  471.  477.  498.  613.  720. 1377.  369.    0.    0.
1036.  935.  794.  664.  565.  465.  285.  139.   51.   16.
954. 864. 751. 693. 555. 427. 300. 216. 150.  40.
484. 602. 881. 793. 649. 485. 402. 310. 251.  93.
1031.  783.  589.  446.  436.  429.  479.  446.  264.   47.
905. 800. 782. 631. 522. 460. 387. 222. 166.  75.
 458.  467.  535.  554.  778. 1269.  475.  333.   81.    0.
918. 842. 650. 511. 508. 481. 444. 339. 195.  62.
936. 780. 734. 634. 618. 396. 322. 283. 180.  67.
851. 881. 783. 691. 581. 418. 322. 217. 149.  57.
