 439.  500.  541.  558.  626.  828. 1238.  220.    0.    0.
 434.  474.  490.  490.  557.  774. 1299.  432.    0.    0.
 499.  497.  653.  647. 1167.  681.  454.  237.  115.    0.
 461.  449.  470.  536.  620.  751. 1232.  431.    0.    0.
754. 723. 641. 605. 550. 490. 399. 328. 305. 155.
 482.  532.  648.  613. 1040.  737.  482.  306.  106.    4.
 441.  467.  492.  536.  585.  704. 1222.  503.    0.    0.
450. 536. 826. 718. 587. 561. 477. 377. 340.  78.
 406.  453.  494. 1077.  832.  462.  480.  350.  386.   10.
 380.  844. 1083.  958. 1005.  480.  190.   10.    0.    0.
 424.  825. 1315. 1015.  904.  345.  122.    0.    0.    0.
 438.  513. 1030.  793.  579.  505.  395.  301.  297.   99.
 457.  486. 1086.  845.  686.  521.  319.  263.  199.   88.
549. 894. 902. 611. 570. 484. 409. 277. 227.  27.
897. 839. 705. 735. 608. 400. 304. 232. 157.  73.
 468.  483.  525.  508.  560.  701. 1207.  498.    0.    0.
 414.  469.  472.  496.  592.  746. 1336.  425.    0.    0.
518. 843. 849. 602. 528. 453. 427. 336. 303.  91.
 440.  464.  495.  602. 1064.  893.  480.  311.  201.    0.
485. 566. 830. 826. 617. 538. 363. 324. 281. 120.
 485.  530. 1051.  761.  609.  585.  452.  285.  146.   46.
 864. 1023.  840.  732.  577.  371.  258.  184.   84.   17.
6.540e+02 9.780e+02 1.212e+03 7.890e+02 5.990e+02 3.780e+02 1.940e+02
 1.060e+02 3.900e+01 1.000e+00
 816. 1062.  867.  653.  580.  415.  318.  151.   68.   20.
 643.  949. 1118.  741.  573.  454.  245.  132.   82.   13.
