931. 857. 672. 528. 503. 486. 410. 319. 174.  70.
 557.  629.  788.  846. 1045.  561.  299.  201.   24.    0.
916. 753. 627. 606. 573. 416. 370. 338. 265.  86.
873. 862. 683. 559. 518. 477. 449. 304. 198.  27.
827. 828. 801. 692. 565. 444. 355. 179. 171.  88.
883. 856. 774. 601. 595. 431. 398. 240. 141.  31.
851. 860. 721. 579. 532. 448. 420. 285. 200.  54.
934. 900. 784. 685. 520. 463. 296. 228. 116.  24.
 472.  498.  576.  677. 1176.  616.  442.  291.  173.   29.
 502.  426.  479.  654. 1187.  772.  543.  244.  143.    0.
479. 496. 561. 842. 881. 659. 549. 325. 158.   0.
 428.  479.  524.  660. 1085.  745.  521.  317.  191.    0.
466. 491. 595. 870. 720. 664. 578. 337. 227.   2.
 489.  428.  500.  629. 1237.  695.  413.  345.  214.    0.
450. 525. 603. 791. 856. 651. 533. 367. 158.  16.
 469.  511.  477.  637. 1200.  793.  499.  270.   94.    0.
 457.  515.  621.  677. 1018.  641.  501.  348.  170.    2.
 451.  427.  540.  705. 1044.  732.  605.  241.  205.    0.
 469.  503.  616.  765. 1240.  605.  389.  244.  119.    0.
460. 444. 534. 686. 929. 669. 590. 371. 267.   0.
 433.  520.  553.  710. 1195.  664.  398.  293.  178.    6.
 443.  471.  510.  641. 1154.  744.  496.  318.  173.    0.
4.840e+02 5.190e+02 5.680e+02 7.030e+02 1.041e+03 6.820e+02 4.940e+02
 3.210e+02 1.370e+02 1.000e+00
 445.  500.  528.  643. 1130.  772.  506.  261.  165.    0.
954. 833. 785. 655. 475. 468. 378. 197. 164.  41.
601. 564. 695. 840. 928. 588. 336. 271. 127.   0.
928. 877. 710. 631. 523. 451. 387. 258. 140.  45.
860. 903. 776. 610. 565. 443. 392. 238. 129.  34.
861. 852. 718. 584. 524. 469. 422. 288. 175.  57.
937. 870. 717. 605. 535. 479. 426. 235. 117.  29.
838. 852. 723. 601. 580. 421. 384. 297. 199.  55.
943. 866. 794. 626. 576. 444. 339. 234. 101.  27.
 465.  497.  538.  810. 1125.  705.  416.  275.  112.    7.
 434.  464.  545.  657. 1021.  690.  479.  459.  201.    0.
445. 493. 621. 772. 986. 684. 473. 317. 151.   8.
431. 482. 534. 680. 993. 676. 573. 393. 188.   0.
500. 514. 574. 757. 689. 571. 629. 358. 347.  11.
 501.  484.  509.  603. 1038.  716.  430.  373.  296.    0.
 443.  496.  602.  725. 1098.  668.  446.  350.  122.    0.
 502.  458.  474.  639. 1029.  693.  587.  393.  175.    0.
460. 505. 613. 678. 977. 679. 513. 348. 177.   0.
440. 444. 541. 713. 902. 695. 591. 398. 226.   0.
 456.  499.  572.  763. 1034.  633.  482.  333.  159.   19.
484. 468. 553. 686. 880. 681. 548. 412. 238.   0.
 462.  484.  520.  793. 1139.  623.  444.  309.  165.   11.
 492.  485.  429.  593. 1121.  758.  433.  222.  417.    0.
518. 513. 651. 662. 946. 633. 513. 345. 169.   0.
481. 427. 614. 598. 957. 652. 537. 489. 195.   0.
960. 791. 633. 621. 554. 473. 392. 295. 176.  55.
 577.  656.  620.  729. 1006.  540.  406.  324.   92.    0.
1067.  981.  858.  745.  519.  386.  243.  117.   28.    6.
838. 890. 769. 714. 558. 444. 300. 241. 147.  49.
872. 844. 693. 530. 505. 491. 412. 353. 167.  83.
812. 876. 736. 637. 597. 435. 354. 249. 180.  74.
960. 928. 842. 725. 494. 432. 305. 160.  83.  21.
960. 897. 821. 683. 530. 433. 284. 182. 125.  35.
 455.  485.  616.  677. 1083.  666.  446.  331.  184.    7.
 453.  475.  478.  659. 1062.  703.  510.  404.  206.    0.
 460.  541.  618.  792. 1044.  686.  449.  273.   87.    0.
 481.  444.  483.  634. 1174.  777.  459.  298.  200.    0.
456. 511. 628. 686. 864. 604. 514. 437. 244.   6.
456. 492. 571. 658. 936. 703. 517. 426. 191.   0.
4.540e+02 4.850e+02 6.370e+02 6.880e+02 1.106e+03 6.150e+02 4.900e+02
 3.790e+02 9.500e+01 1.000e+00
 439.  477.  495.  671. 1090.  692.  551.  306.  229.    0.
 491.  525.  561.  768. 1082.  645.  416.  281.  161.   20.
469. 463. 528. 643. 977. 696. 452. 385. 337.   0.
 441.  500.  608.  759. 1111.  695.  469.  262.  103.    2.
 480.  487.  495.  601. 1238.  725.  519.  277.  128.    0.
 484.  523.  531.  783. 1190.  702.  451.  235.   51.    0.
477. 475. 495. 725. 996. 708. 584. 328. 162.   0.
457. 501. 561. 742. 926. 668. 527. 347. 212.   9.
 447.  464.  517.  621. 1077.  686.  514.  393.  231.    0.
931. 860. 720. 612. 556. 465. 377. 256. 136.  37.
 510.  659.  756.  889. 1085.  546.  318.  152.   35.    0.
935. 870. 795. 701. 562. 430. 284. 227. 121.  25.
841. 907. 712. 664. 577. 445. 349. 284. 126.  45.
900. 878. 784. 710. 645. 373. 266. 209. 150.  35.
890. 930. 803. 726. 553. 415. 283. 204. 121.  25.
857. 880. 821. 653. 544. 439. 367. 192. 153.  44.
947. 829. 732. 663. 565. 418. 349. 267. 150.  30.
 451.  498.  616.  727. 1005.  650.  503.  377.  121.    2.
 461.  452.  517.  632. 1207.  722.  455.  368.  136.    0.
 426.  513.  624.  741. 1050.  668.  459.  313.  153.    3.
 495.  504.  549.  589. 1061.  702.  464.  308.  278.    0.
 458.  465.  589.  802. 1006.  687.  480.  305.  149.    9.
 432.  496.  521.  579. 1015.  691.  415.  431.  370.    0.
 435.  513.  598.  689. 1010.  627.  479.  389.  210.    0.
 436.  484.  518.  582. 1192.  746.  430.  363.  199.    0.
 463.  511.  577.  773. 1121.  659.  446.  290.  110.    0.
 431.  486.  515.  659. 1191.  748.  478.  283.  159.    0.
463. 491. 606. 740. 919. 640. 556. 352. 180.   3.
 474.  469.  488.  718. 1165.  746.  507.  267.  116.    0.
 456.  465.  596.  743. 1047.  658.  411.  392.  182.    0.
447. 492. 548. 598. 899. 633. 487. 518. 328.   0.
 441.  502.  578.  790. 1062.  613.  509.  302.  151.    2.
 442.  473.  509.  648. 1089.  750.  514.  367.  158.    0.
