 442.  449.  499.  559.  726. 1090.  490.  483.  212.    0.
 443.  439.  514.  582.  751. 1087.  639.  372.  123.    0.
471. 487. 521. 570. 746. 928. 606. 488. 133.   0.
861. 832. 771. 676. 596. 460. 318. 237. 158.  41.
422. 473. 491. 576. 684. 880. 685. 551. 188.   0.
745. 719. 679. 621. 602. 497. 424. 283. 277. 103.
789. 731. 708. 626. 567. 479. 376. 340. 222. 112.
748. 769. 667. 609. 580. 500. 393. 340. 266.  78.
762. 740. 829. 579. 577. 466. 408. 331. 197.  61.
 415.  816.  987. 1006.  924.  576.  223.    3.    0.    0.
 374.  799. 1035. 1000.  900.  596.  220.   26.    0.    0.
 528.  619. 1013.  808.  606.  489.  440.  285.  150.   12.
 376.  410.  420.  423.  491. 1185.  653.  470.  415.  107.
334. 400. 448. 480. 470. 886. 591. 473. 718. 150.
 375.  439.  443.  445.  477.  503. 1016.  702.  444.  106.
 447.  436.  467.  569.  573.  777. 1122.  559.    0.    0.
 437.  485.  458.  525.  597.  815. 1271.  362.    0.    0.
 443.  461.  483.  496.  621.  803. 1226.  417.    0.    0.
812. 709. 666. 593. 569. 513. 393. 389. 233.  73.
857. 752. 696. 662. 587. 455. 385. 342. 174.  40.
630. 850. 715. 618. 505. 482. 436. 399. 266.  49.
651. 765. 683. 630. 521. 526. 452. 388. 303.  31.
715. 746. 711. 615. 573. 541. 399. 382. 245.  23.
