283. 529. 548. 537. 777. 773. 781. 503. 186.  33.
 366.  402.  394.  451.  505.  497.  502. 1340.  400.   93.
 371.  373.  398.  500.  482.  518.  519. 1372.  335.   82.
 445.  472.  510.  552.  631.  780. 1441.  119.    0.    0.
310. 573. 822. 956. 761. 804. 628.  96.   0.   0.
 342.  368.  498.  422.  492.  513.  728. 1100.  386.  101.
 376.  400.  441.  482.  462.  460.  689. 1085.  391.  164.
 388.  405.  390.  394.  360.  587.  572. 1185.  517.  152.
533. 563. 963. 706. 579. 540. 452. 322. 236.  56.
433. 622. 564. 693. 959. 877. 558. 222.  22.   0.
464. 595. 546. 597. 772. 998. 925.  53.   0.   0.
406. 557. 564. 617. 570. 994. 791. 412.  39.   0.
 430.  425.  488.  525.  661. 1226.  687.  280.  175.   53.
408. 463. 673. 677. 657. 990. 717. 279.  86.   0.
358. 438. 592. 698. 588. 980. 547. 346. 375.  28.
337. 530. 740. 654. 778. 649. 531. 585. 146.   0.
329. 449. 541. 899. 742. 662. 733. 441. 154.   0.
540. 859. 774. 728. 682. 575. 440. 287.  65.   0.
 377.  431.  424.  440.  469.  477.  574. 1252.  427.   79.
382. 392. 418. 757. 719. 553. 671. 730. 263.  65.
 367.  407.  411.  438.  453.  566.  560. 1316.  343.   89.
 362.  392.  446.  451.  447.  556.  572. 1263.  381.   80.
