536. 939. 810. 635. 647. 399. 359. 298. 257.  70.
390. 485. 511. 555. 586. 773. 915. 735.   0.   0.
407. 807. 929. 997. 828. 670. 298.  14.   0.   0.
 391.  445.  490.  526.  577.  703. 1010.  808.    0.    0.
 406.  715. 1027.  906.  835.  674.  380.    7.    0.    0.
 415.  803. 1048.  874.  827.  739.  238.    6.    0.    0.
 403.  853. 1020. 1041.  827.  556.  239.   11.    0.    0.
 451.  585. 1074.  860.  683.  482.  352.  231.  160.   72.
 493.  567.  605. 1032.  775.  545.  367.  358.  150.   58.
 489.  558. 1133.  919.  678.  509.  343.  211.   97.   13.
461. 638. 965. 916. 647. 547. 393. 279.  95.   9.
 470.  446.  481.  513.  548.  749. 1230.  513.    0.    0.
 433.  470.  458.  491.  586.  744. 1275.  493.    0.    0.
 444.  480.  466.  501.  595.  739. 1272.  453.    0.    0.
 474.  431.  496.  504.  550.  686. 1343.  466.    0.    0.
 425.  471.  457.  504.  585.  715. 1320.  473.    0.    0.
 436.  442.  489.  517.  557.  713. 1327.  469.    0.    0.
 435.  468.  463.  464.  623.  729. 1303.  465.    0.    0.
 443.  499.  471.  503.  541.  702. 1310.  481.    0.    0.
 469.  463.  491.  498.  566.  680. 1309.  474.    0.    0.
 442.  469.  510.  524.  559.  744. 1260.  442.    0.    0.
 422.  442.  502.  488.  605.  717. 1339.  435.    0.    0.
 445.  430.  473.  516.  564.  757. 1312.  453.    0.    0.
 462.  455.  484.  496.  552.  700. 1286.  515.    0.    0.
 457.  472.  463.  496.  533.  718. 1315.  496.    0.    0.
 423.  482.  457.  511.  578.  746. 1288.  465.    0.    0.
 451.  435.  488.  512.  552.  732. 1275.  505.    0.    0.
 420.  442.  506.  501.  584.  725. 1336.  436.    0.    0.
 468.  458.  495.  486.  544.  767. 1289.  443.    0.    0.
