357. 411. 406. 411. 435. 556. 928. 887. 459. 100.
504. 701. 671. 803. 883. 951. 426.  11.   0.   0.
 530.  587. 1035. 1077.  754.  453.  267.  247.    0.    0.
528. 546. 554. 744. 964. 581. 609. 424.   0.   0.
525. 560. 718. 579. 801. 978. 740.  49.   0.   0.
 519.  828. 1127.  822.  591.  459.  318.  196.   90.    0.
 517. 1157.  814.  632.  528.  500.  387.  239.  166.   10.
908. 878. 755. 630. 534. 462. 365. 265. 124.  29.
880. 905. 748. 643. 553. 494. 322. 229. 131.  45.
942. 860. 755. 649. 564. 406. 363. 244. 130.  37.
938. 864. 739. 654. 557. 472. 317. 227. 133.  49.
971. 753. 639. 690. 600. 404. 349. 314. 189.  41.
