465. 511. 570. 770. 759. 627. 536. 447. 252.  13.
453. 496. 561. 836. 890. 565. 483. 409. 222.  35.
446. 495. 503. 820. 961. 591. 506. 330. 277.  21.
488. 544. 876. 817. 622. 516. 494. 330. 228.  35.
 441.  434.  493.  513.  598.  714. 1289.  468.    0.    0.
441. 503. 518. 628. 909. 853. 544. 367. 187.   0.
520. 793. 969. 720. 630. 451. 345. 243. 181.  98.
450. 464. 532. 646. 749. 611. 570. 576. 352.   0.
 424.  471.  449.  497.  575.  700. 1000.  834.    0.    0.
429. 441. 451. 512. 596. 782. 970. 769.   0.   0.
412. 459. 557. 538. 577. 829. 780. 604. 194.   0.
 442.  458.  485.  512.  572.  679. 1359.  443.    0.    0.
 456.  419.  477.  527.  550.  744. 1329.  448.    0.    0.
 444.  475.  494.  499.  592.  780. 1271.  395.    0.    0.
 455.  433.  476.  530.  572.  750. 1393.  341.    0.    0.
 445.  420.  494.  499.  593.  758. 1269.  472.    0.    0.
 432.  445.  466.  534.  616.  714. 1198.  545.    0.    0.
812. 831. 672. 596. 521. 447. 432. 317. 220. 102.
833. 837. 821. 688. 570. 476. 276. 223. 127.  99.
869. 843. 764. 635. 606. 422. 354. 250. 180.  27.
865. 888. 844. 659. 509. 492. 313. 213. 142.  25.
894. 993. 805. 735. 577. 422. 250. 167.  76.  31.
874. 901. 759. 605. 562. 474. 410. 204. 137.  24.
864. 933. 805. 650. 547. 447. 337. 234. 114.  19.
866. 959. 744. 611. 541. 497. 364. 245. 109.  14.
835. 904. 705. 661. 545. 410. 392. 300. 138.  60.
846. 879. 749. 638. 535. 462. 395. 243. 154.  49.
827. 776. 634. 643. 506. 466. 338. 370. 273. 117.
831. 906. 774. 708. 574. 420. 328. 247. 128.  34.
 462.  454.  503.  483.  564.  794. 1252.  438.    0.    0.
 468.  448.  456.  551.  621.  730. 1164.  512.    0.    0.
