993. 919. 845. 697. 566. 399. 268. 160.  91.  12.
924. 870. 799. 648. 537. 412. 353. 202. 115.  90.
1026.  822.  575.  424.  472.  491.  538.  373.  203.   26.
908. 855. 711. 651. 541. 455. 342. 265. 159.  63.
937. 808. 743. 653. 559. 431. 358. 286. 136.  39.
950. 786. 748. 710. 584. 440. 277. 224. 190.  41.
 445.  486.  532.  836. 1022.  693.  463.  267.  189.   17.
944. 846. 652. 576. 513. 472. 446. 306. 161.  34.
965. 767. 680. 684. 590. 417. 288. 319. 169.  71.
876. 868. 705. 635. 527. 455. 391. 293. 136.  64.
915. 862. 738. 740. 540. 447. 294. 230. 139.  45.
917. 827. 787. 655. 526. 482. 362. 208. 131.  55.
921. 833. 717. 608. 493. 513. 384. 268. 164.  49.
875. 941. 749. 636. 527. 475. 361. 240. 113.  33.
909. 816. 613. 514. 465. 454. 455. 375. 257.  92.
589. 647. 966. 871. 635. 447. 338. 256. 167.  34.
 431.  408.  568. 1042.  726.  554.  418.  258.  487.   58.
923. 881. 776. 666. 590. 404. 306. 214. 145.  45.
594. 984. 818. 620. 588. 448. 341. 270. 157. 130.
426. 984. 772. 690. 563. 466. 365. 293. 244. 147.
672. 960. 800. 675. 552. 474. 352. 264. 167.  34.
692. 945. 713. 676. 587. 473. 319. 268. 204.  73.
 475. 1012.  877.  750.  545.  417.  321.  258.  130.  165.
1005.  904.  822.  628.  562.  449.  328.  157.   69.   26.
 485. 1134.  807.  624.  601.  417.  376.  258.  168.   80.
451. 957. 749. 674. 600. 471. 328. 273. 278. 169.
 617. 1034.  891.  705.  621.  410.  299.  199.  110.   64.
 580. 1107.  825.  692.  561.  458.  306.  255.  125.   41.
435. 916. 817. 695. 551. 455. 407. 303. 192. 179.
 454.  658. 1118.  913.  632.  507.  307.  230.  114.   17.
617. 963. 817. 649. 565. 499. 432. 284. 111.  13.
519. 711. 802. 679. 488. 533. 509. 363. 280.  66.
542. 674. 981. 700. 597. 484. 447. 347. 142.  36.
552. 593. 882. 658. 694. 544. 347. 399. 249.  32.
603. 890. 720. 666. 579. 440. 426. 409. 194.  23.
506. 585. 862. 779. 592. 514. 415. 335. 285.  77.
577. 765. 912. 677. 558. 504. 421. 348. 142.  46.
588. 973. 844. 631. 631. 425. 376. 222. 177.  83.
871. 925. 822. 714. 572. 430. 313. 174. 104.  25.
 606. 1031.  800.  606.  584.  462.  394.  258.  175.   34.
908. 779. 778. 770. 580. 423. 315. 180. 178.  39.
564. 935. 749. 612. 644. 455. 357. 312. 217. 105.
894. 801. 753. 710. 631. 465. 269. 237. 151.  39.
 582. 1049.  827.  642.  575.  489.  396.  253.  119.   18.
807. 922. 791. 685. 585. 455. 318. 212. 147.  28.
544. 671. 741. 825. 602. 522. 418. 342. 229.  56.
 427.  514. 1073.  747.  615.  501.  370.  328.  226.  149.
501. 776. 844. 578. 526. 435. 439. 453. 291. 107.
 412.  459.  695. 1142.  679.  575.  390.  330.  143.  125.
 509.  667. 1052.  855.  649.  531.  321.  251.  107.    8.
