481. 495. 887. 822. 666. 543. 388. 356. 290.  22.
 472.  521.  656. 1043.  730.  537.  385.  314.  239.   53.
416. 532. 865. 933. 846. 639. 399. 201. 119.   0.
456. 688. 705. 819. 652. 573. 404. 451. 196.   6.
470. 736. 983. 808. 691. 469. 354. 285. 133.  21.
 461.  495.  506.  522.  582.  716. 1248.  420.    0.    0.
 453.  431.  487.  545.  542.  691. 1294.  507.    0.    0.
 449.  438.  485.  501.  550.  745. 1323.  459.    0.    0.
 428.  519.  514.  632. 1207.  795.  513.  294.   48.    0.
 456.  480.  568.  652. 1129.  803.  586.  239.   37.    0.
 441.  536.  587.  604. 1071.  664.  610.  374.   63.    0.
 454.  462.  457.  529.  565.  726. 1422.  335.    0.    0.
 447.  447.  479.  538.  538.  717. 1414.  370.    0.    0.
 448.  475.  468.  528.  582.  719. 1274.  456.    0.    0.
 441.  467.  478.  530.  567.  711. 1305.  451.    0.    0.
 459.  459.  448.  493.  576.  782. 1296.  437.    0.    0.
 421.  464.  510.  511.  630.  721. 1165.  528.    0.    0.
 457.  466.  445.  524.  609.  684. 1356.  409.    0.    0.
 426.  470.  491.  503.  609.  720. 1294.  437.    0.    0.
459. 541. 580. 683. 975. 593. 529. 410. 180.   0.
 458.  522.  677.  844. 1091.  650.  422.  224.   62.    0.
482. 536. 616. 901. 909. 608. 462. 326. 110.   0.
 438.  481.  538.  659. 1039.  554.  553.  576.  112.    0.
 449.  523.  569.  646. 1075.  719.  556.  354.   59.    0.
427. 513. 577. 621. 830. 864. 598. 467.  53.   0.
 411.  457.  496.  518.  578.  712. 1322.  456.    0.    0.
 436.  453.  469.  519.  563.  741. 1302.  467.    0.    0.
 435.  467.  454.  514.  567.  733. 1328.  452.    0.    0.
 422.  435.  494.  533.  551.  748. 1312.  455.    0.    0.
 436.  463.  471.  518.  608.  706. 1316.  432.    0.    0.
 457.  470.  498.  457.  531.  710. 1348.  479.    0.    0.
424. 500. 497. 603. 641. 983. 846. 456.   0.   0.
 475.  519.  537.  630.  730. 1042.  628.  389.    0.    0.
492. 518. 542. 540. 656. 925. 785. 492.   0.   0.
497. 689. 878. 680. 569. 485. 466. 418. 229.  39.
 517.  585. 1003.  767.  642.  548.  395.  278.  191.   24.
 509.  618. 1178.  839.  607.  500.  377.  206.   99.   17.
 450.  444.  484.  516.  551.  715. 1349.  441.    0.    0.
 429.  486.  486.  516.  552.  750. 1298.  433.    0.    0.
 468.  452.  470.  482.  562.  770. 1326.  420.    0.    0.
 419.  461.  468.  512.  580.  742. 1332.  436.    0.    0.
 462.  429.  475.  522.  566.  723. 1290.  483.    0.    0.
 433.  469.  472.  519.  575.  721. 1294.  467.    0.    0.
 426.  468.  512.  547.  614.  758. 1265.  360.    0.    0.
 454.  471.  511.  527.  552.  719. 1459.  257.    0.    0.
 433.  438.  494.  513.  571.  729. 1300.  472.    0.    0.
 429.  454.  486.  533.  595.  797. 1287.  369.    0.    0.
 425.  482.  509.  549.  615.  753. 1289.  328.    0.    0.
 413.  445.  497.  510.  594.  725. 1341.  425.    0.    0.
 444.  428.  486.  547.  559.  749. 1336.  401.    0.    0.
 447.  418.  485.  550.  551.  749. 1301.  449.    0.    0.
 420.  466.  487.  539.  557.  738. 1299.  444.    0.    0.
 507.  604. 1097.  866.  612.  525.  368.  260.   86.   25.
 482.  635. 1009.  764.  648.  527.  390.  311.  163.   21.
 476.  661. 1077.  799.  644.  498.  368.  254.  139.   34.
 439.  458.  542.  629.  878. 1048.  480.  476.    0.    0.
429. 496. 545. 635. 757. 818. 713. 557.   0.   0.
463. 464. 562. 540. 738. 906. 689. 588.   0.   0.
 469.  456.  510.  483.  538.  655. 1340.  499.    0.    0.
 440.  470.  471.  536.  558.  756. 1279.  440.    0.    0.
 436.  441.  465.  517.  625.  695. 1312.  459.    0.    0.
 491.  469.  519.  536.  591.  694. 1258.  392.    0.    0.
 456.  452.  450.  506.  608.  718. 1284.  476.    0.    0.
 415.  462.  485.  503.  593.  719. 1346.  427.    0.    0.
 484.  529.  626.  745. 1043.  593.  464.  363.  103.    0.
 431.  518.  625.  725. 1030.  513.  612.  401.   95.    0.
 496.  529.  499.  652. 1172.  684.  410.  408.  100.    0.
5.010e+02 5.570e+02 6.910e+02 1.091e+03 7.870e+02 5.530e+02 3.890e+02
 2.850e+02 9.500e+01 1.000e+00
 498.  497.  626. 1021.  789.  600.  419.  305.  187.    8.
475. 592. 595. 940. 655. 568. 501. 379. 231.  14.
 444.  459.  472.  487.  553.  736. 1381.  418.    0.    0.
 447.  470.  476.  498.  570.  742. 1305.  442.    0.    0.
 476.  431.  463.  506.  546.  745. 1348.  435.    0.    0.
 413.  481.  467.  497.  589.  746. 1308.  449.    0.    0.
 477.  447.  490.  521.  559.  769. 1294.  393.    0.    0.
 439.  453.  491.  519.  618.  705. 1285.  440.    0.    0.
 456.  434.  451.  473.  637.  761. 1258.  480.    0.    0.
 441.  449.  512.  504.  554.  695. 1324.  471.    0.    0.
 425.  446.  500.  502.  576.  715. 1335.  451.    0.    0.
 458.  492.  487.  557.  585.  731. 1231.  409.    0.    0.
 419.  460.  454.  519.  581.  721. 1143.  653.    0.    0.
 425.  433.  468.  533.  575.  717. 1212.  587.    0.    0.
 406.  471.  471.  522.  595.  694. 1295.  496.    0.    0.
434. 495. 744. 978. 684. 614. 441. 334. 214.  12.
 491.  522.  659. 1128.  756.  437.  452.  325.  175.    5.
460. 579. 683. 957. 683. 535. 510. 366. 163.  14.
 441.  440.  547.  685. 1036.  889.  465.  266.  181.    0.
426. 474. 574. 666. 953. 749. 516. 371. 221.   0.
468. 487. 519. 535. 823. 798. 564. 385. 371.   0.
 438.  460.  496.  542.  585.  697. 1296.  436.    0.    0.
 430.  479.  478.  515.  555.  687. 1336.  470.    0.    0.
 455.  429.  461.  545.  576.  738. 1317.  429.    0.    0.
 488.  430.  476.  514.  559.  743. 1301.  439.    0.    0.
 455.  431.  499.  490.  574.  760. 1294.  447.    0.    0.
 458.  453.  479.  501.  611.  698. 1304.  446.    0.    0.
 476.  438.  427.  532.  541.  728. 1269.  539.    0.    0.
 472.  464.  458.  470.  553.  727. 1321.  485.    0.    0.
 440.  454.  451.  523.  598.  709. 1286.  489.    0.    0.
 457.  440.  450.  539.  585.  700. 1323.  456.    0.    0.
 463.  465.  479.  534.  579.  686. 1293.  451.    0.    0.
 414.  474.  480.  529.  585.  709. 1308.  451.    0.    0.
 445.  475.  455.  523.  589.  727. 1266.  470.    0.    0.
 442.  463.  460.  521.  585.  652. 1336.  491.    0.    0.
 462.  464.  446.  518.  579.  676. 1357.  448.    0.    0.
 478.  498.  491.  552.  583.  725. 1216.  407.    0.    0.
 468.  458.  456.  510.  557.  729. 1309.  463.    0.    0.
 458.  435.  499.  568.  540.  754. 1278.  418.    0.    0.
 458.  414.  478.  534.  579.  726. 1338.  423.    0.    0.
 493.  439.  528.  529.  613.  676. 1286.  386.    0.    0.
 448.  448.  466.  510.  592.  751. 1263.  472.    0.    0.
430. 604. 622. 743. 876. 945. 465. 180.  85.   0.
644. 973. 749. 610. 541. 460. 405. 318. 189.  61.
 819. 1028.  802.  648.  540.  462.  343.  189.   99.   20.
700. 922. 727. 553. 554. 509. 455. 290. 165.  75.
692. 903. 662. 555. 491. 484. 405. 403. 270.  85.
663. 968. 723. 600. 519. 472. 442. 321. 170.  72.
 641. 1031.  790.  653.  517.  463.  369.  290.  161.   35.
