516. 606. 902. 987. 590. 564. 353. 213. 170.  49.
 587. 1045.  898.  679.  579.  420.  359.  202.  126.   55.
421. 517. 596. 882. 921. 664. 385. 344. 213.   7.
738. 941. 719. 550. 509. 513. 444. 302. 177.  57.
729. 942. 797. 669. 549. 457. 358. 234. 154.  61.
543. 876. 902. 799. 840. 558. 333.  75.  24.   0.
 533.  770. 1025. 1053.  636.  368.  304.  203.   58.    0.
857. 838. 679. 604. 541. 489. 461. 334. 126.  21.
 482.  580.  683. 1152.  763.  566.  371.  199.  133.   21.
569. 885. 973. 793. 585. 478. 319. 175. 127.  46.
 560. 1018.  746.  699.  560.  451.  360.  273.  198.   85.
 443.  684. 1038. 1114.  721.  436.  279.  190.   45.    0.
 471.  759. 1003.  752.  578.  482.  372.  262.  163.  108.
495. 843. 874. 702. 638. 501. 376. 268. 198.  55.
517. 719. 745. 753. 725. 743. 474. 209.  65.   0.
 451.  498.  541.  782. 1138.  676.  520.  328.   16.    0.
 420.  577.  798.  932. 1064.  433.  310.  263.  149.    4.
532. 776. 884. 756. 569. 526. 436. 239. 171.  61.
444. 493. 511. 597. 930. 899. 626. 356.  94.   0.
440. 449. 487. 584. 762. 997. 565. 494. 172.   0.
439. 433. 549. 525. 723. 953. 689. 540.  99.   0.
 459.  447.  489.  503.  593.  777. 1328.  354.    0.    0.
 443.  426.  454.  562.  572.  701. 1363.  429.    0.    0.
 437.  478.  487.  534.  582.  750. 1394.  288.    0.    0.
 472.  560.  690. 1020. 1049.  681.  416.   62.    0.    0.
 518.  585.  617. 1022.  971.  711.  482.   44.    0.    0.
 481.  538.  534.  762. 1012.  597.  448.  379.  199.    0.
502. 553. 666. 553. 846. 619. 607. 467. 137.   0.
