 485.  743. 1111.  843.  591.  401.  442.  179.  118.   37.
 507.  763. 1129.  904.  539.  413.  432.  120.  114.   29.
 503.  746. 1008.  921.  512.  453.  431.  187.  142.   47.
 322.  492. 1083.  811.  919.  678.  421.  224.    0.    0.
 475.  692. 1055.  694.  546.  407.  495.  299.  216.   71.
321. 621. 753. 828. 948. 676. 528. 272.   3.   0.
 519.  662. 1047.  757.  538.  563.  501.  221.  115.   27.
 310.  465.  738.  802. 1090.  561.  583.  350.   51.    0.
 562.  801. 1013.  633.  418.  514.  552.  243.  170.   44.
 335.  528.  820. 1052.  859.  569.  520.  234.   33.    0.
 543.  877. 1027.  670.  455.  568.  464.  171.  153.   22.
292. 551. 870. 929. 984. 549. 447. 315.  13.   0.
 508.  781. 1136.  768.  621.  353.  465.  152.  158.    8.
298. 641. 950. 854. 977. 583. 445. 173.  29.   0.
 519.  747. 1080.  935.  514.  413.  466.  128.   88.   60.
 406.  607.  864. 1072.  939.  542.  332.  179.    9.    0.
 520.  759. 1177.  759.  471.  496.  424.  203.  118.   23.
325. 571. 989. 785. 916. 697. 388. 252.  27.   0.
 486.  650. 1104.  785.  505.  529.  511.  235.  130.   15.
 320.  442.  842.  719. 1089.  622.  475.  306.  125.   10.
 521.  893. 1016.  836.  464.  440.  419.  204.   94.   63.
