423. 401. 463. 456. 560. 830. 574. 560. 631.  52.
369. 394. 463. 405. 442. 451. 983. 846. 467. 130.
 492.  588.  580.  658.  596. 1283.  620.  133.    0.    0.
462. 526. 791. 858. 676. 649. 344. 413. 216.  15.
 467.  548.  525. 1191.  763.  579.  412.  264.  178.   23.
518. 579. 534. 816. 966. 611. 519. 372.  35.   0.
 539.  525. 1188.  857.  584.  563.  369.  208.  117.    0.
 416.  400.  482.  511.  584.  694. 1133.  673.   57.    0.
 470.  478.  648. 1025.  558.  526.  507.  346.  318.   74.
480. 465. 631. 648. 992. 650. 474. 316. 258.  36.
749. 888. 786. 694. 583. 480. 303. 204. 179.  84.
718. 988. 762. 650. 527. 476. 371. 233. 175.  50.
 509.  563.  599.  770.  930. 1147.  358.   74.    0.    0.
 494.  552.  601.  726. 1001. 1177.  308.   91.    0.    0.
 454.  467.  448.  537.  606.  799. 1208.  431.    0.    0.
 456.  440.  473.  511.  594.  776. 1255.  445.    0.    0.
 391.  585. 1086.  871.  731.  636.  355.  238.   57.    0.
473. 482. 468. 534. 628. 890. 736. 647.  92.   0.
 440.  455.  489.  533.  643. 1046.  691.  590.   63.    0.
 432. 1026.  774.  683.  584.  508.  438.  306.  159.   40.
498. 609. 799. 901. 741. 479. 342. 308. 210.  63.
481. 494. 528. 789. 638. 540. 444. 592. 410.  34.
725. 818. 760. 672. 523. 504. 393. 252. 196. 107.
440. 499. 555. 892. 836. 710. 477. 414. 111.  16.
643. 854. 696. 642. 503. 481. 415. 307. 262. 147.
 400.  479.  470.  522.  573.  726. 1337.  443.    0.    0.
 460.  491.  466.  549.  602.  730. 1066.  586.    0.    0.
 535. 1207.  724.  618.  443.  528.  392.  321.  170.   12.
438. 538. 628. 652. 765. 913. 574. 365.  77.   0.
456. 455. 554. 666. 914. 848. 784. 273.   0.   0.
482. 804. 802. 590. 568. 443. 403. 392. 307. 159.
 516. 1036.  741.  477.  436.  496.  544.  358.  281.   65.
643. 931. 843. 630. 575. 454. 406. 298. 137.  33.
932. 910. 751. 634. 562. 453. 352. 221. 108.  27.
966. 898. 758. 617. 550. 452. 375. 228.  83.  23.
942. 830. 788. 625. 592. 434. 333. 250. 122.  34.
544. 962. 693. 527. 429. 450. 459. 370. 255. 261.
 466. 1058.  775.  617.  622.  487.  379.  288.  150.  108.
642. 902. 847. 711. 592. 478. 321. 247. 180.  30.
503. 960. 845. 684. 532. 486. 375. 301. 184.  80.
530. 984. 729. 664. 608. 468. 330. 253. 248. 136.
613. 965. 897. 708. 586. 469. 358. 225. 115.  14.
457. 918. 855. 669. 589. 489. 382. 333. 184.  74.
497. 737. 922. 851. 663. 525. 371. 238. 135.  11.
717. 838. 775. 771. 589. 519. 324. 197. 179.  41.
 323.  468. 1102.  908.  932.  697.  434.   86.    0.    0.
 442.  490.  483.  503.  614.  729. 1237.  452.    0.    0.
 614. 1033.  838.  707.  553.  478.  345.  216.  126.   40.
868. 805. 721. 652. 630. 420. 300. 240. 218.  96.
519. 574. 643. 747. 640. 580. 499. 398. 275.  75.
 515. 1016.  841.  679.  529.  509.  341.  249.  217.   54.
 482.  471.  458.  522.  681. 1246.  626.  319.  145.    0.
469. 494. 498. 626. 948. 922. 584. 384.  25.   0.
482. 579. 587. 979. 732. 499. 446. 422. 224.   0.
 402.  491.  460.  515.  606.  783. 1213.  480.    0.    0.
