 330.  400.  432.  479.  521.  539.  503. 1349.  317.   80.
 726. 1343.  958.  726.  541.  378.  186.   72.   18.    2.
1258. 1857.  739.  214.  213.  353.  209.  104.    3.    0.
534. 913. 978. 860. 666. 564. 235. 147.  38.  15.
 373.  420.  406.  468.  498.  512. 1114.  714.  365.   80.
 343.  403.  392.  429.  453.  539.  545. 1290.  427.  129.
264. 498. 817. 770. 860. 779. 580. 273. 109.   0.
279. 548. 783. 818. 732. 649. 518. 444. 131.  48.
423. 827. 854. 674. 492. 444. 445. 429. 328.  34.
305. 623. 890. 867. 735. 608. 434. 264. 224.   0.
268. 588. 905. 998. 769. 635. 478. 218.  49.  42.
391. 759. 999. 806. 618. 456. 435. 192. 226.  68.
274. 621. 798. 802. 745. 704. 495. 344. 140.  27.
308. 635. 771. 950. 869. 539. 362. 363. 128.  25.
