446. 600. 902. 741. 633. 495. 359. 430. 333.  11.
 487.  514.  851. 1006.  687.  580.  441.  259.  105.   20.
 446.  519.  729. 1047.  884.  547.  326.  294.  158.    0.
459. 806. 782. 706. 569. 484. 521. 391. 222.  10.
517. 730. 891. 737. 605. 541. 442. 304. 160.  23.
 417.  474.  454.  541.  585.  704. 1321.  454.    0.    0.
 466.  457.  467.  522.  613.  692. 1315.  418.    0.    0.
 432.  430.  488.  499.  591.  731. 1309.  470.    0.    0.
508. 530. 579. 544. 893. 603. 733. 503.  57.   0.
 472.  493.  499.  586. 1038.  762.  414.  564.  122.    0.
480. 508. 592. 619. 831. 626. 698. 502.  94.   0.
 460.  448.  472.  524.  545.  680. 1303.  518.    0.    0.
 446.  448.  511.  482.  583.  705. 1368.  407.    0.    0.
 410.  499.  438.  519.  587.  733. 1307.  457.    0.    0.
 415.  455.  493.  513.  572.  717. 1330.  455.    0.    0.
 440.  456.  470.  523.  565.  714. 1303.  479.    0.    0.
 448.  440.  515.  516.  572.  729. 1309.  421.    0.    0.
 470.  467.  444.  472.  538.  754. 1417.  388.    0.    0.
 436.  486.  489.  501.  568.  722. 1286.  462.    0.    0.
490. 542. 545. 885. 976. 590. 399. 294. 229.   0.
 481.  544.  560.  868. 1156.  618.  385.  247.   91.    0.
 494.  525.  498.  691. 1007.  568.  478.  459.  230.    0.
462. 479. 575. 635. 944. 604. 569. 541. 141.   0.
460. 489. 537. 625. 966. 598. 523. 613. 139.   0.
 429.  501.  512.  672. 1025.  788.  609.  352.   62.    0.
 449.  427.  476.  543.  585.  684. 1316.  470.    0.    0.
 447.  459.  483.  511.  556.  717. 1296.  481.    0.    0.
 453.  467.  500.  495.  583.  734. 1311.  407.    0.    0.
 432.  446.  464.  508.  635.  712. 1288.  465.    0.    0.
 448.  474.  478.  535.  576.  687. 1295.  457.    0.    0.
 479.  482.  459.  520.  519.  680. 1308.  503.    0.    0.
 459.  483.  525.  560.  832. 1179.  603.  309.    0.    0.
456. 508. 541. 577. 675. 987. 761. 445.   0.   0.
506. 476. 500. 567. 768. 967. 693. 473.   0.   0.
507. 597. 992. 928. 667. 463. 338. 297. 141.  20.
 580.  634. 1000.  568.  517.  558.  447.  363.  262.   21.
 469.  776. 1006.  712.  592.  523.  428.  291.  135.   18.
 433.  453.  478.  508.  611.  712. 1319.  436.    0.    0.
 423.  453.  483.  535.  584.  692. 1333.  447.    0.    0.
 436.  444.  473.  523.  597.  729. 1277.  471.    0.    0.
 453.  452.  412.  546.  595.  687. 1357.  448.    0.    0.
 491.  490.  498.  518.  628.  748. 1163.  414.    0.    0.
 431.  457.  460.  530.  598.  714. 1326.  434.    0.    0.
 456.  452.  479.  531.  589.  783. 1323.  337.    0.    0.
 474.  435.  412.  551.  664.  743. 1376.  295.    0.    0.
 446.  499.  471.  538.  596.  728. 1239.  433.    0.    0.
 461.  443.  496.  542.  603.  779. 1343.  283.    0.    0.
 441.  462.  445.  535.  608.  781. 1338.  340.    0.    0.
 469.  405.  482.  487.  633.  702. 1375.  397.    0.    0.
 443.  436.  475.  489.  624.  709. 1336.  438.    0.    0.
 446.  462.  478.  510.  589.  694. 1297.  474.    0.    0.
 444.  480.  505.  496.  622.  704. 1282.  417.    0.    0.
 497.  551. 1055.  808.  646.  534.  433.  216.  174.   36.
 493.  636. 1001.  741.  629.  541.  429.  298.  150.   32.
501. 716. 950. 662. 602. 523. 438. 348. 147.  63.
431. 516. 519. 515. 754. 915. 753. 547.   0.   0.
 440.  497.  524.  590.  780. 1004.  670.  445.    0.    0.
 450.  494.  541.  597.  677. 1054.  708.  429.    0.    0.
 428.  451.  491.  493.  577.  718. 1350.  442.    0.    0.
 460.  499.  462.  502.  556.  709. 1313.  449.    0.    0.
 450.  501.  483.  489.  551.  694. 1322.  460.    0.    0.
 442.  465.  480.  478.  577.  717. 1347.  444.    0.    0.
 438.  437.  476.  526.  555.  745. 1325.  448.    0.    0.
 425.  455.  481.  518.  560.  729. 1335.  447.    0.    0.
 489.  510.  563.  715. 1013.  771.  560.  283.   46.    0.
 467.  466.  538.  793. 1243.  597.  438.  332.   76.    0.
 435.  503.  573.  762. 1158.  633.  442.  326.  118.    0.
481. 544. 693. 831. 686. 601. 489. 357. 268.   0.
 483.  547.  647. 1018.  704.  608.  464.  321.  152.    6.
465. 556. 675. 972. 747. 613. 454. 287. 159.  22.
 478.  448.  475.  527.  628.  693. 1270.  431.    0.    0.
 448.  450.  506.  500.  592.  732. 1255.  467.    0.    0.
 403.  475.  474.  526.  601.  719. 1314.  438.    0.    0.
 464.  477.  445.  535.  558.  730. 1281.  460.    0.    0.
 483.  490.  507.  520.  566.  706. 1232.  446.    0.    0.
 451.  447.  451.  517.  616.  676. 1353.  439.    0.    0.
 525.  451.  489.  598.  588.  656. 1218.  425.    0.    0.
 435.  448.  519.  498.  583.  743. 1275.  449.    0.    0.
 468.  430.  454.  503.  601.  742. 1295.  457.    0.    0.
 441.  443.  468.  502.  616.  706. 1317.  457.    0.    0.
 441.  443.  465.  489.  565.  728. 1044.  775.    0.    0.
474. 443. 499. 481. 646. 699. 990. 718.   0.   0.
 463.  376.  519.  528.  567.  722. 1257.  518.    0.    0.
552. 563. 750. 998. 616. 607. 513. 216. 132.   3.
467. 593. 578. 855. 674. 572. 562. 402. 219.  28.
 480.  566.  605. 1129.  750.  523.  389.  321.  181.    6.
429. 449. 585. 621. 974. 733. 609. 369. 181.   0.
 451.  490.  492.  580. 1113.  785.  516.  325.  198.    0.
412. 475. 538. 630. 970. 750. 545. 370. 260.   0.
 474.  466.  460.  559.  597.  714. 1222.  458.    0.    0.
 443.  440.  471.  521.  583.  741. 1280.  471.    0.    0.
 472.  498.  516.  528.  589.  712. 1234.  401.    0.    0.
 443.  434.  465.  508.  612.  736. 1281.  471.    0.    0.
 444.  419.  489.  517.  567.  742. 1348.  424.    0.    0.
 428.  473.  457.  486.  607.  729. 1310.  460.    0.    0.
 439.  460.  463.  494.  584.  709. 1307.  494.    0.    0.
 468.  458.  440.  496.  618.  716. 1206.  548.    0.    0.
 483.  465.  473.  531.  613.  722. 1229.  434.    0.    0.
 449.  458.  468.  478.  575.  754. 1325.  443.    0.    0.
 494.  483.  462.  485.  592.  760. 1256.  418.    0.    0.
 415.  452.  514.  469.  607.  726. 1298.  469.    0.    0.
 470.  377.  470.  543.  571.  737. 1173.  609.    0.    0.
 472.  446.  439.  527.  619.  677. 1317.  453.    0.    0.
 441.  450.  479.  495.  591.  720. 1337.  437.    0.    0.
 514.  464.  435.  469.  520.  725. 1347.  476.    0.    0.
 433.  428.  506.  513.  569.  750. 1317.  434.    0.    0.
 461.  428.  483.  483.  560.  759. 1353.  423.    0.    0.
 438.  450.  485.  514.  555.  747. 1295.  466.    0.    0.
 430.  470.  472.  490.  551.  764. 1340.  433.    0.    0.
 419.  453.  478.  525.  589.  736. 1306.  444.    0.    0.
 432.  563.  570.  802.  855. 1016.  486.  186.   40.    0.
 697. 1011.  777.  664.  516.  510.  366.  247.  134.   28.
 613. 1042.  860.  687.  511.  488.  327.  216.  155.   51.
796. 954. 820. 691. 526. 459. 346. 183. 143.  32.
700. 869. 711. 680. 566. 490. 313. 347. 180.  94.
738. 936. 698. 673. 570. 443. 344. 268. 197.  83.
730. 884. 731. 550. 555. 457. 425. 298. 232.  88.
