828. 900. 799. 692. 577. 411. 317. 233. 145.  48.
375. 419. 472. 436. 530. 518. 873. 785. 496.  46.
 362.  402.  445.  470.  491.  583. 1003.  714.  424.   56.
 385.  406.  420.  444.  456.  520. 1146.  701.  431.   41.
429. 439. 592. 704. 720. 824. 513. 388. 242.  99.
420. 449. 633. 754. 714. 814. 561. 399. 163.  43.
548. 566. 574. 609. 641. 555. 591. 513. 243. 110.
483. 623. 680. 620. 642. 613. 572. 444. 218.  55.
 462.  617. 1099.  677.  564.  516.  453.  334.  176.   52.
 422.  454.  487.  530.  576.  708. 1315.  458.    0.    0.
 455.  453.  503.  508.  585.  717. 1331.  398.    0.    0.
 425.  458.  469.  530.  581.  720. 1328.  439.    0.    0.
 470.  411.  456.  541.  615.  680. 1359.  418.    0.    0.
 420.  616. 1051.  776.  665.  525.  363.  244.  234.   56.
 446.  471.  421.  510.  601.  750. 1298.  453.    0.    0.
 438.  447.  497.  511.  582.  713. 1367.  395.    0.    0.
 441.  490.  455.  582.  556.  708. 1290.  428.    0.    0.
 455.  464.  471.  515.  564.  683. 1329.  469.    0.    0.
