364. 394. 405. 449. 535. 875. 733. 461. 630. 104.
429. 597. 598. 930. 898. 763. 479. 244.  12.   0.
412. 594. 559. 965. 891. 755. 503. 266.   5.   0.
424. 603. 632. 815. 915. 859. 428. 274.   0.   0.
4.320e+02 6.400e+02 6.210e+02 9.900e+02 1.019e+03 8.140e+02 3.330e+02
 1.000e+02 1.000e+00 0.000e+00
 412.  665.  658.  870. 1070.  762.  379.  127.    7.    0.
390. 693. 584. 943. 904. 781. 458. 186.  11.   0.
386. 627. 546. 922. 924. 825. 426. 277.  17.   0.
 379.  622.  676. 1003.  849.  817.  371.  227.    6.    0.
437. 698. 648. 811. 768. 756. 492. 334.   6.   0.
395. 583. 626. 885. 884. 939. 370. 253.  15.   0.
 460.  659.  674.  886. 1008.  799.  344.  117.    3.    0.
389. 652. 629. 872. 977. 897. 338. 183.  13.   0.
