 345.  391.  421.  433.  449.  508.  577. 1282.  424.  120.
 375.  402.  443.  339.  440.  555.  556. 1289.  452.   99.
412. 365. 464. 496. 479. 569. 842. 599. 659.  65.
934. 780. 789. 672. 513. 493. 309. 226. 167.  67.
927. 818. 650. 562. 485. 467. 455. 326. 196.  64.
927. 709. 674. 635. 564. 431. 347. 298. 248. 117.
862. 879. 735. 591. 589. 437. 337. 318. 105.  97.
950. 892. 751. 669. 587. 432. 298. 222.  91.  58.
455. 500. 917. 722. 559. 438. 435. 292. 326. 306.
401. 463. 856. 786. 611. 514. 398. 364. 295. 262.
692. 696. 684. 634. 690. 541. 459. 346. 158.  50.
375. 452. 480. 801. 654. 505. 415. 394. 369. 505.
 493.  451. 1044.  752.  525.  485.  457.  315.  226.  202.
446. 435. 993. 866. 628. 497. 430. 346. 159. 150.
395. 453. 516. 795. 604. 461. 388. 467. 407. 464.
676. 669. 612. 579. 569. 616. 586. 374. 200.  69.
 357.  403.  388.  433.  555.  547.  474. 1349.  382.   62.
 619. 1040.  819.  725.  708.  381.  258.  195.  161.   44.
 602. 1007.  783.  712.  617.  446.  309.  232.  176.   66.
736. 990. 772. 671. 497. 506. 334. 242. 161.  41.
625. 970. 790. 710. 627. 441. 312. 256. 171.  48.
