385. 524. 513. 659. 816. 994. 617. 415.  27.   0.
 454.  454.  622.  539. 1262.  705.  525.  239.  124.   26.
 526.  598. 1161.  755.  636.  460.  338.  244.  178.   54.
444. 487. 541. 704. 849. 653. 576. 446. 250.   0.
 690. 1085.  860.  718.  557.  419.  312.  178.  100.   31.
 548.  631. 1010.  834.  608.  442.  390.  347.  124.   16.
829. 952. 781. 625. 571. 452. 360. 262. 108.  10.
657. 669. 721. 875. 974. 767. 238.  49.   0.   0.
 449. 1030.  836.  664.  626.  443.  393.  243.  187.   79.
733. 855. 805. 721. 662. 516. 369. 207.  82.   0.
779. 874. 721. 582. 593. 422. 340. 333. 188. 118.
700. 869. 705. 697. 680. 562. 490. 226.  21.   0.
828. 886. 790. 697. 557. 439. 315. 222. 121.  95.
698. 862. 737. 803. 577. 555. 462. 234.  22.   0.
787. 936. 802. 679. 564. 423. 317. 214. 150.  78.
712. 941. 806. 792. 684. 529. 331. 144.  11.   0.
823. 895. 757. 631. 495. 430. 329. 270. 192. 128.
