452. 487. 555. 973. 909. 592. 387. 342. 209.  44.
391. 454. 717. 967. 636. 531. 435. 324. 230. 265.
 451.  464.  446.  527.  589.  669. 1351.  453.    0.    0.
554. 677. 607. 607. 588. 609. 613. 567. 128.   0.
 423.  455.  477.  524.  576.  713. 1325.  457.    0.    0.
456. 508. 615. 949. 902. 578. 422. 316. 193.  11.
446. 461. 695. 801. 543. 393. 518. 361. 274. 458.
 444.  454.  489.  514.  693. 1141.  735.  425.   55.    0.
 443.  463.  456.  512.  574.  758. 1225.  519.    0.    0.
 446.  474.  480.  522.  587.  775. 1263.  403.    0.    0.
 417.  445.  495.  510.  602.  744. 1324.  413.    0.    0.
 452.  460.  506.  483.  565.  770. 1320.  394.    0.    0.
 477.  450.  498.  484.  551.  705. 1244.  541.    0.    0.
385. 471. 474. 914. 674. 501. 414. 418. 373. 326.
