 682.  870. 1128.  859.  492.  410.  249.  234.   26.    0.
 446.  468.  447.  524.  549.  966. 1118.  333.   99.    0.
 433.  449.  553.  623.  767. 1078.  655.  307.   85.    0.
 445.  440.  470.  509.  527.  695. 1225.  639.    0.    0.
821. 787. 749. 692. 602. 452. 409. 254. 142.  42.
440. 495. 483. 516. 599. 856. 806. 717.  38.   0.
470. 489. 492. 562. 587. 766. 914. 650.  20.   0.
 468.  498.  601. 1082.  756.  600.  465.  326.  154.    0.
 491.  659. 1140.  802.  628.  503.  397.  218.   97.   15.
825. 896. 759. 619. 516. 482. 381. 264. 150.  58.
806. 911. 750. 724. 594. 428. 284. 228. 165.  60.
515. 528. 644. 627. 707. 645. 619. 415. 231.  19.
483. 581. 537. 650. 846. 663. 645. 455.  90.   0.
 454.  488.  604.  779. 1022.  599.  509.  397.   98.    0.
407. 649. 976. 900. 790. 449. 381. 339.  59.   0.
 457.  466.  570.  571.  721.  848. 1186.  131.    0.    0.
1125.  519.  924.    3.    4.  256.  758.  910.  410.   41.
 441.  440.  499.  494.  610.  785. 1253.  428.    0.    0.
 465.  470.  420.  511.  600.  705. 1178.  601.    0.    0.
606. 951. 726. 638. 521. 489. 522. 266. 197.  34.
631. 798. 917. 799. 555. 450. 336. 231. 164.  69.
 467.  679.  781.  891. 1004.  733.  289.  102.    4.    0.
 416.  794.  871. 1022.  965.  599.  219.   58.    6.    0.
 322.  671.  560.  674.  817. 1046.  723.  137.    0.    0.
 320.  603.  605.  642.  763. 1053.  767.  197.    0.    0.
388. 401. 482. 546. 566. 710. 888. 725. 241.   3.
480. 653. 680. 666. 575. 730. 839. 283.  44.   0.
 404.  486.  463.  733.  683.  659. 1022.  483.   17.    0.
429. 448. 541. 587. 768. 853. 978. 346.   0.   0.
