492. 513. 882. 850. 546. 509. 496. 264. 257. 141.
 471.  472.  553.  990. 1029.  614.  422.  251.  126.   22.
460. 475. 550. 971. 904. 635. 448. 301. 174.  32.
461. 490. 613. 817. 714. 596. 530. 456. 261.  12.
 478.  506.  553. 1033.  881.  638.  429.  243.  161.   28.
457. 485. 563. 935. 851. 634. 483. 290. 242.  10.
475. 519. 545. 756. 898. 587. 406. 358. 349.  57.
521. 723. 695. 823. 737. 735. 579. 137.   0.   0.
446. 654. 713. 976. 899. 571. 496. 194.   1.   0.
471. 782. 625. 817. 683. 658. 663. 251.   0.   0.
694. 628. 652. 614. 623. 593. 500. 646.   0.   0.
491. 570. 741. 857. 595. 599. 565. 454.  78.   0.
729. 631. 583. 576. 571. 648. 481. 460. 271.   0.
635. 582. 574. 583. 576. 525. 528. 530. 417.   0.
 452.  529.  584.  815. 1073.  564.  435.  360.  138.    0.
936. 821. 696. 583. 541. 503. 396. 260. 154.  60.
629. 884. 985. 815. 556. 416. 328. 214. 109.  14.
627. 867. 882. 637. 525. 559. 364. 289. 162.  38.
707. 867. 890. 726. 614. 445. 317. 284. 100.   0.
877. 834. 767. 681. 582. 455. 354. 218. 139.  43.
 470.  424.  522.  485.  598.  692. 1363.  396.    0.    0.
862. 804. 717. 642. 562. 467. 375. 289. 188.  44.
 463.  446.  442.  536.  573.  668. 1397.  425.    0.    0.
