262. 504. 829. 967. 901. 625. 614. 198.  50.   0.
 356.  743. 1033. 1017.  847.  539.  239.  171.    5.    0.
451. 725. 987. 719. 582. 476. 416. 232. 188. 174.
256. 371. 743. 619. 762. 713. 773. 503. 187.  23.
 311.  698.  905. 1005.  788.  617.  338.  231.   57.    0.
292. 475. 888. 856. 836. 878. 573. 152.   0.   0.
383. 564. 940. 941. 810. 557. 452. 286.  17.   0.
276. 567. 794. 732. 843. 958. 549. 231.   0.   0.
257. 367. 801. 580. 818. 664. 727. 491. 197.  48.
439. 688. 861. 830. 639. 633. 516. 258.  86.   0.
331. 619. 590. 819. 779. 793. 446. 297. 228.  48.
 284.  615.  888.  897. 1017.  687.  406.  156.    0.    0.
350. 624. 855. 924. 796. 606. 459. 325.  11.   0.
 349.  635.  768.  789.  817. 1061.  411.  120.    0.    0.
418. 590. 835. 566. 510. 498. 507. 594. 366.  66.
 463.  556. 1122.  708.  515.  513.  422.  309.  237.  105.
 313.  678.  868. 1060.  838.  744.  273.  128.   48.    0.
318. 539. 752. 726. 875. 989. 531. 220.   0.   0.
445. 710. 961. 886. 685. 564. 307. 290. 102.   0.
317. 700. 936. 807. 863. 685. 425. 210.   7.   0.
 413.  632. 1004.  724.  536.  491.  428.  255.  289.  178.
266. 327. 804. 609. 814. 670. 730. 474. 228.  28.
295. 521. 934. 919. 920. 614. 598. 149.   0.   0.
302. 760. 988. 927. 807. 568. 380. 217.   1.   0.
 421.  453. 1029.  693.  569.  482.  448.  307.  324.  224.
249. 604. 636. 763. 740. 805. 671. 338. 118.  26.
310. 497. 709. 848. 801. 478. 477. 521. 260.  49.
281. 559. 668. 703. 694. 836. 706. 465.  38.   0.
 363.  745. 1059.  892.  795.  552.  344.  196.    4.    0.
 444.  455.  447.  497.  595.  714. 1168.  630.    0.    0.
 422.  469.  494.  545.  600.  758. 1589.   73.    0.    0.
 442.  468.  487.  505.  558.  676. 1262.  552.    0.    0.
 459.  442.  440.  548.  648.  694. 1539.  180.    0.    0.
 437.  467.  482.  495.  591.  709. 1296.  473.    0.    0.
 442.  478.  446.  511.  591.  772. 1566.  144.    0.    0.
 443.  457.  513.  516.  601.  743. 1501.  176.    0.    0.
 469.  414.  451.  538.  585.  664. 1289.  540.    0.    0.
 426.  432.  504.  512.  553.  752. 1304.  467.    0.    0.
 437.  482.  472.  507.  643.  751. 1522.  136.    0.    0.
 495.  448.  468.  502.  604.  717. 1512.  204.    0.    0.
 455.  494.  465.  508.  564.  760. 1293.  411.    0.    0.
 476.  444.  469.  513.  594.  766. 1340.  348.    0.    0.
 460.  454.  441.  450.  607.  751. 1246.  541.    0.    0.
 443.  448.  492.  526.  579.  768. 1648.   46.    0.    0.
 451.  474.  498.  525.  605.  689. 1275.  433.    0.    0.
 454.  461.  495.  546.  641.  761. 1520.   72.    0.    0.
 353.  362.  465.  463.  559.  531.  500. 1348.  313.   56.
246. 531. 781. 735. 812. 750. 537. 342. 216.   0.
293. 595. 807. 764. 690. 701. 582. 383. 111.  24.
401. 633. 786. 734. 588. 473. 350. 501. 382. 102.
359. 764. 866. 790. 645. 516. 442. 384. 184.   0.
270. 613. 828. 764. 893. 754. 602. 170.  52.   4.
389. 635. 995. 651. 662. 448. 512. 212. 313. 133.
265. 581. 770. 745. 817. 678. 551. 373. 141.  29.
326. 517. 812. 716. 801. 642. 437. 484. 162.  53.
