4.260e+02 8.150e+02 1.021e+03 9.960e+02 6.790e+02 5.040e+02 3.600e+02
 1.210e+02 2.700e+01 1.000e+00
 461.  581.  663. 1144.  748.  563.  454.  244.   92.    0.
 459.  553.  582. 1133.  807.  575.  516.  288.   37.    0.
 480.  549.  798. 1007.  730.  598.  436.  264.   81.    7.
 344.  643. 1056.  893.  761.  596.  367.  235.   55.    0.
405. 542. 643. 700. 806. 748. 685. 421.   0.   0.
 364.  402.  778. 1234.  735.  610.  645.  182.    0.    0.
 469.  494.  499.  531.  584.  788. 1150.  435.    0.    0.
482. 689. 601. 799. 721. 781. 698. 179.   0.   0.
 524.  420.  487.  566.  752. 1134.  826.  241.    0.    0.
447. 469. 493. 490. 552. 777. 897. 825.   0.   0.
487. 475. 871. 905. 611. 547. 543. 301. 166.  44.
444. 427. 488. 479. 648. 871. 934. 659.   0.   0.
436. 461. 504. 510. 606. 800. 691. 596. 346.   0.
 445.  459. 1004.  732.  563.  549.  529.  353.  300.   16.
 457.  484.  856. 1106.  731.  465.  391.  282.  173.    5.
473. 459. 564. 735. 868. 602. 515. 413. 311.  10.
419. 654. 780. 846. 853. 661. 455. 242.  40.   0.
 494.  771. 1140.  752.  647.  467.  407.  214.   56.    2.
 479.  492.  604. 1095.  759.  577.  349.  346.  218.   31.
