 455.  544.  536. 1108.  822.  552.  453.  303.  171.    6.
475. 535. 616. 707. 767. 663. 518. 385. 269.  15.
674. 736. 665. 644. 660. 494. 487. 339. 201.  50.
 431.  447.  460.  513.  547.  739. 1262.  551.    0.    0.
 402.  480.  477.  501.  561.  698. 1222.  609.    0.    0.
 452.  477.  425.  509.  552.  715. 1228.  592.    0.    0.
642. 914. 738. 592. 434. 560. 483. 356. 209.  22.
 467.  497.  461.  503.  581.  804. 1208.  429.    0.    0.
 439.  467.  477.  488.  629.  850. 1213.  387.    0.    0.
 451.  447.  460.  532.  571.  708. 1350.  431.    0.    0.
