537. 503. 523. 683. 704. 979. 658. 322.  41.   0.
538. 547. 549. 654. 803. 794. 681. 282. 102.   0.
633. 590. 594. 841. 766. 665. 521. 268.  72.   0.
919. 842. 707. 610. 534. 492. 398. 301. 134.  13.
 526. 1033.  814.  619.  596.  432.  408.  273.  164.   85.
359. 508. 472. 542. 491. 882. 972. 575. 137.  12.
 335.  516.  428.  507.  494.  704. 1081.  721.  140.   24.
452. 474. 518. 667. 772. 836. 597. 546.  88.   0.
563. 514. 489. 513. 726. 926. 710. 413.  96.   0.
534. 468. 512. 617. 750. 970. 682. 339.  78.   0.
582. 665. 717. 688. 741. 441. 448. 343. 271.  54.
465. 562. 922. 731. 653. 594. 519. 315. 174.  15.
 680. 1011.  819.  527.  510.  545.  502.  246.  101.    9.
907. 815. 732. 601. 542. 463. 373. 287. 173.  57.
966. 879. 709. 572. 559. 447. 450. 215. 126.  27.
874. 817. 698. 627. 537. 449. 353. 296. 199. 100.
 586.  403.  450.  282.  344.  221. 1753.  549.  305.   57.
556. 607. 759. 959. 708. 504. 291. 248. 252.  66.
 437.  491.  536.  640.  660. 1068.  767.  249.   99.    3.
484. 655. 852. 990. 777. 497. 399. 211.  85.   0.
967. 825. 729. 674. 628. 390. 312. 232. 158.  35.
483. 514. 674. 660. 774. 847. 912.  86.   0.   0.
473. 568. 548. 759. 673. 903. 930.  96.   0.   0.
 463. 1096.  820.  732.  577.  443.  369.  287.  145.   18.
599. 964. 754. 598. 516. 461. 450. 322. 232.  54.
891. 853. 765. 694. 549. 447. 327. 189. 149.  86.
706. 971. 772. 504. 444. 490. 529. 337. 187.  10.
556. 535. 699. 536. 766. 591. 463. 435. 287.  82.
373. 414. 397. 430. 487. 771. 720. 479. 711. 168.
921. 870. 741. 654. 560. 432. 356. 241. 139.  36.
934. 837. 689. 569. 502. 461. 407. 295. 198.  58.
948. 874. 749. 688. 560. 446. 295. 235. 120.  35.
939. 849. 775. 644. 539. 454. 357. 225. 113.  55.
952. 831. 726. 690. 553. 423. 332. 274. 139.  30.
895. 828. 591. 502. 489. 453. 452. 394. 207. 139.
989. 872. 816. 669. 571. 410. 326. 195.  89.  13.
952. 806. 642. 608. 511. 488. 393. 306. 196.  48.
919. 794. 794. 675. 497. 480. 359. 208. 174.  50.
942. 878. 716. 686. 560. 454. 308. 227. 130.  49.
890. 802. 687. 625. 468. 497. 375. 320. 192.  94.
924. 837. 679. 624. 546. 455. 405. 260. 167.  53.
954. 828. 737. 641. 536. 427. 408. 266. 122.  31.
947. 792. 705. 679. 605. 422. 300. 274. 173.  53.
958. 788. 777. 655. 504. 476. 374. 224. 161.  33.
904. 800. 702. 633. 526. 429. 405. 296. 174.  81.
1018.  768.  835.  735.  536.  427.  294.  171.  123.   43.
937. 842. 742. 534. 567. 464. 424. 259. 139.  42.
931. 904. 800. 678. 549. 442. 316. 190. 112.  28.
900. 819. 720. 634. 537. 471. 351. 285. 179.  54.
924. 937. 807. 706. 532. 431. 311. 178.  86.  38.
967. 891. 767. 683. 559. 434. 328. 214.  93.  14.
953. 814. 715. 725. 548. 398. 343. 295. 145.  14.
957. 823. 782. 721. 530. 412. 327. 230. 121.  47.
959. 860. 816. 707. 526. 444. 314. 169. 100.  55.
986. 779. 693. 593. 476. 532. 407. 308. 143.  33.
599. 550. 668. 561. 692. 675. 915. 265.  25.   0.
948. 792. 663. 595. 548. 420. 382. 346. 186.  70.
927. 819. 725. 603. 513. 454. 385. 271. 201.  52.
697. 689. 595. 532. 530. 592. 518. 437. 287.  73.
859. 821. 698. 641. 519. 446. 386. 268. 233.  79.
853. 850. 606. 569. 507. 435. 423. 373. 261.  73.
770. 910. 656. 556. 476. 456. 407. 348. 290.  81.
862. 889. 725. 626. 572. 420. 355. 315. 155.  31.
843. 861. 748. 613. 591. 414. 379. 266. 161.  74.
854. 831. 724. 741. 522. 488. 309. 250. 148.  83.
