464. 607. 572. 687. 852. 909. 624. 230.   5.   0.
 450.  453.  497.  504.  564.  722. 1287.  473.    0.    0.
464. 546. 682. 728. 909. 798. 657. 162.   4.   0.
 393.  387.  389.  442.  462.  527.  609. 1267.  438.   36.
472. 579. 720. 899. 670. 534. 487. 397. 189.   3.
 496.  655. 1040.  696.  625.  430.  416.  334.  256.    2.
400. 637. 678. 670. 739. 687. 530. 387. 211.  11.
 556. 1030.  851.  714.  619.  477.  367.  219.  102.   15.
 544.  583. 1046. 1192.  776.  459.  250.   92.    8.    0.
436. 506. 804. 928. 682. 519. 389. 313. 251. 122.
 352.  366.  364.  369.  412.  450.  506.  658. 1313.  160.
 332.  356.  369.  410.  400.  451.  513.  686. 1318.  115.
 348.  338.  381.  408.  419.  451.  521.  652. 1327.  105.
 425.  436.  488.  535.  576.  705. 1249.  536.    0.    0.
 345.  335.  370.  353.  457.  442.  518.  651. 1324.  155.
853. 809. 749. 671. 543. 489. 367. 245. 145.  79.
 444.  446.  481.  511.  592.  707. 1328.  441.    0.    0.
 421.  452.  504.  517.  587.  718. 1309.  442.    0.    0.
596. 855. 875. 679. 575. 568. 434. 239. 110.  19.
528. 759. 938. 729. 693. 489. 361. 232. 142.  79.
426. 468. 493. 548. 542. 623. 974. 876.   0.   0.
 452.  489.  495.  510.  569.  705. 1106.  624.    0.    0.
382. 429. 485. 440. 559. 995. 672. 767. 221.   0.
415. 446. 475. 522. 570. 879. 679. 851. 113.   0.
383. 516. 567. 710. 984. 728. 699. 328.  35.   0.
434. 552. 627. 826. 913. 692. 659. 234.  13.   0.
408. 792. 982. 610. 600. 488. 431. 381. 160.  98.
425. 803. 827. 706. 642. 513. 508. 313. 180.  33.
 457.  442.  463.  498.  601.  912. 1118.  459.    0.    0.
 442.  444.  466.  525.  615.  785. 1147.  526.    0.    0.
 476.  629. 1024.  722.  591.  504.  330.  285.  257.  132.
 571.  602. 1193.  660.  619.  533.  364.  219.  122.   67.
 474.  630. 1033.  622.  557.  488.  469.  351.  230.   96.
 475.  605. 1123.  756.  550.  533.  385.  249.  232.   42.
 444.  464.  498.  533.  576.  758. 1092.  585.    0.    0.
 444.  492.  475.  561.  628.  837. 1208.  305.    0.    0.
 486.  440.  518.  469.  668. 1226.  674.  469.    0.    0.
 455.  432.  517.  542.  713. 1035.  732.  524.    0.    0.
 416.  501.  730. 1100.  767.  694.  422.  264.   56.    0.
436. 503. 832. 870. 679. 591. 511. 423. 105.   0.
 520.  530.  584. 1052.  916.  526.  456.  255.  111.    0.
 494.  581.  608. 1147.  763.  628.  478.  204.   47.    0.
 461.  445.  621. 1150.  717.  575.  375.  321.  275.   10.
444. 508. 674. 942. 586. 608. 509. 454. 215.  10.
875. 818. 803. 678. 501. 501. 344. 221. 153.  56.
 937. 1000.  814.  681.  579.  427.  297.  148.   51.   16.
488. 514. 954. 880. 698. 677. 594. 143.   2.   0.
 419.  429.  924. 1008.  680.  557.  678.  234.   21.    0.
 463.  788. 1010.  780.  640.  436.  340.  270.  177.   46.
503. 808. 967. 633. 544. 458. 421. 279. 239.  98.
 355.  437.  434.  459.  471.  581. 1001.  899.  291.   22.
