342. 386. 416. 462. 504. 523. 962. 877. 389.  89.
288. 530. 649. 812. 976. 665. 566. 331. 110.  23.
240. 490. 697. 861. 818. 704. 560. 349. 204.  27.
242. 642. 682. 959. 854. 650. 569. 350.   2.   0.
392. 840. 771. 742. 686. 617. 523. 352.  27.   0.
 233.  633.  740. 1008.  925.  573.  455.  256.  115.   12.
285. 654. 636. 741. 841. 996. 555. 242.   0.   0.
264. 648. 594. 684. 825. 970. 625. 340.   0.   0.
242. 613. 784. 886. 776. 769. 470. 316.  86.   8.
 437.  452. 1048.  660.  496.  459.  446.  334.  291.  327.
 424.  515. 1071.  702.  622.  537.  417.  301.  251.  110.
432. 446. 444. 900. 688. 573. 386. 270. 383. 428.
 382.  396.  417.  432.  449.  446. 1030.  948.  330.  120.
450. 537. 914. 781. 591. 571. 453. 396. 233.  24.
 471.  616. 1139.  702.  555.  484.  394.  336.  176.   77.
 440.  476.  484.  501.  572.  703. 1362.  412.    0.    0.
870. 787. 747. 726. 605. 484. 369. 206. 104.  52.
 439.  463.  491.  517.  607.  712. 1356.  365.    0.    0.
 445.  480.  480.  537.  583.  742. 1274.  409.    0.    0.
216. 536. 790. 787. 958. 658. 527. 315. 123.  40.
234. 546. 697. 947. 851. 651. 556. 309. 152.   7.
239. 581. 773. 901. 877. 674. 560. 252.  90.   3.
