489. 475. 523. 564. 682. 949. 713. 423. 132.   0.
471. 444. 533. 577. 678. 897. 686. 476. 188.   0.
 434.  466.  475.  583.  752. 1154.  660.  378.   48.    0.
 436.  441.  520.  562.  734. 1074.  643.  410.  130.    0.
 438.  476.  483.  501.  576.  854. 1142.  480.    0.    0.
522. 933. 889. 723. 573. 477. 370. 273. 149.  41.
 594.  680.  651. 1030.  815.  541.  303.  204.  102.   30.
 650.  619.  759. 1119.  688.  496.  293.  197.  117.   12.
 487.  639.  713. 1075.  978.  579.  285.  174.   20.    0.
 490.  563.  714.  815. 1034.  721.  355.  239.   19.    0.
 476.  470.  444.  511.  595.  718. 1396.  340.    0.    0.
 458.  465.  478.  549.  557.  735. 1334.  374.    0.    0.
 486.  468.  507.  514.  549.  731. 1256.  439.    0.    0.
 444.  449.  457.  503.  611.  753. 1220.  513.    0.    0.
 442.  453.  456.  505.  592.  747. 1307.  448.    0.    0.
 422.  450.  492.  495.  609.  708. 1315.  459.    0.    0.
