461. 636. 540. 913. 747. 549. 403. 448. 241.  12.
687. 661. 628. 608. 617. 627. 643. 424.  55.   0.
912. 882. 747. 669. 525. 459. 331. 253. 136.  36.
 472.  794. 1211. 1109.  835.  389.   93.   40.    7.    0.
 518.  738. 1314. 1119.  680.  417.   97.   57.   10.    0.
774. 643. 502. 504. 583. 633. 642. 529. 140.   0.
730. 723. 703. 687. 661. 617. 501. 271.  57.   0.
777. 671. 680. 684. 598. 590. 558. 363.  29.   0.
825. 787. 730. 670. 606. 434. 342. 213. 214. 129.
515. 831. 935. 828. 643. 528. 381. 190.  81.  18.
534. 558. 593. 854. 721. 504. 578. 387. 221.   0.
544. 641. 684. 654. 587. 522. 523. 468. 285.  42.
499. 817. 957. 767. 650. 470. 399. 274. 101.  16.
 497.  727. 1003.  572.  490.  486.  448.  393.  332.    2.
 543. 1042. 1113.  799.  636.  368.  205.  136.   84.   24.
517. 899. 868. 675. 571. 472. 407. 292. 182.  67.
450. 666. 937. 863. 610. 493. 350. 325. 238.  18.
548. 867. 803. 774. 719. 416. 280. 252. 219.  72.
 491. 1015.  830.  694.  599.  433.  409.  304.  149.   26.
482. 687. 774. 692. 447. 451. 529. 531. 329.  28.
528. 753. 889. 638. 593. 433. 432. 345. 260.  79.
 500.  612. 1053.  794.  690.  448.  382.  248.  184.   39.
473. 512. 923. 675. 499. 520. 455. 447. 321. 125.
 497.  810. 1068.  755.  511.  545.  351.  249.  141.   23.
505. 936. 820. 570. 565. 475. 442. 353. 205.  79.
887. 697. 675. 648. 702. 431. 327. 150. 255. 178.
504. 737. 888. 917. 596. 531. 403. 210. 143.  21.
577. 543. 703. 791. 569. 518. 539. 448. 262.   0.
486. 606. 747. 845. 661. 480. 492. 447. 169.  17.
622. 764. 795. 593. 563. 536. 588. 331. 152.   6.
 500.  697. 1006.  709.  597.  476.  373.  280.  290.   22.
453. 858. 998. 752. 587. 445. 385. 297. 132.  43.
545. 998. 848. 656. 565. 517. 388. 287. 119.  27.
 438.  704. 1026.  823.  590.  490.  401.  287.  153.   38.
 496.  831. 1002.  754.  582.  473.  351.  238.  172.   51.
536. 920. 996. 784. 589. 436. 355. 152. 154.  28.
476. 604. 939. 971. 596. 511. 365. 306. 169.  13.
 499.  835. 1070.  777.  641.  422.  317.  231.  122.   36.
 505.  587. 1099.  861.  605.  510.  377.  241.  144.   21.
488. 467. 958. 867. 748. 462. 353. 340. 251.  16.
524. 769. 953. 622. 530. 467. 429. 350. 217.  89.
553. 907. 927. 775. 530. 484. 421. 196. 100.  57.
702. 722. 641. 622. 609. 623. 599. 361.  71.   0.
705. 679. 648. 652. 647. 632. 533. 354. 100.   0.
675. 664. 648. 587. 608. 623. 612. 424. 109.   0.
