783. 835. 768. 732. 612. 470. 380. 234.  80.  56.
820. 710. 661. 588. 529. 567. 418. 394. 247.  16.
747. 773. 716. 647. 563. 518. 452. 314. 169.  51.
710. 813. 616. 563. 560. 516. 500. 426. 205.  41.
762. 779. 707. 640. 581. 533. 395. 314. 181.  58.
759. 769. 668. 652. 569. 607. 427. 231. 192.  76.
741. 811. 712. 664. 618. 545. 407. 298. 127.  27.
721. 758. 738. 666. 573. 522. 422. 306. 194.  50.
734. 763. 609. 615. 555. 575. 429. 369. 245.  56.
765. 794. 671. 619. 554. 551. 491. 341. 135.  29.
759. 784. 700. 636. 612. 575. 410. 281. 154.  39.
797. 722. 709. 665. 638. 524. 367. 284. 223.  21.
813. 717. 703. 595. 579. 523. 418. 363. 200.  39.
753. 749. 670. 558. 563. 503. 463. 419. 240.  32.
748. 741. 622. 656. 633. 594. 379. 247. 270.  60.
744. 746. 782. 665. 590. 558. 378. 262. 188.  37.
748. 811. 728. 619. 588. 525. 437. 297. 159.  38.
769. 762. 742. 674. 642. 501. 439. 265. 124.  32.
813. 830. 773. 652. 621. 483. 316. 237. 180.  45.
813. 826. 720. 587. 510. 524. 425. 343. 170.  32.
698. 734. 641. 593. 588. 546. 407. 413. 276.  54.
719. 759. 645. 578. 542. 519. 484. 391. 250.  63.
741. 759. 618. 563. 501. 518. 476. 392. 304.  78.
796. 815. 748. 667. 612. 520. 354. 252. 175.  11.
787. 819. 675. 604. 545. 569. 466. 340. 139.   6.
729. 777. 717. 591. 557. 495. 451. 358. 212.  63.
779. 726. 594. 508. 546. 529. 471. 515. 247.  35.
733. 764. 726. 637. 634. 556. 404. 256. 185.  55.
727. 718. 608. 631. 561. 491. 526. 331. 314.  43.
714. 791. 657. 654. 553. 543. 414. 376. 200.  48.
741. 786. 703. 678. 635. 528. 375. 274. 189.  41.
762. 751. 772. 664. 633. 508. 367. 263. 189.  41.
