 447.  801. 1082. 1155.  702.  470.  202.   89.    2.    0.
 452.  455.  469.  526.  589.  726. 1389.  344.    0.    0.
 490.  474. 1049.  928.  555.  502.  463.  203.  224.   62.
841. 783. 720. 624. 505. 505. 386. 273. 234.  79.
695. 934. 739. 702. 614. 436. 300. 262. 198.  70.
355. 575. 594. 633. 824. 998. 815. 156.   0.   0.
391. 461. 434. 430. 477. 894. 507. 517. 654. 185.
285. 658. 718. 744. 849. 739. 609. 300.  48.   0.
347. 551. 614. 913. 989. 625. 455. 332. 124.   0.
 299.  800. 1012. 1015.  807.  596.  297.  120.    4.    0.
366. 903. 832. 917. 786. 418. 369. 304.  55.   0.
 428.  476.  458.  560.  571.  685. 1177.  595.    0.    0.
 437.  436.  483.  484.  633.  731. 1339.  407.    0.    0.
 427.  450.  498.  524.  596.  732. 1306.  417.    0.    0.
343. 768. 880. 856. 700. 561. 488. 232. 122.   0.
271. 534. 751. 939. 786. 734. 414. 323. 189.   9.
253. 586. 799. 908. 789. 743. 467. 282. 123.   0.
274. 611. 786. 805. 582. 631. 361. 508. 301.  91.
261. 631. 815. 947. 839. 776. 367. 191.  99.  24.
292. 728. 793. 904. 837. 535. 461. 258. 142.   0.
292. 697. 733. 795. 756. 705. 595. 300.  77.   0.
257. 524. 808. 912. 680. 741. 512. 331. 153.  32.
285. 604. 703. 863. 699. 719. 525. 336. 198.  18.
414. 736. 634. 775. 545. 580. 434. 510. 298.  24.
305. 599. 824. 725. 779. 487. 368. 455. 339.  69.
