379. 441. 495. 695. 918. 572. 469. 363. 310. 308.
446. 650. 876. 590. 518. 460. 395. 340. 381. 294.
488. 613. 746. 856. 713. 624. 498. 312.  98.   2.
 426.  547. 1113.  780.  621.  484.  390.  268.  204.  117.
494. 572. 639. 886. 786. 621. 504. 324. 113.  11.
473. 956. 672. 709. 625. 463. 304. 297. 291. 160.
350. 385. 409. 493. 543. 535. 982. 717. 436. 100.
 512. 1072.  811.  659.  584.  483.  323.  245.  123.  138.
392. 409. 447. 722. 894. 678. 380. 313. 323. 392.
 437.  582. 1124.  708.  602.  460.  414.  284.  209.  130.
548. 558. 630. 776. 656. 528. 502. 467. 281.   4.
 466.  550. 1000.  628.  421.  465.  504.  357.  318.  241.
474. 560. 673. 906. 826. 585. 454. 361. 103.   8.
459. 922. 748. 591. 582. 444. 392. 336. 279. 197.
387. 430. 435. 435. 446. 455. 793. 893. 566. 110.
 486. 1057.  773.  634.  546.  445.  381.  319.  164.  145.
