475. 938. 999. 707. 549. 526. 318. 277. 161.   0.
822. 867. 700. 698. 546. 461. 365. 302. 155.  34.
856. 830. 702. 678. 624. 439. 332. 262. 176.  51.
 474.  804. 1140.  805.  610.  475.  330.  189.   95.   28.
 450.  795. 1021.  843.  672.  463.  298.  257.  144.    7.
712. 825. 686. 612. 553. 509. 392. 320. 214. 127.
548. 956. 935. 832. 550. 436. 369. 209. 115.   0.
687. 708. 698. 614. 578. 668. 564. 358.  75.   0.
514. 779. 958. 738. 600. 499. 354. 281. 171.  56.
 465.  526. 1029.  827.  601.  475.  404.  333.  240.   50.
436. 558. 843. 898. 649. 492. 430. 365. 233.  46.
439. 569. 710. 997. 679. 501. 416. 407. 197.  35.
 431.  512.  799. 1044.  666.  516.  399.  325.  208.   50.
456. 491. 874. 934. 582. 603. 484. 368. 132.  26.
 462.  537.  695. 1015.  730.  543.  366.  340.  191.   71.
 467.  508.  853. 1044.  714.  539.  325.  325.  150.   25.
 511.  492. 1063.  858.  638.  484.  393.  277.  160.   74.
 485.  531. 1077.  747.  624.  490.  425.  286.  234.   51.
522. 710. 890. 588. 601. 451. 416. 351. 296. 125.
553. 807. 974. 638. 513. 503. 412. 311. 173.  66.
