889. 824. 728. 629. 582. 426. 342. 281. 151.  98.
919. 770. 702. 568. 487. 509. 388. 313. 212.  82.
953. 864. 697. 622. 533. 488. 386. 242. 147.  18.
935. 750. 712. 578. 508. 475. 380. 314. 236.  62.
892. 831. 693. 621. 561. 428. 380. 303. 174.  67.
965. 916. 802. 711. 547. 410. 298. 191.  84.  26.
982. 921. 782. 638. 516. 454. 281. 243. 115.  18.
908. 797. 687. 575. 488. 486. 405. 312. 206.  86.
944. 753. 665. 587. 468. 460. 461. 328. 202.  82.
937. 880. 754. 636. 544. 466. 360. 226. 120.  27.
955. 855. 770. 678. 570. 446. 322. 198. 124.  32.
912. 809. 626. 561. 509. 460. 402. 375. 212.  84.
 535.  536.  563.  653.  630.  867. 1002.  164.    0.    0.
436. 580. 594. 923. 788. 849. 698.  82.   0.   0.
451. 550. 691. 816. 911. 795. 650.  86.   0.   0.
495. 528. 714. 648. 777. 871. 859.  58.   0.   0.
 436.  496.  492.  583.  584. 1229.  830.  296.    4.    0.
 453.  488.  504.  606.  622. 1237.  804.  229.    7.    0.
4.800e+02 6.170e+02 5.940e+02 6.990e+02 7.870e+02 1.505e+03 2.670e+02
 1.000e+00 0.000e+00 0.000e+00
 623. 1240. 1443.  960.  459.  188.   37.    0.    0.    0.
 425.  480.  503.  535.  623.  831. 1441.  112.    0.    0.
 475.  463.  483.  506.  610.  888. 1416.  109.    0.    0.
