444. 626. 874. 811. 572. 654. 439. 367. 163.   0.
 547.  827. 1008.  741.  553.  420.  398.  230.  166.   60.
 507.  749. 1054.  810.  622.  454.  336.  236.  150.   32.
778. 876. 721. 587. 523. 476. 416. 346. 183.  44.
487. 702. 747. 862. 559. 571. 439. 334. 200.  49.
863. 906. 786. 651. 571. 451. 342. 242. 120.  18.
733. 975. 811. 695. 615. 479. 335. 194.  87.  26.
865. 970. 771. 657. 557. 575. 368. 151.  34.   2.
898. 757. 716. 584. 565. 433. 386. 348. 209.  54.
 530.  754. 1060.  859.  609.  438.  359.  187.  104.   50.
455. 502. 777. 991. 581. 485. 515. 377. 240.  27.
400. 529. 714. 979. 700. 477. 470. 257. 387.  37.
