 426.  462.  460.  519.  575.  743. 1324.  441.    0.    0.
414. 790. 703. 851. 931. 518. 298. 240. 154.  51.
284. 613. 686. 773. 816. 807. 479. 275. 136.  81.
386. 675. 919. 913. 799. 544. 298. 231. 171.  14.
358. 431. 424. 410. 457. 879. 619. 537. 667. 168.
 335.  404.  430.  432.  482.  495.  761. 1077.  401.  133.
 473.  777. 1026.  684.  619.  457.  398.  306.  162.   48.
 502.  495.  954. 1028.  633.  611.  352.  308.   67.    0.
 467.  530.  615.  888. 1085.  597.  421.  294.   53.    0.
 518.  533.  573.  642.  888. 1061.  684.   51.    0.    0.
472. 555. 541. 701. 882. 910. 878.  11.   0.   0.
 384.  365.  450.  438.  557. 1012.  680.  398.  544.  122.
386. 402. 433. 515. 872. 590. 447. 422. 392. 491.
 379.  383.  442.  487.  449. 1032.  578.  504.  584.  112.
 488.  762. 1027.  662.  583.  490.  412.  285.  180.   61.
 480.  512.  652. 1212.  881.  520.  273.  254.  166.    0.
470. 545. 741. 882. 925. 603. 416. 304.  64.   0.
 499.  547.  572.  630.  810. 1088.  804.    0.    0.    0.
477. 560. 605. 676. 884. 925. 816.   7.   0.   0.
 367.  420.  425.  437.  459.  516.  668. 1176.  409.   73.
 359.  368.  412.  516.  471.  533.  639. 1199.  323.  130.
 383.  384.  463.  382.  419.  562.  775. 1050.  453.   79.
 472.  784. 1036.  713.  570.  516.  400.  256.  160.   43.
501. 555. 743. 873. 750. 525. 433. 333. 237.   0.
 468.  515.  613.  800. 1027.  603.  459.  377.   88.    0.
484. 546. 504. 644. 799. 999. 902.  72.   0.   0.
 547.  589.  569.  634. 1062. 1091.  449.    9.    0.    0.
 354.  400.  422.  453.  539.  549.  754. 1142.  301.   36.
 386.  391.  426.  436.  475.  445.  729. 1098.  428.  136.
 388.  376.  402.  510.  532.  434.  714. 1195.  333.   66.
