912. 901. 838. 651. 602. 402. 303. 172. 118.  51.
352. 387. 429. 435. 460. 830. 736. 529. 625. 167.
386. 455. 501. 717. 836. 573. 503. 336. 578.  65.
464. 934. 799. 592. 529. 459. 409. 348. 203. 213.
390. 441. 483. 895. 990. 574. 366. 362. 385.  64.
862. 835. 734. 607. 574. 449. 335. 274. 200.  80.
436. 985. 805. 680. 584. 481. 426. 347. 174.  32.
545. 836. 801. 731. 599. 374. 412. 349. 250.  53.
416. 419. 460. 742. 684. 615. 537. 465. 548.  64.
434. 439. 688. 951. 558. 499. 489. 410. 250. 232.
371. 445. 539. 817. 949. 533. 433. 401. 430.  32.
857. 845. 730. 636. 511. 453. 405. 257. 164.  92.
440. 986. 780. 742. 512. 430. 474. 395. 172.  19.
510. 996. 913. 755. 566. 479. 388. 258.  79.   6.
365. 538. 655. 700. 848. 618. 482. 434. 288.  22.
500. 580. 651. 847. 946. 610. 398. 314.  99.   5.
411. 438. 510. 797. 772. 477. 538. 381. 523. 103.
865. 794. 676. 626. 565. 438. 348. 308. 204. 126.
482. 955. 804. 701. 635. 415. 385. 295. 252.  26.
442. 972. 968. 828. 616. 533. 280. 230.  58.  23.
