 411.  487.  509.  539.  642.  874. 1023.  401.   64.    0.
585. 950. 709. 495. 472. 420. 439. 384. 316. 180.
433. 815. 947. 713. 555. 490. 438. 343. 197.  19.
476. 520. 678. 688. 770. 855. 750. 213.   0.   0.
866. 763. 627. 569. 412. 556. 541. 347. 204.  65.
866. 773. 657. 658. 615. 495. 362. 253. 216.  55.
829. 678. 575. 550. 487. 487. 412. 412. 373. 147.
740. 749. 666. 585. 535. 526. 524. 416. 200.   9.
492. 495. 485. 516. 648. 992. 855. 467.   0.   0.
 652.  773.  479.  454.  755. 1117.  614.  106.    0.    0.
433. 475. 501. 604. 870. 896. 623. 379. 169.   0.
 451.  438.  484.  594.  861. 1029.  569.  323.  201.    0.
569. 896. 803. 657. 602. 526. 405. 269. 162.  61.
 563. 1117.  835.  804.  592.  443.  318.  201.   73.    4.
446. 486. 466. 607. 928. 804. 669. 382. 162.   0.
450. 441. 519. 603. 751. 907. 641. 445. 193.   0.
673. 651. 615. 623. 983. 720. 555. 109.  21.   0.
878. 869. 690. 564. 497. 494. 427. 307. 161.  63.
756. 820. 752. 697. 632. 537. 438. 241.  74.   3.
791. 734. 673. 623. 590. 568. 519. 344. 106.   2.
816. 779. 677. 644. 580. 539. 438. 323. 145.   9.
485. 618. 783. 759. 575. 551. 516. 385. 260.  18.
416. 560. 636. 572. 750. 981. 692. 343.   0.   0.
 481.  542.  661.  570.  730. 1008.  753.  205.    0.    0.
494. 548. 568. 967. 683. 562. 392. 274. 352. 110.
 475.  684.  870. 1257.  922.  545.  190.    7.    0.    0.
 475.  621.  755. 1180.  993.  659.  261.    6.    0.    0.
 499.  717.  814. 1243.  991.  524.  156.    6.    0.    0.
393. 419. 408. 454. 496. 519. 960. 910. 324.  67.
437. 457. 490. 598. 879. 996. 585. 349. 159.   0.
460. 477. 526. 536. 778. 944. 527. 430. 272.   0.
458. 459. 520. 580. 769. 971. 575. 431. 187.   0.
443. 454. 521. 594. 837. 939. 613. 417. 132.   0.
422. 460. 538. 613. 817. 867. 645. 431. 157.   0.
463. 502. 531. 612. 762. 678. 645. 519. 238.   0.
 445.  482.  500.  527.  975. 1117.  460.  322.  122.    0.
453. 485. 468. 595. 769. 984. 517. 513. 166.   0.
