500. 819. 792. 539. 495. 428. 444. 432. 375. 126.
 432.  457.  453.  521.  592.  708. 1347.  440.    0.    0.
 370.  834.  967. 1186.  983.  413.  184.   13.    0.    0.
974. 875. 778. 686. 558. 420. 342. 217.  90.  10.
917. 877. 749. 640. 533. 505. 313. 228. 151.  37.
 481.  479.  466.  540.  547.  734. 1250.  453.    0.    0.
 399.  731.  843. 1048. 1011.  700.  218.    0.    0.    0.
463. 534. 672. 749. 803. 724. 672. 256.  77.   0.
252. 615. 881. 964. 867. 711. 442. 210.   8.   0.
398. 406. 464. 504. 932. 585. 491. 423. 363. 384.
888. 885. 727. 555. 499. 468. 383. 294. 176.  75.
398. 447. 508. 951. 660. 486. 465. 302. 375. 358.
735. 892. 704. 622. 602. 438. 344. 276. 230. 107.
463. 810. 827. 637. 534. 501. 404. 323. 264. 187.
396. 432. 452. 938. 672. 583. 339. 353. 362. 423.
493. 674. 854. 967. 591. 508. 409. 247. 189.  18.
 511.  472.  600.  721.  770. 1295.  525.   56.    0.    0.
 464.  532.  625.  569.  856. 1095.  642.  167.    0.    0.
 434.  610.  769.  869. 1022.  772.  454.   20.    0.    0.
466. 629. 929. 928. 646. 461. 418. 303. 167.   3.
549. 628. 900. 686. 541. 499. 508. 359. 222.  58.
686. 933. 732. 615. 517. 498. 424. 326. 177.  42.
 440.  462.  482.  512.  604.  727. 1324.  399.    0.    0.
 429.  461.  480.  518.  592.  732. 1247.  491.    0.    0.
676. 669. 613. 592. 600. 510. 474. 401. 370.  45.
683. 678. 574. 539. 493. 441. 492. 533. 457.  60.
741. 654. 576. 571. 469. 439. 552. 504. 422.  22.
731. 680. 584. 577. 626. 589. 417. 341. 386.  19.
688. 684. 567. 518. 479. 467. 445. 504. 523.  75.
719. 699. 675. 652. 532. 539. 430. 421. 247.  36.
766. 631. 567. 547. 490. 482. 398. 467. 531.  71.
445. 818. 799. 921. 780. 555. 381. 226.  25.   0.
 283.  708.  624.  858. 1007.  735.  426.  183.   87.   39.
246. 608. 718. 922. 820. 768. 602. 266.   0.   0.
401. 727. 801. 649. 426. 403. 380. 386. 477. 300.
 277.  661.  569.  606.  660. 1023.  767.  306.   76.    5.
370. 796. 803. 730. 646. 590. 503. 286. 174.  52.
241. 628. 819. 975. 844. 717. 555. 171.   0.   0.
381. 949. 891. 764. 618. 538. 376. 273. 130.  30.
256. 608. 554. 562. 587. 934. 786. 474. 181.   8.
 265.  614.  776. 1069.  882.  632.  494.  216.    2.    0.
438. 881. 875. 823. 555. 679. 449. 171.  73.   6.
260. 646. 668. 722. 905. 989. 534. 217.   9.   0.
468. 543. 855. 865. 896. 848. 376.  99.   0.   0.
 389.  733.  853. 1066.  960.  741.  203.    5.    0.    0.
 285.  751.  652.  888. 1159.  806.  231.  131.   47.    0.
180. 627. 832. 874. 806. 724. 563. 277.  59.   8.
 362.  599.  905.  832. 1085.  820.  259.   88.    0.    0.
308. 391. 831. 656. 790. 924. 688. 255. 107.   0.
