932. 856. 705. 566. 533. 462. 396. 281. 146.  73.
962. 859. 714. 597. 515. 454. 369. 285. 163.  32.
952. 845. 789. 650. 532. 479. 334. 230. 106.  33.
908. 769. 664. 681. 576. 433. 376. 329. 169.  45.
856. 763. 684. 561. 520. 459. 408. 386. 235.  78.
 454.  492.  918. 1022.  646.  547.  483.  266.  122.    0.
 477.  461.  815. 1138.  733.  507.  347.  227.  245.    0.
 452.  550.  811. 1052.  706.  462.  421.  448.   48.    0.
 448.  623.  805. 1008.  716.  510.  472.  352.   16.    0.
448. 512. 766. 951. 600. 547. 491. 439. 196.   0.
 454.  458.  872. 1031.  708.  513.  383.  388.  143.    0.
 534. 1003.  800.  646.  596.  392.  408.  310.  258.    3.
525. 951. 741. 699. 644. 432. 297. 351. 295.  15.
