 457.  451.  482.  509.  577.  782. 1160.  532.    0.    0.
523. 977. 901. 743. 664. 409. 307. 252. 146.  28.
 427.  452.  492.  489.  728. 1108.  614.  369.  271.    0.
511. 634. 763. 735. 653. 615. 523. 338. 178.   0.
496. 919. 805. 554. 496. 554. 496. 414. 184.  32.
432. 524. 974. 752. 653. 610. 462. 328. 205.  10.
 413.  470.  477.  513.  558.  739. 1324.  456.    0.    0.
 396.  483.  481.  518.  575.  741. 1161.  595.    0.    0.
 338.  619.  557.  730.  838. 1059.  664.  145.    0.    0.
 321.  418.  837.  806.  667. 1094.  290.  517.    0.    0.
