 426.  809. 1024.  918.  682.  570.  275.  185.   61.    0.
 492.  918. 1201.  878.  662.  423.  216.  118.   42.    0.
441. 516. 700. 741. 837. 690. 437. 474. 114.   0.
 664.  920. 1128. 1041.  657.  331.  112.   75.   22.    0.
 711. 1029. 1121.  985.  569.  301.  151.   76.    7.    0.
400. 441. 957. 729. 622. 500. 379. 420. 224. 278.
269. 575. 755. 833. 821. 815. 583. 294.   5.   0.
265. 638. 662. 834. 686. 663. 662. 227. 294.  19.
265. 552. 790. 969. 674. 831. 487. 157. 217.   8.
308. 550. 676. 698. 871. 624. 671. 364. 148.  40.
440. 490. 663. 650. 850. 739. 905. 213.   0.   0.
494. 570. 711. 689. 745. 839. 813.  89.   0.   0.
