475. 518. 627. 991. 750. 875. 651.  63.   0.   0.
756. 912. 737. 661. 533. 454. 333. 264. 199. 101.
635. 980. 766. 595. 571. 457. 430. 295. 178.  43.
 428.  526.  511.  700.  745. 1188.  467.  214.  129.   42.
585. 680. 688. 828. 636. 516. 433. 325. 200.  59.
 590. 1018.  892.  728.  571.  432.  345.  173.  141.   60.
 469.  410.  496.  502.  563.  742. 1349.  419.    0.    0.
731. 751. 636. 664. 723. 711. 484. 207.  43.   0.
959. 837. 777. 690. 589. 425. 272. 244. 114.  43.
929. 843. 779. 681. 551. 447. 319. 232. 139.  30.
1006.  809.  759.  629.  599.  510.  291.  175.  131.   41.
 374.  402.  456.  538. 1026.  654.  479.  363.  304.  354.
 383.  406.  439.  488. 1086.  560.  473.  459.  359.  297.
 389.  423.  438.  424. 1145.  609.  523.  459.  290.  250.
 436.  490.  444.  513.  633.  829. 1105.  500.    0.    0.
704. 662. 720. 590. 697. 641. 630. 254.  52.   0.
923. 787. 743. 684. 535. 466. 308. 228. 197.  79.
932. 935. 818. 716. 527. 420. 288. 172. 106.  36.
407. 436. 486. 707. 719. 548. 459. 388. 309. 491.
