 401.  580.  858. 1329.  927.  255.  426.  174.    0.    0.
494. 934. 861. 690. 627. 469. 373. 273. 171.  58.
 323.  339.  940.  712. 1205.  431.  749.  251.    0.    0.
422. 506. 895. 724. 732. 702. 461. 429.  79.   0.
 468.  456.  503.  530.  576.  715. 1164.  538.    0.    0.
335. 472. 869. 784. 946. 693. 656. 195.   0.   0.
307. 460. 813. 738. 890. 726. 749. 267.   0.   0.
276. 508. 839. 743. 918. 737. 673. 256.   0.   0.
326. 456. 849. 748. 869. 788. 688. 226.   0.   0.
 490.  789. 1098.  746.  671.  544.  366.  165.   81.    0.
 447.  453.  499.  539.  725. 1067.  591.  435.  194.    0.
899. 782. 719. 674. 567. 466. 345. 306. 170.  22.
 580.  863. 1048.  862.  589.  496.  350.  107.   55.    0.
461. 483. 482. 551. 767. 887. 750. 466. 103.   0.
833. 808. 755. 690. 601. 464. 365. 265. 142.  27.
 580.  788. 1220.  833.  614.  487.  266.  101.   61.    0.
436. 480. 499. 555. 772. 928. 642. 431. 207.   0.
880. 745. 694. 643. 617. 443. 421. 300. 171.  36.
 512.  809. 1180.  790.  652.  494.  291.  150.   72.    0.
 447.  463.  510.  567.  766. 1037.  568.  497.   95.    0.
866. 827. 757. 661. 600. 521. 350. 240. 121.   7.
 546.  857. 1081.  851.  629.  457.  325.  127.   77.    0.
 447.  477.  503.  553.  750. 1111.  628.  365.  116.    0.
853. 841. 770. 700. 606. 468. 330. 230. 121.  31.
