428. 875. 741. 675. 605. 517. 428. 432. 249.   0.
 510.  496. 1149.  918.  671.  510.  395.  219.   82.    0.
 522.  863. 1239.  847.  625.  423.  257.  127.   45.    2.
5.530e+02 9.060e+02 1.064e+03 1.075e+03 7.210e+02 3.540e+02 1.620e+02
 8.400e+01 3.000e+01 1.000e+00
 552.  938. 1053. 1156.  777.  328.  130.   16.    0.    0.
443. 654. 809. 958. 930. 667. 337. 136.  16.   0.
 480.  597.  822.  867. 1039.  664.  325.  144.   12.    0.
453. 679. 824. 978. 908. 702. 321.  80.   5.   0.
 451.  882.  940. 1038.  862.  455.  211.   98.   13.    0.
587. 737. 922. 660. 542. 510. 411. 391. 171.  19.
 497.  601. 1144.  841.  648.  508.  350.  198.  133.   30.
 418.  797. 1092. 1086.  833.  458.  209.   57.    0.    0.
5.060e+02 9.530e+02 1.053e+03 1.041e+03 7.220e+02 3.640e+02 1.380e+02
 1.410e+02 3.100e+01 1.000e+00
 720. 1067.  875.  917.  661.  283.  188.  164.   66.    9.
625. 974. 746. 709. 612. 435. 331. 254. 205.  59.
 429.  464.  497.  555.  666. 1218.  648.  440.   33.    0.
857. 797. 663. 572. 516. 467. 436. 327. 234.  81.
873. 761. 674. 542. 568. 425. 395. 338. 269. 105.
 461.  488.  522.  528.  607.  875. 1451.   18.    0.    0.
704. 678. 573. 544. 575. 547. 545. 676. 108.   0.
 510.  494.  485.  538.  615.  821. 1469.   18.    0.    0.
 468.  575.  618.  650.  926. 1223.  485.    5.    0.    0.
3.800e+02 8.080e+02 8.030e+02 1.041e+03 1.073e+03 6.610e+02 1.830e+02
 1.000e+00 0.000e+00 0.000e+00
 406.  475.  474.  556.  569.  716. 1295.  459.    0.    0.
 454.  445.  485.  494.  593.  728. 1322.  429.    0.    0.
 463.  473.  467.  528.  575.  679. 1322.  443.    0.    0.
 462.  433.  504.  491.  546.  758. 1316.  440.    0.    0.
 427.  493.  491.  498.  564.  679. 1315.  483.    0.    0.
 437.  467.  455.  548.  587.  714. 1276.  466.    0.    0.
 447.  473.  474.  512.  606.  699. 1326.  413.    0.    0.
 450.  463.  458.  502.  562.  742. 1345.  428.    0.    0.
 461.  436.  502.  504.  587.  714. 1313.  433.    0.    0.
 398.  478.  475.  524.  559.  747. 1309.  460.    0.    0.
 454.  422.  466.  521.  638.  674. 1362.  413.    0.    0.
 438.  441.  488.  514.  576.  719. 1329.  445.    0.    0.
