 411.  480.  467.  503.  586.  735. 1324.  444.    0.    0.
903. 878. 766. 651. 553. 445. 353. 234. 131.  36.
 468.  471.  448.  514.  618.  725. 1167.  539.    0.    0.
 457.  444.  513.  512.  563.  691. 1311.  459.    0.    0.
 476.  449.  461.  520.  546.  689. 1321.  488.    0.    0.
 404.  472.  476.  521.  577.  728. 1325.  447.    0.    0.
 496.  472.  435.  479.  537.  656. 1377.  498.    0.    0.
 491.  508.  514.  526.  569.  681. 1219.  442.    0.    0.
 433.  476.  505.  530.  557.  698. 1289.  462.    0.    0.
 416.  441.  499.  504.  607.  723. 1309.  451.    0.    0.
