 371.  365.  442.  459.  481.  520. 1007.  883.  331.   91.
 363.  378.  373.  514.  480.  465.  811. 1036.  395.  135.
360. 396. 413. 465. 491. 551. 909. 919. 358.  88.
 425.  491. 1035.  702.  538.  485.  425.  308.  266.  275.
385. 601. 528. 759. 934. 793. 691. 234.  25.   0.
783. 849. 730. 627. 547. 473. 365. 281. 208.  87.
 588.  644.  560.  669.  719. 1541.  227.    2.    0.    0.
5.090e+02 5.500e+02 6.780e+02 6.110e+02 7.870e+02 1.465e+03 3.490e+02
 1.000e+00 0.000e+00 0.000e+00
 536.  590.  608.  658.  774. 1453.  331.    0.    0.    0.
