 336.  399.  415.  454.  495.  514.  699. 1187.  374.   77.
 481.  440.  478.  542.  521.  756. 1339.  393.    0.    0.
 534.  524.  451.  487.  610.  749. 1331.  264.    0.    0.
487. 456. 590. 676. 773. 872. 614. 390.  92.   0.
526. 662. 961. 697. 618. 495. 335. 318. 226. 112.
 419.  495.  540.  592.  771. 1048.  656.  416.   13.    0.
471. 516. 691. 824. 657. 623. 569. 441. 158.   0.
853. 862. 769. 658. 569. 441. 335. 252. 142.  69.
478. 520. 511. 687. 701. 703. 658. 474. 218.   0.
 425.  455.  496.  573.  750. 1067.  552.  426.  206.    0.
 452.  475.  476.  538.  635.  873. 1248.  253.    0.    0.
 513.  829. 1035.  753.  610.  476.  327.  209.  165.   33.
550. 646. 863. 973. 671. 534. 367. 201. 139.   6.
505. 847. 859. 604. 537. 522. 492. 369. 193.  22.
432. 724. 921. 835. 572. 520. 354. 369. 178.  45.
533. 903. 849. 544. 515. 502. 467. 384. 193.  60.
476. 656. 930. 714. 610. 485. 444. 365. 228.  42.
 472.  505.  701. 1085.  759.  528.  441.  277.  169.   13.
471. 538. 962. 817. 642. 562. 385. 329. 141. 103.
479. 694. 892. 796. 681. 445. 381. 238. 290.  54.
 403.  559.  987.  717. 1176.  515.  460.  127.    6.    0.
462. 751. 936. 655. 577. 477. 424. 339. 278.  51.
 417.  602. 1095.  981.  957.  394.  446.   58.    0.    0.
