374. 381. 432. 449. 503. 979. 636. 438. 610. 148.
882. 760. 786. 695. 576. 501. 359. 252. 116.  23.
 453.  473.  554.  622. 1201.  760.  492.  286.  109.    0.
 462.  493.  518.  575. 1162.  750.  407.  306.  277.    0.
502. 927. 843. 784. 589. 482. 280. 269. 240.  34.
 451.  847. 1001.  830.  607.  472.  352.  241.  101.   48.
409. 735. 791. 738. 872. 771. 523. 111.   0.   0.
465. 922. 921. 743. 597. 457. 388. 269. 160.  28.
490. 899. 965. 825. 552. 512. 356. 193. 148.  10.
 491.  534.  636.  609.  864. 1021.  622.  173.    0.    0.
 450.  443.  510.  639. 1076.  724.  510.  295.  303.    0.
 469.  472.  471.  622. 1203.  791.  449.  268.  205.    0.
269. 561. 787. 873. 831. 688. 641. 237.  59.   4.
429. 790. 851. 737. 842. 738. 424. 139.   0.   0.
 367.  856. 1027. 1011.  806.  447.  284.  117.   35.    0.
 453.  794. 1000.  779.  687.  638.  353.  241.    5.    0.
430. 522. 602. 666. 895. 972. 705. 158.   0.   0.
502. 502. 696. 895. 678. 530. 459. 368. 219. 101.
462. 540. 702. 854. 687. 526. 463. 406. 276.  34.
