 483.  461.  516. 1172.  665.  574.  431.  207.  307.  134.
423. 463. 478. 472. 512. 937. 833. 708. 124.   0.
 437.  460.  498.  543.  584.  751. 1332.  345.    0.    0.
678. 730. 690. 644. 622. 577. 480. 345. 184.   0.
 631. 1000.  826.  675.  572.  470.  375.  236.  130.   35.
478. 495. 679. 992. 726. 593. 405. 381. 201.   0.
 476.  515.  485.  685. 1076.  662.  554.  387.  110.    0.
 508.  566.  730. 1162.  730.  519.  295.  246.  166.   28.
 477.  559.  567. 1069.  751.  594.  345.  378.  210.    0.
437. 500. 563. 844. 997. 637. 462. 361. 148.   1.
 486.  495.  669. 1167.  775.  542.  418.  233.  160.    5.
413. 447. 463. 651. 710. 854. 571. 489. 330.  22.
479. 451. 530. 667. 845. 944. 866. 168.   0.   0.
 483.  544.  667.  717. 1005.  732.  358.  271.  173.    0.
 472.  461.  513.  510.  610.  805. 1185.  394.    0.    0.
554. 881. 782. 653. 624. 543. 476. 266. 156.  15.
460. 480. 528. 614. 741. 846. 603. 453. 225.   0.
 464.  448.  471.  559.  575.  734. 1004.  695.    0.    0.
538. 819. 815. 592. 569. 513. 484. 340. 269.  11.
478. 464. 493. 596. 684. 857. 629. 581. 168.   0.
 415.  446.  448.  630. 1064.  806.  488.  439.  184.   30.
455. 471. 553. 704. 975. 643. 480. 376. 280.  13.
 454.  531.  531.  669. 1133.  656.  428.  322.  221.    5.
459. 754. 929. 662. 517. 537. 430. 318. 304.  40.
448. 473. 511. 539. 624. 928. 968. 459.   0.   0.
484. 446. 449. 493. 577. 975. 932. 594.   0.   0.
 508.  583.  906. 1069.  549.  567.  334.  259.  161.   14.
806. 697. 693. 628. 551. 493. 433. 291. 260.  98.
932. 780. 836. 688. 528. 477. 326. 172. 179.  32.
 449.  594.  579.  829. 1045.  840.  401.  151.   62.    0.
781. 744. 701. 654. 586. 538. 389. 331. 226.   0.
922. 697. 741. 642. 489. 520. 337. 282. 247.  73.
977. 806. 659. 524. 539. 495. 462. 276. 160.  52.
2223.  327.    0.    0.    0.    0.    0.    0. 1185. 1215.
836. 785. 693. 657. 545. 474. 372. 270. 242.  76.
922. 786. 755. 586. 515. 459. 404. 255. 202.  66.
716. 668. 637. 575. 539. 526. 504. 447. 338.   0.
966. 782. 616. 501. 434. 514. 484. 361. 227.  65.
628. 603. 526. 535. 506. 499. 569. 837. 247.   0.
965. 831. 776. 710. 548. 466. 275. 190. 154.  35.
 699. 1244.  695.  604.  394.  386.  343.  337.  231.   17.
 433.  446.  472.  542.  555.  727. 1331.  444.    0.    0.
 438.  430.  477.  539.  568.  729. 1326.  443.    0.    0.
 469.  450.  463.  503.  597.  752. 1244.  472.    0.    0.
 455.  512.  484.  533.  591.  705. 1248.  422.    0.    0.
417. 436. 447. 509. 567. 705. 976. 774. 119.   0.
657. 688. 692. 605. 576. 563. 512. 504. 153.   0.
709. 691. 683. 713. 613. 530. 348. 282. 284.  97.
 488.  491.  585. 1089.  808.  653.  456.  226.  151.    3.
694. 575. 681. 580. 621. 450. 386. 361. 450. 152.
451. 482. 612. 913. 906. 565. 486. 316. 210.   9.
433. 507. 524. 499. 618. 882. 816. 617.  54.   0.
541. 816. 864. 760. 642. 416. 361. 341. 188.  21.
501. 864. 969. 638. 557. 507. 406. 298. 175.  35.
 468.  443.  511.  513.  546.  739. 1094.  636.    0.    0.
 464.  430.  501.  596.  805. 1057.  617.  337.  143.    0.
 402.  467.  485.  530.  591.  797. 1263.  415.    0.    0.
593. 834. 762. 679. 542. 514. 492. 351. 172.  11.
543. 909. 853. 719. 609. 539. 320. 259. 176.  23.
452. 460. 481. 589. 760. 905. 712. 406. 185.   0.
 433.  473.  555.  653. 1122.  661.  419.  398.  221.   15.
469. 483. 578. 717. 733. 686. 571. 466. 244.   3.
 481.  481.  585. 1113.  642.  587.  569.  289.  189.   14.
589. 898. 873. 705. 609. 452. 325. 285. 183.  31.
 664. 1001.  657.  555.  658.  670.  372.  248.  125.    0.
497. 821. 902. 766. 673. 470. 359. 238. 169.  55.
1034.  884.  808.  789.  598.  363.  199.  169.   95.   11.
926. 854. 705. 611. 555. 444. 410. 251. 156.  38.
420. 475. 530. 524. 617. 914. 816. 605.  49.   0.
693. 956. 742. 548. 494. 612. 382. 406. 117.   0.
561. 871. 825. 710. 580. 510. 413. 333. 143.   4.
854. 859. 767. 654. 539. 478. 339. 234. 168.  58.
 477.  439.  478.  523.  572.  793. 1419.  249.    0.    0.
 450.  444.  461.  515.  640.  788. 1204.  448.    0.    0.
940. 812. 704. 654. 556. 441. 362. 285. 170.  26.
570. 497. 573. 560. 502. 556. 529. 587. 576.   0.
 454.  774.  716.  904. 1077.  664.  226.   89.   46.    0.
 518.  367. 1058. 1144.  658.  756.  273.  125.   51.    0.
840. 780. 747. 646. 595. 553. 390. 280.  83.  36.
663. 656. 511. 624. 658. 862. 824. 152.   0.   0.
811. 776. 613. 581. 555. 513. 488. 379. 195.  39.
882. 792. 734. 613. 533. 463. 375. 274. 185.  99.
 725. 1137.  917.  715.  541.  399.  282.  164.   56.   14.
978. 838. 695. 571. 519. 501. 413. 272. 135.  28.
504. 693. 880. 832. 596. 540. 543. 291.  71.   0.
383. 427. 509. 561. 847. 795. 541. 530. 334.  23.
 433.  444.  460.  535.  605.  755. 1160.  558.    0.    0.
456. 426. 537. 576. 752. 569. 619. 464. 543.   8.
480. 823. 882. 572. 464. 421. 533. 345. 195. 235.
444. 428. 514. 557. 800. 773. 485. 417. 527.   5.
434. 870. 938. 651. 534. 508. 422. 296. 198.  99.
409. 420. 470. 634. 873. 915. 535. 377. 306.  11.
