 717. 1095.  927.  688.  545.  509.  263.  150.   56.    0.
 516.  692. 1128.  897.  669.  519.  329.  153.   44.    3.
 540.  657. 1007.  895.  640.  538.  395.  222.   56.    0.
 575.  703. 1010.  816.  630.  516.  384.  259.   57.    0.
5.200e+02 6.400e+02 1.174e+03 9.330e+02 6.540e+02 4.940e+02 3.090e+02
 1.660e+02 5.900e+01 1.000e+00
528. 692. 973. 844. 649. 543. 379. 232. 107.   3.
 535.  621. 1059.  927.  669.  470.  386.  227.   56.    0.
5.230e+02 5.710e+02 1.093e+03 9.770e+02 6.690e+02 5.300e+02 3.290e+02
 1.690e+02 8.800e+01 1.000e+00
571. 629. 899. 812. 580. 573. 451. 294. 135.   6.
533. 639. 935. 825. 663. 497. 448. 263. 143.   4.
581. 581. 981. 767. 591. 626. 427. 247. 149.   0.
420. 546. 542. 873. 865. 658. 544. 285. 172.  45.
438. 585. 533. 869. 785. 511. 577. 381. 220.  51.
487. 514. 554. 840. 898. 527. 481. 325. 248.  76.
450. 533. 633. 880. 824. 543. 589. 328. 142.  28.
452. 498. 570. 861. 770. 610. 527. 369. 213.  80.
 538.  423. 1072.  768.  640.  499.  347.  341.  225.   97.
 462.  564. 1121.  727.  669.  459.  386.  308.  222.   32.
 454.  567. 1096.  751.  666.  455.  363.  296.  228.   74.
 465.  533. 1026.  734.  594.  447.  414.  410.  255.   72.
 485.  537. 1028.  652.  556.  528.  434.  352.  276.  102.
 496.  547.  428.  853. 1038.  683.  412.  230.  189.   74.
444. 501. 575. 756. 855. 663. 546. 344. 178.  88.
 464.  468.  568. 1005.  977.  518.  574.  250.  112.   14.
446. 564. 531. 888. 937. 560. 470. 340. 176.  38.
470. 456. 612. 811. 950. 616. 512. 260. 184.  79.
 449.  524. 1043.  784.  672.  492.  363.  343.  217.   63.
 468.  507. 1098.  844.  676.  489.  411.  270.  165.   22.
 450.  460. 1039.  786.  607.  493.  478.  289.  267.   81.
462. 509. 935. 794. 656. 482. 440. 268. 318.  86.
462. 477. 960. 797. 578. 537. 436. 290. 303. 110.
458. 630. 799. 686. 640. 442. 395. 342. 437. 121.
460. 593. 970. 786. 608. 489. 398. 265. 331.  50.
442. 544. 929. 779. 554. 558. 396. 356. 288. 104.
 458.  548. 1016.  713.  567.  484.  443.  347.  298.   76.
485. 543. 965. 659. 570. 446. 448. 448. 305.  81.
 459.  483. 1156.  949.  662.  477.  349.  235.  147.   33.
439. 542. 991. 800. 587. 501. 420. 378. 232.  60.
 452.  481. 1005.  797.  670.  534.  390.  276.  220.  125.
471. 493. 954. 783. 662. 495. 375. 280. 310. 127.
 454.  478. 1022.  856.  621.  542.  340.  237.  302.   98.
468. 534. 885. 814. 559. 544. 441. 249. 327. 129.
 425.  541. 1044.  804.  623.  500.  429.  348.  201.   35.
436. 550. 981. 782. 579. 489. 389. 389. 283.  72.
452. 532. 996. 810. 622. 487. 362. 339. 281.  69.
485. 503. 909. 705. 674. 390. 428. 392. 369.  95.
472. 522. 979. 787. 633. 490. 397. 288. 283.  99.
435. 540. 990. 714. 688. 519. 383. 317. 267.  97.
450. 510. 966. 872. 633. 483. 390. 318. 278.  50.
 482.  478. 1048.  681.  518.  529.  444.  406.  248.  116.
 432.  515. 1019.  847.  651.  506.  403.  293.  224.   60.
 500.  438. 1009.  809.  547.  457.  462.  370.  280.   78.
442. 521. 986. 766. 661. 463. 396. 343. 313.  59.
454. 499. 951. 806. 538. 470. 481. 352. 300.  99.
476. 482. 952. 754. 715. 517. 317. 343. 287. 107.
 465.  503. 1108.  887.  654.  539.  271.  278.  170.   75.
 458.  527. 1000.  779.  563.  507.  483.  292.  269.   72.
422. 580. 919. 798. 615. 577. 348. 327. 270.  94.
500. 540. 814. 641. 588. 463. 314. 426. 451. 213.
 474.  444. 1087.  708.  493.  575.  446.  406.  210.  107.
470. 579. 936. 642. 522. 537. 426. 418. 312. 108.
488. 574. 860. 648. 454. 432. 474. 429. 455. 136.
459. 515. 961. 788. 697. 449. 421. 328. 269.  63.
484. 553. 874. 673. 535. 452. 466. 373. 430. 110.
 463.  516. 1107.  803.  589.  523.  413.  275.  207.   54.
461. 570. 964. 798. 637. 481. 418. 293. 293.  35.
 465.  468. 1013.  863.  624.  526.  343.  261.  340.   47.
 453.  502. 1039.  833.  663.  506.  363.  253.  252.   86.
 470.  490. 1061.  752.  580.  522.  444.  311.  235.   85.
513. 588. 840. 574. 496. 422. 435. 496. 412. 174.
465. 481. 997. 817. 618. 550. 411. 246. 259. 106.
 423.  496.  510.  666. 1150.  644.  569.  305.  156.   31.
442. 481. 445. 670. 982. 638. 663. 387. 176.  66.
433. 453. 569. 578. 955. 584. 686. 429. 211.  52.
 461.  454.  521.  606. 1306.  708.  601.  189.   85.   19.
 454.  494.  506.  525. 1193.  745.  517.  307.  184.   25.
 426.  453.  556.  598. 1066.  680.  592.  356.  175.   48.
 415.  515.  516.  583. 1061.  693.  616.  337.  181.   33.
473. 492. 473. 627. 980. 705. 585. 325. 214.  76.
414. 525. 600. 500. 916. 710. 515. 442. 266.  62.
 452.  461.  558.  682. 1172.  686.  519.  270.   97.   53.
