755. 783. 915. 977. 731. 518. 237.  34.   0.   0.
 729. 1078. 1051.  900.  677.  359.  133.   23.    0.    0.
 464. 1073. 1018.  972.  755.  504.  158.    6.    0.    0.
 395.  754.  913. 1262.  784.  648.  175.   19.    0.    0.
 482. 1006.  909.  996.  725.  492.  293.   47.    0.    0.
460. 488. 554. 600. 718. 949. 997. 184.   0.   0.
 618.  760.  999. 1211.  877.  308.  150.   27.    0.    0.
 711.  931. 1182. 1257.  583.  187.   92.    7.    0.    0.
 570.  595.  758.  961. 1126.  593.  223.  107.   17.    0.
 666.  736.  984. 1348.  839.  251.  126.    0.    0.    0.
 604.  819. 1078. 1175.  857.  265.  135.   17.    0.    0.
 645.  895. 1140. 1189.  748.  215.  101.   17.    0.    0.
 521.  620.  712. 1004. 1084.  600.  236.  141.   32.    0.
 731. 1072. 1339. 1129.  496.  144.   36.    3.    0.    0.
 626.  753.  880. 1220.  972.  305.  159.   35.    0.    0.
 632.  867. 1106. 1227.  745.  258.  103.   12.    0.    0.
 525.  660.  876.  999. 1010.  560.  196.   87.   37.    0.
 686.  833. 1244. 1267.  655.  195.   68.    2.    0.    0.
 622.  737.  912. 1165.  979.  310.  183.   42.    0.    0.
 629.  815. 1078. 1209.  839.  246.  112.   22.    0.    0.
 530.  761.  942. 1066.  917.  472.  167.   76.   19.    0.
 704. 1031. 1220. 1302.  483.  163.   47.    0.    0.    0.
 615.  622.  748. 1043.  871.  503.  310.  194.   44.    0.
593. 598. 702. 876. 828. 531. 352. 339. 131.   0.
