385. 413. 495. 481. 879. 601. 465. 469. 501. 261.
 343.  398.  455.  444.  521.  462.  524. 1330.  371.  102.
 363.  398.  393.  414.  456.  503.  556. 1270.  453.  144.
363. 417. 446. 468. 986. 712. 517. 316. 375. 350.
 377.  389.  484.  434.  484.  574.  493. 1244.  378.   93.
 354.  423.  428.  474.  493.  501.  567. 1239.  370.  101.
422. 424. 501. 427. 813. 575. 466. 330. 505. 487.
 336.  373.  450.  461.  506.  532.  496. 1335.  365.   96.
 351.  399.  413.  440.  494.  493.  520. 1313.  428.   99.
 419.  467. 1033.  788.  525.  481.  455.  336.  234.  212.
 347.  383.  429.  494.  481.  487.  514. 1388.  321.  106.
 374.  415.  445.  431.  456.  476.  516. 1291.  414.  132.
 427.  474. 1051.  806.  600.  474.  418.  336.  210.  154.
 377.  397.  428.  470.  436.  460.  501. 1315.  435.  131.
402. 460. 975. 771. 576. 528. 418. 286. 276. 258.
 361.  376.  384.  494.  559.  525.  458. 1423.  283.   87.
352. 575. 684. 704. 766. 834. 588. 417.  30.   0.
402. 423. 447. 464. 888. 635. 478. 373. 529. 311.
 385.  403.  435.  465. 1067.  698.  522.  397.  366.  212.
572. 959. 648. 527. 566. 437. 377. 363. 279. 222.
383. 427. 425. 503. 963. 750. 520. 374. 360. 245.
 517. 1147.  757.  706.  556.  471.  342.  223.  150.   81.
361. 438. 420. 478. 950. 636. 447. 447. 494. 279.
 366.  409.  415.  430.  445.  448.  556. 1326.  404.  151.
 405.  443.  483. 1131.  578.  448.  503.  397.  272.  290.
 390.  353.  420.  451.  524.  494.  476. 1398.  341.  103.
 447. 1026.  866.  719.  548.  482.  368.  249.  140.  105.
445. 464. 967. 799. 581. 515. 403. 229. 230. 317.
453. 859. 889. 671. 523. 444. 395. 344. 210. 162.
 419.  407.  468. 1076.  806.  678.  327.  253.  183.  333.
 373.  460.  456. 1074.  659.  526.  474.  325.  301.  302.
395. 481. 515. 981. 578. 439. 505. 375. 286. 395.
 393.  444.  480. 1076.  630.  524.  469.  345.  260.  329.
395. 432. 402. 501. 817. 465. 484. 530. 573. 351.
 410.  471.  485. 1055.  625.  471.  462.  306.  367.  298.
374. 477. 499. 989. 630. 534. 386. 415. 295. 351.
 400.  443.  463. 1133.  720.  585.  404.  295.  295.  212.
 396.  432.  462. 1115.  685.  504.  466.  353.  276.  261.
 367.  379.  418.  445.  543.  490.  516. 1380.  324.   88.
 443. 1114.  778.  704.  541.  442.  384.  253.  186.  105.
391. 449. 419. 526. 924. 620. 458. 376. 506. 281.
 384.  380.  460.  467.  497.  486.  535. 1329.  344.   68.
 359.  365.  434.  403.  469.  529.  557. 1268.  448.  118.
 406.  890.  861. 1109. 1150.  471.   63.    0.    0.    0.
523. 874. 704. 615. 593. 526. 479. 317. 268.  51.
524. 889. 705. 650. 585. 514. 444. 371. 268.   0.
707. 728. 692. 564. 559. 477. 443. 334. 318. 128.
486. 800. 779. 627. 662. 691. 389. 401. 115.   0.
 582. 1011.  800.  692.  630.  433.  319.  268.  182.   33.
 533.  689. 1005.  788.  614.  498.  301.  285.  202.   35.
657. 962. 764. 672. 591. 479. 335. 270. 174.  46.
 382.  376.  446.  487.  487.  512.  494. 1330.  349.   87.
