 419.  445.  433.  512.  486. 1012.  638.  473.  434.   98.
393. 389. 446. 465. 489. 813. 655. 512. 658. 130.
377. 389. 415. 491. 443. 930. 529. 475. 706. 195.
276. 697. 800. 844. 901. 680. 444. 204. 104.   0.
 381.  587.  617.  603.  762. 1046.  821.  133.    0.    0.
 444. 1062.  782.  679.  609.  479.  359.  218.  182.  136.
332. 620. 644. 775. 848. 858. 558. 226.  69.  20.
445. 766. 650. 715. 659. 565. 475. 480. 195.   0.
226. 735. 832. 987. 868. 597. 390. 225.  88.   2.
 385.  556.  565.  602.  712. 1016.  927.  187.    0.    0.
293. 710. 738. 840. 862. 810. 461. 172.  57.   7.
572. 675. 608. 849. 928. 688. 358. 176.  94.   2.
550. 657. 731. 882. 683. 591. 445. 301. 106.   4.
 572.  526.  839. 1126.  658.  543.  363.  230.   91.    2.
529. 698. 784. 898. 621. 540. 471. 298. 101.  10.
487. 774. 867. 857. 765. 570. 405. 181.  44.   0.
554. 752. 704. 752. 609. 595. 525. 304. 147.   8.
535. 645. 853. 899. 717. 556. 403. 244.  93.   5.
585. 644. 677. 726. 713. 649. 437. 322. 191.   6.
500. 674. 855. 939. 757. 579. 394. 181.  71.   0.
616. 765. 690. 720. 585. 594. 488. 344. 144.   4.
 487.  708.  794. 1091.  817.  552.  310.  157.   34.    0.
5.110e+02 6.570e+02 8.530e+02 1.122e+03 7.310e+02 5.350e+02 3.360e+02
 1.620e+02 4.200e+01 1.000e+00
524. 672. 849. 836. 757. 606. 427. 197.  80.   2.
529. 722. 868. 888. 757. 592. 350. 184.  56.   4.
554. 701. 706. 862. 772. 621. 457. 206.  68.   3.
 522.  683.  814. 1090.  741.  524.  336.  185.   52.    3.
 506.  659.  819. 1037.  858.  602.  304.  123.   39.    3.
519. 724. 843. 923. 806. 583. 348. 162.  42.   0.
519. 787. 812. 702. 721. 640. 487. 215.  67.   0.
494. 691. 887. 835. 762. 636. 377. 192.  70.   6.
529. 597. 807. 960. 757. 671. 340. 212.  75.   2.
552. 675. 708. 804. 682. 595. 456. 321. 155.   2.
 501.  648.  792. 1080.  756.  558.  365.  170.   76.    4.
513. 602. 889. 895. 747. 638. 373. 188.  95.  10.
508. 746. 720. 911. 776. 663. 389. 194.  40.   3.
497. 686. 786. 852. 722. 542. 447. 278. 134.   6.
514. 637. 880. 896. 685. 556. 426. 242. 102.  12.
 551.  639.  746. 1019.  684.  576.  380.  240.  106.    9.
494. 680. 839. 957. 667. 578. 408. 238.  85.   4.
562. 622. 687. 977. 733. 640. 340. 251. 131.   7.
574. 678. 699. 664. 740. 672. 477. 325. 119.   2.
 496.  667.  836. 1073.  691.  546.  317.  221.   97.    6.
 551.  752.  913. 1013.  716.  544.  301.  124.   36.    0.
565. 747. 674. 693. 701. 621. 477. 323. 147.   2.
 510.  598.  890. 1051.  751.  578.  316.  192.   64.    0.
459. 709. 871. 972. 728. 571. 375. 199.  63.   3.
523. 663. 698. 967. 739. 594. 379. 255. 116.  16.
551. 671. 847. 866. 694. 584. 419. 229.  87.   2.
492. 799. 841. 909. 733. 579. 388. 172.  37.   0.
551. 645. 780. 860. 612. 572. 446. 329. 143.  12.
504. 657. 820. 886. 847. 634. 367. 161.  74.   0.
538. 633. 776. 912. 675. 570. 438. 239. 166.   3.
517. 619. 882. 966. 678. 571. 428. 212.  66.  11.
525. 768. 797. 782. 759. 643. 411. 209.  54.   2.
528. 718. 733. 779. 789. 660. 449. 225.  69.   0.
542. 688. 785. 974. 728. 607. 390. 183.  51.   2.
514. 643. 817. 960. 695. 574. 434. 219.  89.   5.
523. 662. 915. 918. 815. 612. 300. 161.  44.   0.
499. 632. 895. 930. 752. 627. 371. 190.  53.   1.
 587.  628.  706. 1044.  706.  612.  374.  239.   54.    0.
512. 655. 782. 856. 756. 606. 429. 267.  83.   4.
514. 757. 702. 791. 809. 671. 417. 225.  63.   1.
528. 728. 787. 846. 731. 604. 396. 223. 103.   4.
517. 640. 747. 923. 684. 609. 422. 272. 130.   6.
 476.  698.  781. 1091.  809.  556.  313.  174.   52.    0.
556. 633. 748. 841. 701. 577. 442. 313. 127.  12.
