565. 899. 793. 703. 601. 497. 360. 295. 174.  63.
379. 428. 488. 496. 888. 676. 560. 463. 554.  18.
 354.  373.  421.  480.  523.  549.  727. 1155.  317.   51.
988. 893. 853. 697. 557. 409. 241. 180. 110.  22.
 444.  482.  478.  532.  573.  706. 1286.  449.    0.    0.
 458.  443.  494.  490.  579.  708. 1337.  441.    0.    0.
 477.  412.  456.  550.  575.  759. 1252.  469.    0.    0.
363. 608. 593. 640. 869. 649. 551. 414. 214.  49.
369. 404. 413. 459. 506. 936. 546. 432. 682. 203.
494. 434. 963. 876. 640. 532. 409. 232. 185. 185.
819. 874. 783. 743. 560. 412. 326. 228. 125.  80.
 429.  409.  478. 1119.  814.  696.  379.  306.  212.  108.
 407.  491. 1106.  708.  649.  489.  360.  339.  248.  153.
431. 467. 854. 767. 705. 506. 370. 299. 225. 326.
431. 496. 947. 736. 618. 463. 426. 335. 266. 232.
 447.  439.  463.  498.  623.  713. 1314.  453.    0.    0.
 451.  469.  479.  506.  578.  709. 1303.  455.    0.    0.
 440.  445.  491.  504.  615.  710. 1295.  450.    0.    0.
 457.  422.  544.  485.  610.  687. 1294.  451.    0.    0.
397. 375. 453. 477. 555. 868. 842. 563. 420.   0.
 453.  470. 1231.  847.  635.  517.  332.  230.  179.   56.
946. 844. 679. 608. 524. 474. 407. 299. 141.  28.
959. 816. 794. 687. 524. 422. 342. 221. 140.  45.
379. 415. 466. 462. 516. 846. 868. 632. 366.   0.
395. 427. 470. 480. 529. 857. 890. 510. 392.   0.
 403.  498. 1110.  857.  617.  470.  393.  250.  179.  173.
 413.  464. 1049.  736.  553.  478.  454.  346.  249.  208.
386. 463. 411. 514. 931. 744. 579. 375. 530.  17.
 339.  408.  391.  457.  480.  511.  711. 1172.  375.  106.
913. 844. 795. 657. 545. 464. 327. 207. 145.  53.
 408.  461.  496.  506.  600.  700. 1326.  453.    0.    0.
 438.  474.  465.  532.  564.  718. 1306.  453.    0.    0.
 491.  425.  399.  511.  647.  721. 1281.  475.    0.    0.
366. 478. 552. 588. 891. 633. 633. 391. 321.  97.
364. 400. 462. 451. 478. 886. 542. 484. 699. 184.
442. 439. 935. 722. 635. 600. 342. 348. 230. 257.
784. 775. 670. 632. 568. 446. 353. 284. 299. 139.
407. 452. 477. 898. 779. 586. 470. 280. 321. 280.
 443.  503. 1223.  806.  621.  484.  397.  268.  117.   88.
416. 461. 852. 777. 592. 479. 399. 410. 289. 275.
425. 466. 887. 813. 583. 445. 514. 282. 248. 287.
 437.  463.  486.  487.  602.  704. 1307.  464.    0.    0.
 437.  441.  465.  501.  597.  745. 1282.  482.    0.    0.
 412.  454.  481.  524.  575.  727. 1317.  460.    0.    0.
 416.  457.  469.  541.  563.  744. 1318.  442.    0.    0.
398. 450. 425. 465. 501. 838. 810. 653. 410.   0.
417. 537. 961. 740. 595. 532. 355. 311. 238. 264.
911. 817. 744. 618. 528. 470. 393. 237. 155.  77.
1027.  835.  691.  663.  583.  440.  348.  229.  113.   21.
404. 391. 476. 490. 571. 861. 845. 451. 461.   0.
379. 428. 466. 468. 520. 822. 820. 627. 420.   0.
 396.  468. 1043.  765.  634.  525.  386.  284.  232.  217.
 420.  451. 1091.  665.  525.  471.  428.  416.  223.  260.
 341.  359.  451.  415.  470.  521.  526. 1299.  447.  121.
260. 552. 755. 724. 823. 854. 606. 274. 102.   0.
297. 510. 656. 624. 794. 619. 690. 508. 190.  62.
429. 702. 830. 690. 551. 501. 433. 345. 347. 122.
286. 694. 957. 821. 728. 582. 418. 292. 165.   7.
266. 598. 765. 786. 850. 782. 591. 224.  62.  26.
412. 663. 897. 844. 596. 467. 411. 205. 339. 116.
287. 599. 787. 777. 694. 732. 540. 399. 117.  18.
291. 568. 796. 791. 706. 706. 510. 398. 157.  27.
