729. 989. 774. 605. 552. 442. 359. 269. 148.  83.
739. 958. 678. 680. 620. 434. 337. 254. 185.  65.
 500. 1177.  921.  662.  646.  444.  337.  174.   57.   32.
521. 876. 748. 612. 512. 485. 388. 300. 289. 219.
483. 517. 842. 639. 648. 560. 537. 447. 277.   0.
 478.  436.  432.  503.  631.  696. 1289.  485.    0.    0.
 422.  471.  500.  507.  570.  701. 1324.  455.    0.    0.
 443.  485.  458.  469.  570.  762. 1332.  431.    0.    0.
 443.  465.  442.  547.  556.  699. 1199.  599.    0.    0.
 427.  427.  493.  539.  649.  827. 1014.  574.    0.    0.
 461.  432.  468.  522.  621.  861. 1081.  504.    0.    0.
423. 433. 438. 339. 404. 992. 593. 576. 562. 190.
457. 897. 806. 664. 514. 468. 426. 323. 204. 191.
447. 921. 679. 636. 529. 472. 392. 277. 325. 272.
393. 371. 436. 387. 385. 620. 895. 577. 686. 200.
 446.  465.  487.  501.  608.  726. 1332.  385.    0.    0.
 413.  463.  477.  515.  596.  732. 1346.  408.    0.    0.
 452.  462.  453.  505.  573.  723. 1511.  271.    0.    0.
 443.  489.  495.  509.  580.  731. 1429.  274.    0.    0.
 487.  409.  482.  483.  550.  769. 1448.  322.    0.    0.
 460.  419.  491.  504.  571.  706. 1341.  458.    0.    0.
 409.  475.  457.  550.  584.  713. 1434.  328.    0.    0.
 408.  454.  487.  522.  575.  736. 1330.  438.    0.    0.
