576. 852. 771. 631. 691. 397. 380. 331. 239.  82.
537. 668. 928. 879. 623. 506. 363. 269. 145.  32.
 534.  693.  953. 1028.  774.  456.  246.  144.   93.   29.
479. 602. 902. 848. 593. 513. 447. 327. 194.  45.
528. 746. 998. 775. 566. 533. 331. 214. 179.  80.
 414.  715. 1020. 1129.  773.  550.  228.  109.   12.    0.
630. 941. 733. 549. 462. 468. 424. 364. 305.  74.
 683. 1281.  503.  259.  201.  492.  535.  538.  388.   70.
655. 999. 798. 641. 552. 416. 385. 289. 171.  44.
403. 489. 459. 569. 958. 692. 431. 372. 537.  40.
 405.  463.  489.  612. 1234.  733.  470.  289.  234.   21.
496. 515. 673. 973. 799. 458. 356. 365. 243.  72.
530. 575. 725. 982. 629. 546. 428. 259. 209.  67.
 468.  555.  777. 1045.  716.  548.  345.  255.  159.   82.
849. 805. 697. 657. 566. 474. 375. 292. 177.  58.
489. 637. 797. 931. 647. 603. 400. 307. 120.  19.
 433.  457.  515.  661. 1151.  659.  525.  284.  243.   22.
 484.  585.  762. 1054.  700.  544.  384.  248.  125.   64.
751. 628. 629. 681. 701. 484. 531. 520.  25.   0.
 527.  579.  706. 1034.  667.  511.  406.  245.  187.   88.
500. 602. 678. 883. 778. 623. 387. 291. 158.  50.
859. 791. 831. 677. 517. 405. 308. 286. 213.  63.
573. 884. 944. 536. 445. 480. 461. 352. 219.  56.
 511.  501. 1042.  726.  579.  470.  412.  350.  232.  127.
 485.  479. 1281.  731.  590.  458.  313.  363.  148.  102.
502. 589. 931. 700. 616. 467. 348. 342. 455.   0.
517. 681. 867. 915. 620. 529. 404. 286. 115.  16.
 475.  708. 1034.  864.  663.  498.  349.  239.  101.   19.
 535.  657.  755. 1005.  602.  500.  425.  295.  140.   36.
500. 641. 819. 953. 647. 530. 388. 273. 155.  44.
961. 653. 565. 702. 615. 426. 361. 343. 261.  63.
 564. 1017.  900.  715.  595.  451.  355.  206.  112.   35.
 637. 1021.  833.  772.  584.  416.  312.  222.  120.   33.
519. 522. 597. 768. 978. 565. 439. 354. 204.   4.
534. 902. 837. 641. 533. 451. 437. 319. 223.  73.
 386.  371.  478.  426.  534.  456.  512. 1314.  374.   99.
 391.  343.  456.  428.  535.  510.  504. 1376.  329.   78.
 375.  392.  402.  508.  457.  514.  487. 1413.  324.   78.
776. 772. 830. 721. 868. 487. 291. 205.   0.   0.
791. 759. 757. 619. 555. 423. 444. 273. 229. 100.
558. 806. 931. 748. 611. 471. 392. 308. 115.  10.
 502.  864. 1010.  691.  616.  501.  394.  247.  101.   24.
