292. 619. 675. 764. 642. 574. 498. 512. 374.   0.
290. 669. 921. 960. 662. 620. 349. 294. 185.   0.
425. 500. 633. 914. 804. 807. 753. 114.   0.   0.
 488.  472.  678. 1009.  766.  903.  504.  130.    0.    0.
418. 520. 661. 700. 768. 917. 714. 252.   0.   0.
 493.  498.  639. 1015.  866.  763.  541.  135.    0.    0.
421. 520. 642. 901. 847. 779. 700. 140.   0.   0.
833. 518. 537. 503. 362. 448. 583. 733. 402.  31.
415. 394. 458. 478. 494. 808. 841. 513. 483.  66.
381. 430. 445. 450. 472. 695. 682. 529. 813.  53.
392. 360. 502. 440. 499. 741. 683. 492. 773.  68.
379. 379. 416. 464. 507. 793. 778. 490. 618. 126.
