787. 861. 692. 565. 502. 472. 425. 316. 210. 120.
844. 863. 672. 519. 488. 485. 441. 343. 206.  89.
842. 778. 719. 571. 425. 502. 428. 315. 241. 129.
881. 894. 710. 540. 544. 483. 442. 288. 142.  26.
776. 818. 715. 608. 523. 456. 373. 297. 242. 142.
855. 804. 732. 675. 541. 428. 346. 268. 202.  99.
860. 955. 851. 662. 583. 421. 286. 198.  92.  42.
831. 888. 666. 607. 472. 475. 405. 356. 158.  92.
940. 903. 759. 580. 584. 526. 308. 230.  84.  36.
779. 805. 701. 587. 491. 463. 417. 328. 226. 153.
845. 782. 760. 564. 555. 440. 392. 329. 134. 149.
789. 819. 692. 622. 554. 434. 374. 306. 240. 120.
843. 832. 670. 628. 533. 477. 351. 315. 239.  62.
865. 917. 738. 633. 533. 419. 336. 280. 187.  42.
818. 875. 816. 645. 560. 456. 314. 230. 151.  85.
783. 798. 709. 632. 557. 460. 357. 280. 236. 138.
