 562. 1006.  886.  550.  480.  498.  434.  449.   85.    0.
 445.  428.  499.  500.  659.  758. 1117.  536.    8.    0.
 559.  537.  505.  474.  495.  667. 1230.  456.   27.    0.
 591.  509.  506.  508.  529.  545. 1439.  293.   30.    0.
 434.  523.  530.  606.  722. 1014.  704.  378.   39.    0.
 427.  568.  924.  844. 1062.  574.  275.  189.   87.    0.
 467.  594. 1004.  710.  627.  594.  352.  325.  191.   86.
907. 857. 742. 640. 546. 472. 363. 242. 148.  33.
811. 741. 615. 551. 480. 439. 402. 333. 300. 278.
963. 923. 809. 671. 551. 426. 303. 190.  89.  25.
889. 794. 706. 592. 542. 449. 397. 294. 207.  80.
 458.  467.  461.  495.  598.  721. 1494.  256.    0.    0.
 427.  457.  458.  535.  593.  688. 1339.  453.    0.    0.
 414.  451.  493.  521.  575.  756. 1259.  481.    0.    0.
 452.  443.  476.  544.  515.  728. 1239.  553.    0.    0.
 447.  466.  449.  494.  575.  736. 1354.  429.    0.    0.
 464.  459.  470.  501.  569.  750. 1404.  333.    0.    0.
816. 691. 621. 560. 537. 481. 486. 401. 334.  23.
763. 751. 713. 631. 568. 505. 439. 298. 258.  24.
1003.  923.  825.  693.  563.  405.  309.  136.   83.   10.
888. 828. 714. 570. 585. 493. 417. 276. 135.  44.
432. 443. 863. 891. 626. 525. 421. 407. 342.   0.
418. 488. 986. 954. 776. 468. 370. 281. 209.   0.
467. 457. 758. 985. 683. 450. 381. 431. 338.   0.
416. 494. 639. 996. 885. 633. 417. 355. 115.   0.
485. 548. 555. 940. 984. 552. 436. 381.  69.   0.
445. 471. 548. 605. 816. 828. 857. 346.  34.   0.
 481.  498.  541.  607.  779. 1159.  547.  293.   45.    0.
 437.  479.  429.  456.  558.  724. 1199.  616.   52.    0.
441. 472. 492. 546. 645. 728. 805. 762.  59.   0.
 468.  506.  674. 1058.  846.  595.  413.  285.  105.    0.
899. 836. 794. 629. 571. 420. 359. 242. 134.  66.
918. 846. 745. 717. 601. 426. 344. 246.  97.  10.
 422.  455.  815. 1055.  701.  563.  374.  396.  169.    0.
436. 456. 900. 912. 655. 557. 425. 426. 183.   0.
407. 501. 808. 913. 675. 544. 415. 393. 294.   0.
442. 466. 610. 894. 636. 549. 573. 600. 180.   0.
425. 511. 503. 846. 861. 677. 496. 489. 142.   0.
455. 506. 545. 655. 849. 752. 738. 314. 136.   0.
 433.  443.  532.  582.  793. 1049.  598.  394.  126.    0.
 417.  421.  472.  529.  588.  842. 1057.  586.   38.    0.
434. 493. 495. 572. 647. 841. 715. 721.  32.   0.
461. 570. 600. 933. 774. 675. 492. 307. 138.   0.
