759. 726. 634. 628. 579. 535. 413. 333. 264.  79.
355. 414. 431. 460. 452. 721. 900. 755. 394.  68.
 502.  529.  538.  649.  825. 1074.  498.  321.   14.    0.
362. 349. 470. 513. 482. 703. 942. 719. 319.  91.
451. 657. 802. 619. 750. 725. 475. 313. 150.   8.
574. 735. 752. 882. 941. 619. 343.  84.  20.   0.
 459.  439.  487.  567.  564.  748. 1224.  462.    0.    0.
 522.  468.  455.  618.  820. 1380.  399.  230.   58.    0.
 445. 1052.  697.  613.  596.  437.  349.  358.  284.  119.
 526.  847. 1045.  729.  650.  536.  386.  165.   66.    0.
 492.  476.  622. 1028.  728.  482.  484.  350.  238.   50.
374. 676. 839. 877. 858. 494. 408. 321. 103.   0.
 637. 1089.  805.  758.  616.  435.  262.  204.  121.   23.
 529.  556.  636.  609. 1098. 1091.  419.   12.    0.    0.
 460.  496.  592.  647. 1053.  732.  478.  479.   13.    0.
 531. 1075.  846.  731.  569.  484.  334.  236.  114.   30.
 493.  670. 1084.  697.  601.  527.  384.  350.  144.    0.
 450.  568. 1053.  701.  563.  515.  337.  347.  305.  111.
 456.  501.  436.  497.  572.  667. 1289.  532.    0.    0.
 457.  460.  486.  517.  551.  696. 1329.  454.    0.    0.
 706. 1020.  728.  676.  529.  474.  364.  277.  158.   18.
 450.  565. 1139.  780.  698.  561.  390.  338.   29.    0.
505. 727. 864. 575. 823. 563. 541. 331.  21.   0.
488. 511. 566. 587. 853. 807. 907. 231.   0.   0.
 442.  464.  483.  490.  594.  698. 1488.  291.    0.    0.
 445.  459.  491.  508.  563.  672. 1316.  496.    0.    0.
 502.  473.  412.  464.  622.  785. 1283.  409.    0.    0.
 476.  436.  466.  485.  572.  787. 1379.  349.    0.    0.
 471.  449.  516.  544.  577.  753. 1315.  325.    0.    0.
 449.  431.  464.  516.  623.  733. 1342.  392.    0.    0.
611. 972. 810. 627. 547. 463. 395. 259. 167.  99.
335. 407. 869. 700. 985. 630. 789. 235.   0.   0.
414. 453. 493. 539. 567. 717. 944. 702. 121.   0.
 422.  475.  487.  495.  602.  713. 1325.  431.    0.    0.
 320.  445. 1066.  693. 1138.  544.  599.  145.    0.    0.
 450.  469.  487.  523.  610.  692. 1314.  405.    0.    0.
 438.  465.  454.  502.  564.  745. 1354.  428.    0.    0.
266. 654. 590. 663. 855. 924. 634. 315.  49.   0.
 440.  460.  446.  512.  579.  725. 1329.  459.    0.    0.
 418.  484.  482.  510.  579.  707. 1321.  449.    0.    0.
 456.  462.  689. 1116.  692.  521.  438.  280.  216.   80.
381. 472. 455. 478. 825. 621. 578. 478. 600.  62.
 451.  453.  480.  493.  557.  747. 1406.  363.    0.    0.
 441.  449.  476.  520.  574.  745. 1339.  406.    0.    0.
468. 615. 673. 695. 791. 478. 528. 363. 338.   1.
667. 979. 738. 642. 542. 468. 370. 280. 184.  80.
461. 654. 688. 770. 994. 776. 443. 151.  13.   0.
692. 852. 696. 667. 618. 495. 365. 259. 237.  69.
844. 787. 635. 601. 576. 423. 362. 353. 280.  89.
 450. 1051. 1071.  851.  592.  409.  267.  179.   60.   20.
 507. 1039.  844.  606.  578.  516.  425.  288.  125.   22.
 591. 1022.  800.  692.  558.  468.  312.  277.  198.   32.
 322.  439.  884.  683. 1042.  608.  788.  184.    0.    0.
801. 795. 730. 727. 543. 556. 417. 288.  91.   2.
 408.  432.  571. 1041.  814.  669.  760.  255.    0.    0.
 520.  542.  645. 1034.  881.  546.  426.  218.  122.   16.
443. 529. 621. 817. 785. 831. 761. 159.   4.   0.
 477.  861. 1090.  769.  635.  463.  413.  205.   37.    0.
 526.  514.  508.  542.  755. 1148.  729.  210.   18.    0.
 576. 1067.  858.  725.  594.  341.  410.  197.  171.   11.
 551. 1278.  839.  706.  605.  427.  320.  178.   42.    4.
 557. 1147.  765.  728.  601.  459.  279.  245.  165.    4.
 576. 1157.  722.  634.  509.  449.  439.  313.  138.   13.
 613. 1151.  965.  699.  607.  422.  302.  137.   51.    3.
 494.  456.  444.  509.  589.  710. 1306.  442.    0.    0.
 441.  454.  481.  513.  585.  756. 1371.  349.    0.    0.
410. 455. 661. 749. 908. 716. 870. 181.   0.   0.
