 458.  434.  466.  537.  555.  724. 1281.  495.    0.    0.
 436.  473.  460.  511.  583.  712. 1288.  487.    0.    0.
 476.  446.  432.  538.  588.  735. 1268.  467.    0.    0.
 423.  438.  476.  540.  569.  728. 1302.  474.    0.    0.
 416.  441.  481. 1169.  689.  613.  454.  319.  282.   86.
 434.  516. 1212.  734.  583.  506.  365.  261.  189.  150.
484. 715. 891. 743. 600. 491. 379. 252. 165. 230.
662. 879. 838. 536. 589. 395. 427. 296. 197. 131.
934. 822. 616. 474. 467. 482. 529. 339. 207.  80.
436. 453. 877. 830. 589. 526. 510. 303. 271. 155.
948. 801. 616. 547. 501. 443. 432. 386. 224.  52.
 451. 1078.  823.  661.  565.  448.  389.  262.  183.   90.
 416.  467.  510. 1079.  618.  510.  471.  381.  313.  185.
 421.  473.  485. 1016.  653.  529.  408.  331.  298.  336.
463. 499. 529. 727. 882. 665. 544. 397. 244.   0.
354. 423. 388. 500. 462. 905. 777. 472. 555. 114.
390. 454. 515. 945. 697. 542. 412. 387. 317. 291.
363. 402. 439. 477. 507. 788. 759. 433. 698.  84.
390. 399. 399. 432. 488. 904. 858. 506. 512.  62.
354. 405. 405. 503. 494. 802. 722. 523. 633. 109.
397. 385. 460. 410. 530. 749. 771. 504. 641. 103.
394. 408. 481. 433. 582. 650. 620. 418. 850. 114.
363. 404. 453. 409. 524. 837. 839. 468. 517. 136.
355. 393. 474. 473. 480. 847. 737. 522. 602.  67.
381. 398. 425. 467. 528. 919. 819. 508. 457.  48.
378. 406. 431. 472. 475. 716. 654. 444. 827. 147.
366. 366. 415. 452. 555. 731. 727. 415. 759. 164.
385. 424. 381. 475. 533. 676. 675. 459. 803. 139.
430. 422. 467. 734. 709. 544. 409. 424. 231. 580.
390. 402. 443. 466. 420. 850. 572. 518. 744. 145.
366. 369. 436. 497. 530. 840. 776. 494. 582.  60.
419. 377. 466. 459. 406. 824. 674. 513. 620. 192.
 455. 1025.  727.  578.  533.  440.  426.  327.  261.  178.
348. 388. 409. 485. 498. 845. 744. 512. 604. 117.
366. 383. 373. 446. 523. 792. 722. 467. 673. 205.
 356.  407.  446.  473.  539. 1089.  661.  361.  510.  108.
357. 411. 424. 498. 691. 905. 555. 454. 474. 181.
404. 396. 358. 479. 832. 754. 511. 473. 548. 195.
 349.  405.  486.  461.  585. 1136.  552.  442.  448.   86.
399. 417. 447. 442. 438. 930. 742. 492. 481. 162.
379. 379. 449. 406. 486. 858. 715. 583. 612.  83.
450. 719. 857. 656. 664. 508. 351. 277. 200. 268.
439. 783. 910. 730. 650. 487. 293. 299. 227. 132.
338. 380. 450. 469. 520. 762. 790. 460. 654. 127.
387. 424. 406. 436. 419. 773. 591. 468. 871. 175.
366. 429. 400. 484. 546. 925. 861. 364. 501.  74.
373. 373. 472. 418. 478. 765. 756. 562. 660.  93.
352. 422. 442. 445. 428. 730. 625. 519. 836. 151.
380. 424. 452. 476. 472. 688. 693. 590. 732.  43.
346. 397. 450. 468. 529. 775. 812. 407. 675.  91.
371. 413. 416. 417. 497. 756. 776. 503. 643. 158.
355. 393. 406. 459. 512. 858. 803. 526. 542.  96.
340. 394. 451. 503. 496. 818. 723. 465. 641. 119.
367. 448. 406. 412. 497. 802. 748. 551. 603. 116.
365. 393. 410. 439. 522. 883. 807. 460. 492. 179.
356. 429. 423. 434. 487. 802. 706. 546. 650. 117.
384. 397. 435. 480. 533. 867. 785. 426. 544.  99.
378. 409. 413. 475. 471. 685. 602. 509. 833. 175.
383. 400. 401. 513. 924. 724. 540. 369. 468. 228.
380. 355. 496. 450. 514. 752. 686. 495. 672. 150.
387. 383. 398. 447. 480. 823. 730. 512. 616. 174.
367. 415. 372. 419. 493. 791. 783. 559. 606. 145.
359. 366. 466. 478. 495. 798. 696. 464. 706. 122.
391. 393. 387. 448. 534. 868. 798. 475. 541. 115.
365. 420. 445. 501. 526. 758. 689. 401. 711. 134.
405. 395. 402. 441. 451. 942. 749. 460. 548. 157.
376. 390. 442. 438. 461. 857. 777. 565. 554.  90.
389. 430. 478. 507. 442. 704. 643. 484. 754. 119.
370. 388. 469. 452. 466. 730. 742. 493. 690. 150.
397. 382. 425. 421. 464. 764. 716. 570. 657. 154.
365. 372. 446. 486. 468. 756. 700. 465. 748. 144.
 394.  422.  398.  449.  612.  511. 1003.  727.  375.   59.
