449. 573. 513. 684. 916. 583. 522. 406. 284.  20.
485. 505. 603. 910. 847. 618. 446. 325. 206.   5.
 418.  444.  486.  497.  646. 1167.  721.  434.  137.    0.
447. 831. 970. 727. 670. 494. 329. 188. 178. 116.
 350.  425.  721. 1120.  687.  849.  630.  164.    4.    0.
402. 681. 781. 677. 747. 771. 542. 318.  31.   0.
 867. 1493. 1134.  647.  385.  238.  131.   41.   14.    0.
978. 750. 784. 648. 478. 512. 369. 177. 211.  43.
 851. 1197. 1034.  815.  502.  272.  183.   83.   13.    0.
921. 872. 814. 675. 552. 427. 298. 192. 118.  81.
 741. 1323. 1243.  777.  446.  201.  137.   66.   16.    0.
 341.  671.  756.  792. 1018.  832.  415.  125.    0.    0.
 864. 1398. 1055.  678.  466.  304.  146.   36.    3.    0.
399. 638. 769. 950. 842. 663. 510. 179.   0.   0.
413. 531. 879. 966. 805. 638. 503. 214.   1.   0.
 485.  682. 1028.  835.  603.  510.  366.  157.  204.   80.
 347.  601.  931. 1094.  682.  650.  285.  279.   81.    0.
 401.  487. 1035.  716.  608.  568.  510.  413.  210.    2.
 458.  485.  471.  493.  533.  601. 1096.  813.    0.    0.
 466.  502.  583.  628.  797. 1012.  875.   87.    0.    0.
 450.  451.  496.  514.  590.  720. 1220.  509.    0.    0.
414. 589. 884. 730. 672. 681. 517. 367.  96.   0.
 529.  554.  557.  684. 1085.  741.  773.   27.    0.    0.
 464.  533.  621.  639. 1351.  626.  631.   85.    0.    0.
 455.  486.  516.  612.  709.  709. 1100.  363.    0.    0.
393. 734. 767. 736. 802. 773. 549. 196.   0.   0.
473. 707. 719. 647. 755. 687. 673. 289.   0.   0.
 420.  473.  480.  517.  569.  729. 1250.  512.    0.    0.
 453.  455.  487.  529.  569.  756. 1281.  420.    0.    0.
 452.  478.  474.  499.  582.  702. 1141.  622.    0.    0.
 461.  455.  459.  516.  593.  720. 1338.  408.    0.    0.
 430.  461.  470.  529.  589.  725. 1248.  498.    0.    0.
 430.  465.  483.  526.  560.  686. 1179.  621.    0.    0.
 419.  461.  478.  514.  594.  734. 1272.  478.    0.    0.
 454.  447.  474.  533.  590.  739. 1253.  460.    0.    0.
 468.  427.  479.  555.  553.  715. 1408.  345.    0.    0.
 478.  423.  430.  536.  612.  714. 1361.  396.    0.    0.
 444.  437.  493.  504.  614.  723. 1340.  395.    0.    0.
 462.  451.  485.  557.  560.  731. 1407.  297.    0.    0.
 430.  435.  472.  533.  580.  739. 1283.  478.    0.    0.
 451.  459.  468.  480.  597.  718. 1332.  445.    0.    0.
 434.  477.  472.  510.  577.  710. 1292.  478.    0.    0.
 460.  454.  480.  481.  594.  709. 1330.  442.    0.    0.
 431.  468.  486.  505.  585.  714. 1307.  454.    0.    0.
 425.  449.  471.  537.  578.  731. 1317.  442.    0.    0.
 422.  465.  469.  495.  585.  737. 1326.  451.    0.    0.
 392.  994. 1051. 1121.  828.  458.   77.   29.    0.    0.
 366.  387.  442.  398.  449.  495.  538. 1281.  445.  149.
886. 876. 778. 662. 537. 427. 346. 235. 138.  65.
357. 779. 917. 960. 954. 614. 257. 112.   0.   0.
 365.  701.  809.  849. 1063.  667.  375.  121.    0.    0.
386. 753. 930. 951. 967. 550. 252. 161.   0.   0.
 387.  827.  978.  955. 1016.  482.  250.   55.    0.    0.
922. 758. 640. 587. 561. 409. 413. 317. 257.  86.
 422.  461.  481.  520.  578.  729. 1314.  445.    0.    0.
 454.  434.  486.  531.  554.  761. 1283.  447.    0.    0.
 488.  460.  490.  558.  585.  693. 1251.  425.    0.    0.
 442.  446.  449.  500.  631.  733. 1291.  458.    0.    0.
 456.  478.  455.  511.  589.  686. 1300.  475.    0.    0.
 454.  437.  492.  515.  537.  735. 1332.  448.    0.    0.
 414.  469.  459.  520.  594.  726. 1310.  458.    0.    0.
 457.  423.  496.  530.  549.  707. 1319.  469.    0.    0.
 486.  544.  558.  674. 1037.  707.  878.   66.    0.    0.
 501.  532.  658.  604. 1292.  591.  642.  130.    0.    0.
