 590.  768. 1096.  538.  476.  484.  447.  336.  177.   38.
 487.  743. 1081.  732.  559.  541.  421.  269.  102.   15.
461. 554. 539. 623. 802. 763. 950. 258.   0.   0.
456. 509. 596. 642. 706. 918. 800. 323.   0.   0.
872. 804. 575. 454. 468. 459. 571. 390. 318.  39.
904. 867. 719. 658. 549. 456. 356. 251. 152.  38.
893. 892. 734. 681. 572. 416. 343. 257. 126.  36.
918. 873. 771. 672. 543. 451. 335. 236. 114.  37.
838. 844. 766. 654. 507. 474. 358. 251. 185.  73.
 452.  761. 1114.  712.  549.  507.  426.  268.  144.   17.
552. 960. 857. 589. 469. 510. 488. 330. 179.  16.
 434.  548.  537.  677.  741. 1078.  720.  215.    0.    0.
 473.  473.  583.  706.  810. 1016.  727.  158.    4.    0.
826. 838. 525. 476. 422. 503. 578. 383. 340.  59.
895. 865. 641. 530. 498. 483. 470. 355. 181.  32.
889. 887. 771. 645. 558. 464. 338. 226. 135.  37.
854. 841. 730. 655. 559. 443. 347. 280. 164.  77.
846. 884. 787. 651. 579. 403. 336. 231. 144.  89.
888. 855. 785. 678. 544. 455. 326. 215. 157.  47.
