 537.  669.  621.  870. 1185.  508.  330.  184.   46.    0.
 477.  478.  538.  552.  782. 1197.  480.  238.  149.   59.
503. 615. 564. 575. 626. 871. 576. 402. 195.  23.
 539.  698.  700.  909. 1098.  556.  325.  106.   19.    0.
 441.  542.  562.  643.  780. 1141.  437.  260.  126.   18.
 460.  528.  624.  471.  667. 1029.  525.  376.  203.   67.
 540.  680.  806.  751. 1068.  571.  361.  146.   27.    0.
 464.  441.  506.  593.  816. 1163.  502.  281.  117.   67.
 477.  500.  508.  662.  727. 1003.  539.  262.  206.   66.
 533.  632.  678.  837. 1109.  536.  371.  183.   71.    0.
 441.  526.  546.  554.  912. 1209.  410.  220.  101.   31.
 431.  522.  522.  570.  861. 1022.  484.  326.  171.   41.
620. 637. 780. 760. 858. 663. 374. 200.  58.   0.
 421.  519.  587.  602.  777. 1034.  513.  305.  140.   52.
 476.  543.  464.  649.  717. 1045.  513.  285.  226.   32.
582. 639. 587. 799. 961. 549. 410. 309. 114.   0.
 475.  446.  560.  661.  725. 1126.  516.  236.  151.   54.
 459.  493.  564.  649.  703. 1034.  544.  305.  167.   32.
582. 610. 679. 687. 937. 555. 456. 304. 140.   0.
 455.  478.  488.  608.  797. 1137.  506.  267.  150.   64.
 449.  476.  572.  587.  752. 1244.  452.  252.  133.   33.
 591.  569.  655. 1022. 1159.  520.  244.  134.   56.    0.
 441.  512.  601.  679.  836. 1051.  474.  232.   96.   28.
471. 511. 615. 618. 763. 973. 526. 302. 158.  13.
 517.  611.  820.  815. 1066.  579.  304.  178.   60.    0.
 452.  507.  510.  540.  798. 1164.  465.  291.  189.   34.
487. 548. 543. 572. 650. 914. 593. 345. 229.  69.
529. 700. 747. 763. 986. 580. 420. 182.  43.   0.
461. 441. 606. 552. 772. 987. 529. 328. 184.  90.
 472.  511.  489.  536.  729. 1048.  556.  313.  237.   59.
 526.  637.  752.  784. 1029.  581.  380.  226.   35.    0.
 455.  477.  539.  628.  822. 1207.  459.  226.  101.   36.
438. 524. 571. 579. 751. 893. 568. 344. 202.  80.
 505.  659.  675.  946. 1096.  534.  313.  184.   38.    0.
 473.  498.  467.  478.  866. 1243.  403.  286.  183.   53.
471. 464. 566. 659. 638. 964. 548. 367. 219.  54.
