817. 840. 688. 747. 634. 405. 284. 306. 202.  27.
611. 987. 769. 663. 569. 455. 323. 282. 216.  75.
 402.  424.  444.  444.  496.  473.  614. 1164.  420.   69.
 427.  394.  401.  485.  514.  448.  531. 1433.  284.   33.
395. 479. 664. 746. 921. 482. 435. 403. 351.  74.
 367.  400.  443.  465.  490.  500.  568. 1250.  375.   92.
 418.  583.  674.  707. 1259.  786.  476.   47.    0.    0.
 416.  575.  804.  798. 1318.  614.  385.   40.    0.    0.
 442.  648.  654.  941. 1160.  746.  332.   27.    0.    0.
 480.  534.  666.  922. 1143.  738.  443.   24.    0.    0.
395. 403. 470. 507. 521. 652. 668. 886. 352.  96.
376. 453. 448. 461. 515. 598. 734. 919. 387.  59.
417. 467. 483. 492. 658. 641. 550. 464. 677. 101.
373. 436. 496. 462. 682. 850. 655. 443. 515.  38.
382. 393. 489. 513. 581. 981. 709. 377. 484.  41.
413. 513. 962. 909. 682. 566. 304. 317. 196.  88.
