 462.  464.  539.  510.  592.  850. 1139.  394.    0.    0.
 422.  532.  582.  566.  787. 1069.  866.  126.    0.    0.
 486.  524.  585.  572.  711. 1030.  921.  121.    0.    0.
 453.  419.  455.  550.  640.  734. 1164.  535.    0.    0.
 418.  477.  466.  548.  609.  747. 1263.  422.    0.    0.
 457.  494.  520.  530.  593.  763. 1246.  347.    0.    0.
 539.  562. 1172.  810.  657.  544.  411.  255.    0.    0.
 519.  494. 1049.  933.  698.  444.  362.  440.   11.    0.
352. 573. 632. 619. 637. 893. 913. 331.   0.   0.
425. 654. 659. 631. 512. 858. 897. 314.   0.   0.
