 434.  467.  498.  536. 1026.  619.  625.  537.  208.    0.
 460.  471.  544.  581. 1050.  842.  499.  390.  113.    0.
455. 475. 509. 508. 966. 801. 571. 540. 125.   0.
 486. 1045. 1145. 1044.  676.  410.  144.    0.    0.    0.
 430. 1073. 1207.  924.  641.  429.  209.   37.    0.    0.
 497. 1060. 1314.  993.  574.  367.  130.   15.    0.    0.
 395.  872. 1166. 1076.  695.  419.  194.  122.   11.    0.
 445. 1068. 1114.  994.  622.  454.  215.   38.    0.    0.
 551. 1201. 1305.  983.  556.  260.   92.    2.    0.    0.
 352.  746. 1013.  816.  783.  570.  445.  215.   10.    0.
5.380e+02 1.139e+03 1.206e+03 9.870e+02 6.350e+02 3.390e+02 1.050e+02
 1.000e+00 0.000e+00 0.000e+00
448. 538. 606. 982. 811. 623. 448. 494.   0.   0.
 542.  630.  589. 1246.  689.  718.  481.   55.    0.    0.
 426.  455.  550.  721. 1061.  684.  451.  447.  155.    0.
 479.  516.  547. 1197.  986.  556.  376.  293.    0.    0.
467. 459. 492. 518. 634. 770. 912. 698.   0.   0.
488. 505. 525. 519. 663. 838. 990. 422.   0.   0.
 461.  468.  489.  534.  610.  781. 1183.  424.    0.    0.
 454.  427.  483.  523.  628.  783. 1295.  357.    0.    0.
490. 669. 976. 841. 703. 498. 387. 222. 157.   7.
482. 543. 571. 642. 767. 965. 682. 272.  26.   0.
523. 680. 712. 864. 672. 580. 523. 283. 112.   1.
530. 691. 959. 983. 695. 404. 373. 237.  78.   0.
459. 529. 584. 863. 891. 770. 578. 260.  16.   0.
 555.  589.  977. 1041.  603.  465.  342.  280.   98.    0.
577. 602. 851. 954. 770. 502. 461. 215.  18.   0.
 481.  479.  470.  510.  653. 1266.  606.  381.  104.    0.
461. 493. 516. 562. 747. 935. 687. 388. 161.   0.
670. 967. 650. 558. 509. 410. 364. 338. 297. 187.
558. 653. 753. 787. 606. 486. 409. 401. 281.  16.
 545.  589.  593.  508. 1016.  913.  590.  171.   25.    0.
615. 664. 874. 888. 730. 450. 352. 283.  90.   4.
595. 645. 948. 835. 627. 466. 441. 216. 175.   2.
487. 497. 596. 749. 773. 766. 781. 264.  37.   0.
 516.  707. 1029. 1095.  662.  434.  292.  182.   33.    0.
 520.  667. 1005. 1030.  768.  439.  327.  176.   18.    0.
 478.  481.  512.  599.  613. 1000.  537.  603.  127.    0.
 478.  421.  474.  534.  746. 1283.  550.  332.  132.    0.
633. 919. 779. 624. 515. 487. 371. 302. 202. 118.
584. 651. 666. 867. 817. 732. 251. 165. 175.  42.
 455.  542.  737.  750. 1056.  773.  391.  223.   23.    0.
612. 667. 636. 653. 668. 620. 470. 435. 189.   0.
567. 701. 767. 876. 587. 492. 533. 303. 124.   0.
481. 559. 654. 575. 724. 803. 602. 484.  68.   0.
526. 723. 984. 983. 705. 457. 341. 199.  32.   0.
512. 658. 739. 943. 869. 542. 403. 255.  29.   0.
482. 478. 481. 499. 593. 722. 942. 753.   0.   0.
450. 477. 497. 560. 576. 770. 923. 697.   0.   0.
 459. 1098.  785.  698.  552.  469.  384.  228.  173.  104.
 482.  566. 1013.  764.  532.  557.  435.  355.  228.   18.
 509.  611. 1100.  678.  531.  469.  418.  365.  198.   71.
