339. 850. 935. 868. 872. 623. 316. 135.  12.   0.
269. 686. 818. 876. 973. 705. 393. 187.  43.   0.
450. 468. 723. 816. 671. 915. 676. 231.   0.   0.
425. 487. 654. 926. 698. 846. 733. 181.   0.   0.
435. 470. 663. 791. 671. 869. 753. 298.   0.   0.
 445.  544.  682.  843.  756. 1054.  593.   33.    0.    0.
460. 532. 716. 913. 812. 829. 583. 105.   0.   0.
480. 525. 676. 874. 731. 935. 535. 192.   2.   0.
448. 473. 643. 847. 644. 881. 649. 361.   4.   0.
429. 481. 698. 769. 626. 901. 770. 268.   8.   0.
452. 529. 694. 731. 701. 906. 802. 135.   0.   0.
417. 486. 682. 868. 803. 889. 589. 215.   1.   0.
450. 441. 717. 938. 805. 818. 595. 186.   0.   0.
429. 514. 710. 817. 782. 810. 712. 176.   0.   0.
630. 701. 536. 491. 331. 400. 509. 980. 335.  37.
383. 412. 455. 407. 480. 737. 738. 617. 651.  70.
364. 423. 448. 499. 500. 797. 891. 484. 472.  72.
378. 381. 414. 466. 529. 795. 876. 447. 596.  68.
385. 375. 432. 512. 484. 799. 991. 495. 437.  40.
