480. 555. 723. 987. 572. 504. 414. 405. 268.  42.
461. 536. 899. 968. 682. 508. 351. 322. 202.  21.
851. 858. 750. 660. 562. 474. 413. 228. 113.  41.
495. 536. 984. 995. 671. 560. 419. 252.  38.   0.
 493.  619. 1105.  852.  656.  507.  361.  283.   74.    0.
492. 567. 745. 849. 717. 494. 420. 435. 222.   9.
493. 556. 825. 841. 577. 469. 382. 506. 263.  38.
 501.  704. 1143.  763.  562.  511.  406.  200.  138.   22.
545. 846. 993. 798. 613. 500. 290. 180. 165.  20.
 489.  597.  712. 1013.  892.  475.  434.  166.  158.   14.
514. 927. 785. 706. 592. 433. 383. 264. 346.   0.
401. 448. 582. 581. 984. 679. 587. 404. 284.   0.
 468.  522. 1022.  701.  582.  482.  393.  333.  285.  162.
554. 640. 691. 723. 862. 518. 357. 307. 241.  57.
 463.  476.  540.  677. 1174.  664.  441.  358.  157.    0.
445. 618. 796. 800. 621. 604. 474. 412. 180.   0.
522. 617. 955. 973. 724. 474. 372. 221.  92.   0.
 579.  866. 1013.  785.  588.  462.  346.  207.   82.   22.
 668. 1161.  905.  761.  535.  431.  280.  126.   72.   11.
 452.  458.  651. 1030.  699.  492.  474.  391.  290.   13.
443. 530. 795. 958. 625. 563. 422. 354. 242.  18.
 507.  455.  729. 1156.  701.  532.  279.  339.  225.   27.
445. 499. 930. 953. 643. 549. 399. 305. 195.  32.
