 444.  432.  579.  795.  790.  721. 1124.   65.    0.    0.
459. 496. 656. 752. 732. 892. 906.  57.   0.   0.
 425.  472.  545.  578.  615.  832. 1216.  267.    0.    0.
456. 530. 545. 774. 769. 876. 904.  96.   0.   0.
 427.  492.  540.  682.  719.  771. 1182.  137.    0.    0.
 460.  541.  553.  621.  796.  872. 1089.   18.    0.    0.
 427.  456.  523.  549.  632.  830. 1198.  335.    0.    0.
 413.  484.  559.  620.  733.  792. 1153.  196.    0.    0.
 465.  480.  534.  744.  853.  773. 1050.   51.    0.    0.
466. 474. 528. 703. 882. 915. 969.  13.   0.   0.
467. 517. 633. 728. 826. 750. 976.  53.   0.   0.
440. 504. 579. 745. 878. 910. 871.  23.   0.   0.
 453.  539.  556.  661.  674.  902. 1076.   89.    0.    0.
 450.  459.  561.  676.  789.  754. 1178.   83.    0.    0.
452. 465. 573. 743. 635. 813. 848. 421.   0.   0.
525. 470. 546. 722. 896. 767. 957.  67.   0.   0.
 471.  492.  546.  595.  688.  795. 1229.  134.    0.    0.
 480.  479.  498.  648.  839.  885. 1000.  121.    0.    0.
