734. 970. 787. 803. 647. 372. 278. 250. 100.   9.
749. 932. 774. 730. 624. 455. 293. 234. 125.  34.
458. 454. 512. 506. 652. 940. 927. 501.   0.   0.
 447.  450.  512.  626.  703. 1187.  726.  299.    0.    0.
 424.  471.  519.  606.  656.  817. 1011.  446.    0.    0.
542. 507. 634. 978. 740. 548. 387. 320. 228.  66.
752. 743. 660. 650. 549. 497. 359. 285. 359.  96.
513. 685. 677. 941. 622. 584. 546. 334.  48.   0.
522. 632. 762. 924. 643. 653. 419. 359.  36.   0.
 510.  567.  791. 1109.  690.  548.  378.  311.   46.    0.
 514.  630.  737. 1078.  718.  636.  384.  234.   19.    0.
 495.  863. 1041.  732.  600.  466.  369.  226.  151.    7.
883. 796. 773. 689. 543. 461. 340. 234. 175.  56.
1016.  830.  683.  601.  458.  453.  359.  287.  199.   64.
 442.  571.  664. 1054.  769.  507.  440.  266.  194.   43.
491. 617. 653. 900. 617. 528. 496. 410. 225.  13.
484. 579. 658. 900. 565. 581. 479. 392. 280.  32.
601. 890. 777. 611. 513. 506. 399. 401. 232.  20.
 465.  613. 1109.  728.  638.  489.  362.  315.  175.   56.
 470.  492.  559.  672.  856. 1029.  490.  329.   53.    0.
484. 486. 494. 657. 788. 956. 606. 381.  98.   0.
 378.  445.  512.  535.  635. 1085.  560.  633.  164.    3.
413. 628. 761. 731. 889. 789. 560. 179.   0.   0.
421. 673. 834. 879. 990. 646. 355. 147.   5.   0.
 434.  442.  435.  424.  580. 1053.  612.  695.  254.   21.
468. 436. 428. 452. 616. 781. 654. 762. 347.   6.
875. 842. 735. 561. 523. 461. 404. 322. 179.  48.
793. 806. 657. 561. 430. 488. 476. 353. 278. 108.
 465. 1011.  845.  689.  574.  468.  378.  313.  153.   54.
 350.  402.  416.  425.  465.  512.  566. 1277.  398.  139.
