 452. 1061.  970.  760.  604.  597.  330.  150.   26.    0.
 409. 1083.  948.  892.  630.  488.  304.  145.   51.    0.
 391.  978. 1013.  904.  610.  488.  329.  175.   62.    0.
 429. 1042. 1081.  951.  632.  434.  247.   90.   44.    0.
348. 433. 586. 797. 748. 644. 902. 492.   0.   0.
450. 576. 510. 605. 622. 845. 841. 495.   6.   0.
396. 840. 840. 824. 783. 496. 386. 300.  85.   0.
 355.  437.  528. 1050.  710.  595.  816.  459.    0.    0.
 459.  540.  548.  587.  461.  863. 1015.  474.    3.    0.
422. 839. 794. 873. 795. 544. 431. 217.  35.   0.
