942. 923. 773. 692. 565. 385. 310. 185. 130.  45.
 490.  482.  447.  461.  521.  782. 1341.  426.    0.    0.
 441.  458.  454.  528.  585.  720. 1336.  428.    0.    0.
 351.  397.  416.  459.  537.  500.  543. 1359.  321.   67.
957. 756. 690. 686. 574. 414. 373. 285. 165.  50.
 421.  455.  480.  521.  586.  723. 1301.  463.    0.    0.
 451.  456.  453.  508.  583.  731. 1337.  431.    0.    0.
 368.  362.  420.  457.  496.  469.  555. 1314.  401.  108.
 395.  725.  919.  924. 1185.  526.  263.   13.    0.    0.
 404.  802.  671.  961. 1139.  679.  284.   10.    0.    0.
