482. 474. 555. 748. 889. 734. 546. 450.  72.   0.
471. 497. 535. 629. 729. 697. 680. 547. 165.   0.
 472.  496.  537.  692. 1150.  724.  464.  344.   71.    0.
437. 701. 787. 891. 812. 676. 438. 193.  15.   0.
472. 751. 908. 787. 580. 575. 432. 302. 137.   6.
423. 537. 781. 790. 783. 828. 534. 245.  29.   0.
 435.  659. 1050.  929.  909.  524.  303.  137.    4.    0.
372. 547. 866. 921. 856. 596. 463. 274.  55.   0.
 441.  555.  795. 1032.  700.  572.  355.  371.  129.    0.
387. 462. 693. 683. 922. 814. 601. 357.  31.   0.
450. 608. 763. 791. 630. 575. 537. 259. 306.  31.
434. 751. 791. 667. 886. 717. 384. 275.  45.   0.
 425.  977. 1111.  910.  516.  508.  291.  149.   63.    0.
 407.  484.  629.  740. 1069.  675.  605.  341.    0.    0.
 424.  671.  685.  780. 1152.  533.  359.  211.  135.    0.
468. 717. 887. 866. 876. 681. 317. 137.   1.   0.
 408.  596. 1120.  955.  888.  573.  280.  127.    3.    0.
440. 665. 867. 828. 939. 597. 526.  87.   1.   0.
448. 474. 541. 589. 929. 654. 564. 643. 108.   0.
 421.  645.  911. 1025.  790.  626.  377.  147.    8.    0.
 574.  549.  561.  747. 1076.  687.  381.  250.  125.    0.
 286.  816. 1043.  942.  798.  561.  320.  151.   33.    0.
 391.  443.  585.  685.  761.  815. 1067.  203.    0.    0.
 428.  469.  578.  950. 1018.  547.  493.  422.   45.    0.
 419.  514.  669. 1023.  923.  630.  447.  300.   25.    0.
443. 462. 585. 972. 809. 692. 494. 460.  33.   0.
419. 484. 553. 945. 889. 563. 538. 486.  73.   0.
 509.  477.  497.  760. 1066.  595.  470.  416.  160.    0.
 612. 1008.  952.  696.  537.  479.  320.  250.   96.    0.
447. 502. 620. 907. 744. 585. 576. 448. 121.   0.
392. 473. 663. 748. 909. 711. 569. 485.   0.   0.
643. 793. 828. 665. 572. 454. 414. 349. 169.  63.
395. 599. 844. 875. 830. 584. 458. 272.  93.   0.
465. 759. 884. 672. 633. 531. 380. 511. 113.   2.
 429.  466.  487.  573. 1108.  630.  517.  496.  236.    8.
390. 839. 968. 825. 637. 507. 330. 279. 173.   2.
 414.  862. 1079.  898.  678.  449.  258.  215.   94.    3.
554. 875. 940. 955. 605. 450. 314. 189.  54.  14.
 440. 1026. 1020.  899.  529.  467.  307.  163.   99.    0.
423. 931. 938. 807. 638. 493. 303. 264. 153.   0.
 581.  967. 1049.  969.  574.  371.  236.  139.   51.   13.
441. 846. 882. 859. 615. 530. 321. 306. 141.   9.
 446.  966. 1053.  777.  642.  452.  302.  240.   62.   10.
577. 904. 907. 995. 645. 410. 258. 147.  78.  29.
546. 569. 554. 659. 951. 639. 768. 258.   6.   0.
 478.  462.  534.  731. 1241.  668.  415.  256.  165.    0.
 486.  504.  521.  683. 1206.  667.  595.  271.   17.    0.
521. 597. 595. 664. 813. 513. 632. 524.  91.   0.
