 893. 1127.  986.  719.  433.  337.  243.  162.   50.    0.
 609.  870. 1038.  812.  668.  397.  278.  204.   74.    0.
695. 790. 961. 983. 688. 500. 223. 100.  10.   0.
 762. 1091.  963.  840.  528.  398.  276.   89.    3.    0.
667. 945. 862. 772. 560. 506. 384. 208.  46.   0.
 683.  853. 1002.  809.  609.  440.  326.  168.   60.    0.
 707. 1020.  924.  847.  701.  343.  229.  150.   29.    0.
 755. 1077.  808.  737.  596.  411.  310.  190.   66.    0.
690. 937. 900. 906. 697. 462. 249.  89.  20.   0.
 847. 1001.  777.  675.  613.  508.  378.  128.   23.    0.
 676. 1117. 1009.  679.  469.  499.  286.  149.   66.    0.
742. 967. 955. 840. 593. 495. 215. 132.  11.   0.
745. 856. 925. 988. 727. 396. 195. 101.  17.   0.
676. 890. 880. 784. 532. 487. 390. 244.  67.   0.
769. 997. 882. 698. 493. 487. 413. 200.  11.   0.
 754. 1050.  870.  764.  630.  401.  279.  176.   26.    0.
 785. 1069.  882.  791.  628.  427.  203.  148.   17.    0.
693. 818. 769. 664. 602. 585. 522. 260.  37.   0.
784. 978. 877. 961. 500. 323. 270. 163.  94.   0.
941. 908. 688. 803. 739. 522. 209. 112.  28.   0.
 823. 1073. 1048.  729.  535.  436.  216.   74.   16.    0.
 637.  948. 1006.  957.  554.  403.  244.  151.   50.    0.
712. 943. 911. 850. 589. 558. 268.  95.  24.   0.
 685. 1034.  953.  843.  665.  333.  245.  173.   19.    0.
729. 849. 924. 858. 696. 496. 237. 119.  42.   0.
837. 974. 909. 946. 767. 246. 164.  90.  17.   0.
786. 823. 884. 644. 503. 493. 475. 285.  57.   0.
 701.  701. 1086.  794.  712.  453.  336.  159.    8.    0.
593. 948. 902. 752. 648. 477. 378. 207.  45.   0.
696. 923. 819. 941. 670. 395. 289. 172.  45.   0.
588. 927. 982. 905. 644. 399. 296. 148.  61.   0.
 751. 1002.  989.  658.  520.  380.  355.  233.   62.    0.
 825. 1002. 1075.  742.  471.  361.  311.  136.   27.    0.
 684. 1041.  995.  851.  655.  389.  220.  112.    3.    0.
634. 845. 919. 956. 584. 409. 334. 195.  74.   0.
690. 887. 936. 888. 727. 488. 222.  99.  13.   0.
626. 913. 917. 654. 495. 526. 502. 255.  62.   0.
790. 932. 758. 760. 534. 497. 431. 212.  36.   0.
677. 961. 845. 698. 579. 448. 404. 276.  62.   0.
657. 847. 826. 854. 672. 456. 306. 262.  70.   0.
8.110e+02 1.077e+03 1.034e+03 9.720e+02 6.040e+02 2.490e+02 1.390e+02
 6.300e+01 1.000e+00 0.000e+00
731. 742. 922. 785. 780. 637. 265.  76.  12.   0.
682. 935. 895. 780. 508. 448. 432. 238.  32.   0.
633. 854. 963. 914. 664. 457. 273. 143.  49.   0.
755. 986. 981. 794. 721. 442. 198.  73.   0.   0.
658. 954. 775. 883. 664. 444. 319. 229.  24.   0.
 655. 1019.  995.  763.  434.  439.  353.  233.   59.    0.
633. 855. 951. 726. 547. 500. 404. 294.  40.   0.
663. 979. 947. 789. 593. 416. 352. 177.  34.   0.
 942. 1033.  938.  638.  323.  383.  374.  254.   65.    0.
755. 877. 942. 821. 561. 493. 327. 162.  12.   0.
696. 994. 978. 703. 650. 493. 300. 124.  12.   0.
711. 849. 983. 760. 718. 516. 299. 106.   8.   0.
 741. 1048. 1052.  876.  420.  397.  296.  120.    0.    0.
685. 846. 940. 793. 617. 554. 337. 146.  32.   0.
716. 901. 996. 852. 607. 489. 288. 100.   1.   0.
665. 924. 960. 843. 617. 483. 280. 133.  45.   0.
770. 953. 956. 771. 577. 538. 281.  91.  13.   0.
 747.  909. 1023.  851.  515.  263.  323.  265.   54.    0.
 714. 1012.  867.  901.  635.  405.  242.  138.   36.    0.
 813.  779. 1100.  865.  502.  448.  273.  149.   21.    0.
 700.  683. 1126.  805.  522.  528.  375.  143.   68.    0.
 709.  811.  934. 1044.  643.  398.  259.  141.   11.    0.
738. 740. 691. 687. 919. 645. 333. 185.  12.   0.
 751. 1031. 1080.  738.  507.  439.  299.  103.    2.    0.
821. 966. 899. 766. 683. 496. 248.  66.   5.   0.
 830.  999. 1266.  574.  379.  359.  318.  197.   28.    0.
698. 899. 939. 754. 504. 424. 387. 280.  65.   0.
 800. 1063.  918.  688.  508.  408.  338.  191.   36.    0.
742. 824. 928. 861. 786. 436. 241.  97.  35.   0.
788. 957. 930. 908. 665. 417. 182. 103.   0.   0.
 682.  980. 1066.  886.  615.  445.  219.   57.    0.    0.
748. 892. 929. 750. 573. 452. 386. 178.  42.   0.
717. 972. 967. 784. 494. 382. 327. 211.  96.   0.
708. 997. 903. 697. 659. 488. 286. 174.  38.   0.
 850. 1059. 1049.  842.  561.  306.  206.   67.   10.    0.
781. 870. 968. 772. 663. 548. 279.  68.   1.   0.
 870. 1002.  974.  859.  631.  375.  166.   70.    3.    0.
681. 859. 997. 771. 498. 505. 386. 201.  52.   0.
707. 890. 985. 741. 547. 523. 369. 166.  22.   0.
 822. 1039.  924.  932.  624.  318.  196.   80.   15.    0.
794. 962. 894. 809. 605. 441. 288. 128.  29.   0.
 781. 1039.  972.  743.  562.  395.  280.  142.   36.    0.
678. 842. 781. 807. 585. 380. 476. 350.  51.   0.
 807. 1057.  979.  815.  457.  321.  289.  179.   46.    0.
 806. 1048.  974.  849.  490.  292.  269.  188.   34.    0.
 721.  930. 1150.  831.  604.  334.  199.  152.   29.    0.
 783. 1046.  988.  732.  556.  476.  213.  149.    7.    0.
 636.  743. 1080.  910.  591.  547.  351.   87.    5.    0.
 801.  962. 1006.  822.  606.  403.  182.  142.   26.    0.
 808. 1242. 1068.  648.  411.  315.  280.  144.   34.    0.
 763. 1012.  850.  717.  496.  390.  428.  234.   60.    0.
625. 793. 885. 880. 676. 649. 316. 113.  13.   0.
762. 930. 941. 871. 710. 426. 208.  83.  19.   0.
 735. 1049.  937.  619.  572.  509.  339.  143.   47.    0.
 684. 1007. 1022.  762.  536.  410.  283.  185.   61.    0.
