458. 484. 692. 982. 671. 578. 532. 349. 159.  45.
 444.  533.  677. 1052.  837.  441.  314.  434.  218.    0.
470. 543. 779. 982. 629. 528. 426. 345. 206.  42.
403. 394. 431. 647. 910. 576. 440. 397. 383. 369.
 472.  448.  458.  538.  611.  729. 1385.  309.    0.    0.
 401.  543.  498.  490.  605. 1043.  990.  333.   47.    0.
425. 507. 859. 746. 641. 564. 539. 475. 194.   0.
 434.  647.  882. 1225.  736.  468.  265.  204.   89.    0.
 460.  424.  496.  526.  563.  825. 1143.  513.    0.    0.
386. 555. 834. 822. 777. 705. 546. 325.   0.   0.
 455.  466.  522.  524.  601.  791. 1002.  589.    0.    0.
402. 546. 735. 621. 680. 756. 723. 487.   0.   0.
 432.  508. 1085.  669.  627.  519.  382.  329.  237.  162.
868. 842. 745. 701. 582. 416. 304. 263. 173.  56.
 418.  476.  478.  514.  571.  766. 1288.  439.    0.    0.
380. 441. 465. 479. 802. 569. 570. 537. 603. 104.
 502.  567. 1199.  897.  585.  509.  316.  260.  115.    0.
 453.  520.  822. 1048.  675.  510.  380.  302.  240.    0.
 518.  551. 1273.  615.  571.  550.  461.  368.   43.    0.
