405. 472. 488. 568. 895. 882. 526. 505. 209.   0.
407. 426. 631. 929. 763. 573. 512. 456. 253.   0.
719. 689. 784. 674. 730. 748. 454. 152.   0.   0.
647. 732. 760. 838. 749. 670. 531.  23.   0.   0.
677. 735. 744. 624. 776. 867. 475.  52.   0.   0.
663. 754. 759. 823. 864. 770. 309.   8.   0.   0.
705. 722. 790. 642. 584. 670. 635. 196.   6.   0.
766. 713. 820. 781. 825. 623. 275. 129.  18.   0.
640. 839. 805. 816. 943. 603. 233.  67.   4.   0.
683. 706. 699. 932. 956. 599. 259. 104.  12.   0.
632. 560. 745. 778. 773. 944. 413.  94.  11.   0.
 454.  557.  583.  786. 1059.  564.  359.  385.  203.    0.
474. 917. 732. 624. 554. 555. 543. 366. 160.  25.
 657.  659.  805. 1006.  844.  590.  249.  122.   18.    0.
669. 719. 986. 801. 922. 574. 206.  67.   6.   0.
411. 416. 621. 865. 762. 669. 526. 481. 199.   0.
 509. 1045. 1031.  781.  636.  418.  261.  163.   81.   25.
 456.  466.  546.  727. 1082.  630.  487.  327.  226.    3.
450. 462. 552. 812. 939. 692. 530. 336. 171.   6.
479. 455. 569. 730. 971. 644. 534. 401. 164.   3.
462. 472. 591. 752. 752. 606. 570. 472. 265.   8.
455. 486. 548. 797. 999. 661. 504. 309. 189.   2.
 448.  473.  530.  692. 1113.  655.  468.  382.  189.    0.
451. 498. 530. 722. 952. 620. 523. 387. 264.   3.
470. 520. 542. 717. 736. 611. 571. 469. 311.   3.
914. 802. 691. 638. 571. 456. 387. 295. 156.  40.
865. 841. 750. 669. 574. 450. 372. 233. 143.  53.
868. 752. 647. 610. 568. 482. 364. 343. 249.  67.
447. 534. 804. 747. 623. 561. 528. 367. 339.   0.
 444.  466.  469.  504.  596.  723. 1380.  368.    0.    0.
 468.  494.  449.  517.  602.  726. 1260.  434.    0.    0.
 473.  470.  478.  481.  569.  707. 1325.  447.    0.    0.
 419.  480.  473.  499.  584.  730. 1436.  329.    0.    0.
405. 651. 865. 925. 838. 561. 546. 116.  43.   0.
649. 680. 810. 743. 787. 654. 325. 296.   6.   0.
432. 668. 881. 957. 939. 566. 392.  95.  20.   0.
620. 665. 732. 862. 973. 515. 378. 196.   9.   0.
