533. 792. 707. 690. 769. 555. 374. 267. 210.  53.
 456.  449.  529.  599. 1048.  711.  486.  431.  241.    0.
454. 482. 505. 522. 631. 771. 911. 674.   0.   0.
 524.  490.  479.  500.  653. 1073.  771.  387.   73.    0.
863. 751. 675. 688. 568. 491. 359. 339. 175.  41.
806. 759. 672. 571. 547. 502. 442. 361. 211.  79.
382. 398. 439. 362. 448. 513. 788. 918. 537. 165.
 437.  488.  535.  610. 1019.  724.  518.  351.  268.    0.
432. 460. 475. 516. 655. 831. 950. 631.   0.   0.
 528.  560.  510.  528.  696. 1440.  489.  172.   27.    0.
836. 735. 709. 684. 538. 460. 436. 300. 172.  80.
805. 717. 681. 648. 516. 500. 415. 323. 282.  63.
 340.  423.  401.  449.  485.  496.  539. 1342.  383.   92.
251. 542. 758. 776. 950. 754. 506. 269. 144.   0.
283. 640. 887. 826. 811. 670. 459. 274.  90.  10.
476. 775. 746. 545. 374. 449. 503. 606. 415.  61.
283. 582. 846. 784. 742. 630. 414. 397. 247.  25.
238. 643. 777. 796. 901. 751. 548. 211.  58.  27.
444. 740. 877. 585. 466. 465. 542. 274. 394. 163.
304. 599. 759. 743. 691. 700. 514. 485. 126.  29.
313. 632. 895. 888. 735. 635. 435. 307.  98.  12.
