364. 351. 436. 509. 503. 456. 995. 826. 422.  88.
 496.  483.  633.  790. 1146.  627.  528.  247.    0.    0.
493. 505. 503. 544. 627. 771. 933. 574.   0.   0.
 424.  447.  508.  585. 1044.  761.  465.  340.  376.    0.
750. 758. 692. 657. 492. 378. 390. 477. 335.  21.
 543.  811. 1225.  786.  594.  449.  267.  219.   56.    0.
449. 689. 877. 766. 602. 519. 490. 338. 220.   0.
560. 431. 461. 685. 983. 820. 664. 346.   0.   0.
862. 810. 747. 666. 502. 493. 365. 249. 164.  92.
950. 779. 672. 537. 499. 493. 437. 338. 207.  38.
870. 854. 691. 636. 484. 532. 354. 295. 160.  74.
951. 751. 846. 608. 506. 531. 324. 243. 159.  31.
941. 729. 650. 569. 537. 462. 390. 327. 272.  73.
967. 851. 802. 680. 580. 421. 293. 184. 142.  30.
907. 849. 722. 616. 537. 454. 346. 293. 175.  51.
930. 810. 739. 623. 491. 493. 410. 253. 141.  60.
930. 763. 671. 572. 494. 475. 399. 366. 242.  38.
893. 876. 745. 681. 586. 445. 301. 227. 137.  59.
971. 795. 752. 617. 531. 452. 419. 256. 142.  15.
939. 902. 804. 695. 539. 430. 330. 189. 102.  20.
917. 816. 768. 630. 531. 467. 364. 245. 170.  42.
996. 849. 832. 698. 510. 467. 319. 171.  90.  18.
956. 822. 706. 604. 535. 427. 361. 324. 171.  44.
1004.  895.  750.  668.  517.  466.  355.  171.  105.   19.
895. 806. 741. 633. 524. 450. 399. 275. 179.  48.
932. 811. 738. 631. 541. 441. 399. 249. 158.  50.
939. 844. 742. 603. 554. 443. 382. 237. 163.  43.
913. 831. 719. 700. 577. 428. 312. 270. 155.  45.
939. 913. 775. 641. 560. 445. 370. 209.  80.  18.
936. 850. 574. 466. 445. 467. 475. 401. 253.  83.
856. 800. 735. 629. 535. 447. 370. 286. 163. 129.
979. 731. 634. 660. 541. 453. 406. 284. 203.  59.
950. 867. 780. 646. 523. 452. 344. 224. 134.  30.
1030.  802.  826.  732.  570.  406.  228.  203.  132.   21.
1004.  868.  774.  660.  550.  482.  293.  200.  101.   18.
1036.  934.  820.  685.  537.  433.  304.  157.   41.    3.
940. 863. 784. 658. 640. 376. 314. 197. 144.  34.
943. 817. 677. 636. 546. 401. 329. 306. 223.  72.
993. 923. 728. 629. 541. 470. 372. 198.  87.   9.
870. 855. 721. 645. 523. 465. 387. 262. 140.  82.
