 506.  557.  592.  658.  747. 1496.  390.    4.    0.    0.
490. 749. 874. 970. 788. 635. 289. 144.  11.   0.
456. 551. 651. 983. 897. 585. 497. 241.  89.   0.
752. 830. 750. 637. 614. 563. 472. 276.  56.   0.
5.350e+02 5.810e+02 6.980e+02 7.760e+02 7.090e+02 1.497e+03 1.530e+02
 1.000e+00 0.000e+00 0.000e+00
 428.  460.  499.  524.  584.  719. 1301.  435.    0.    0.
 441.  482.  470.  522.  579.  701. 1293.  462.    0.    0.
 456.  436.  511.  496.  583.  674. 1320.  474.    0.    0.
 450.  461.  460.  578.  643. 1233.  722.  349.   54.    0.
 448.  459.  447.  523.  587.  736. 1311.  439.    0.    0.
 454.  470.  456.  521.  584.  738. 1276.  451.    0.    0.
 468.  433.  470.  498.  574.  720. 1359.  428.    0.    0.
 458.  461.  475.  542.  656. 1108.  743.  398.  109.    0.
