 476. 1137.  716.  679.  502.  477.  329.  274.  195.  165.
491. 959. 763. 625. 565. 435. 419. 328. 188. 177.
 395.  825. 1033. 1026.  910.  442.  227.   64.   28.    0.
 453.  538.  637. 1079.  664.  585.  382.  343.  220.   49.
 467.  504.  512.  536.  882. 1024.  546.  381.   98.    0.
916. 781. 752. 640. 562. 452. 329. 296. 183.  39.
902. 897. 754. 686. 558. 434. 289. 217. 140.  73.
977. 904. 807. 710. 574. 414. 268. 171. 111.  14.
937. 806. 705. 635. 497. 475. 351. 311. 185.  48.
889. 752. 639. 602. 531. 472. 366. 346. 269.  84.
925. 813. 811. 673. 567. 477. 294. 223. 143.  24.
508. 581. 748. 777. 942. 738. 471. 175.  10.   0.
 465.  556.  651. 1001.  762.  895.  593.   27.    0.    0.
502. 623. 760. 807. 887. 810. 460. 101.   0.   0.
502. 584. 569. 779. 751. 935. 775.  55.   0.   0.
474. 574. 689. 797. 902. 776. 545. 166.  27.   0.
489. 569. 659. 494. 807. 964. 890.  78.   0.   0.
538. 615. 586. 848. 814. 890. 550. 109.   0.   0.
527. 570. 744. 792. 843. 757. 665.  52.   0.   0.
