911. 815. 692. 645. 555. 403. 311. 274. 231. 113.
443. 491. 969. 817. 710. 477. 450. 280. 258.  55.
 407.  407.  467.  492. 1054.  742.  366.  369.  484.  162.
416. 412. 460. 554. 961. 552. 458. 340. 600. 197.
 430.  416.  475.  513. 1025.  616.  477.  515.  361.  122.
420. 480. 526. 474. 632. 795. 882. 472. 224.  45.
612. 849. 816. 648. 623. 495. 362. 266. 192.  87.
759. 712. 663. 606. 573. 447. 382. 396. 320.  92.
 388.  425.  445.  545. 1146.  649.  481.  375.  377.  119.
 415.  423.  460.  540. 1051.  590.  482.  377.  404.  208.
 407.  468.  460.  521. 1237.  686.  508.  323.  257.   83.
 394.  373.  540.  451. 1072.  602.  499.  338.  503.  178.
 597. 1048.  786.  662.  517.  435.  382.  262.  157.  104.
343. 404. 409. 460. 508. 490. 918. 674. 577. 167.
471. 894. 786. 639. 569. 463. 400. 314. 177. 237.
 386.  389.  396.  434.  573.  585. 1100.  620.  391.   76.
936. 882. 825. 633. 534. 419. 362. 180. 149.  30.
897. 828. 736. 615. 533. 462. 392. 260. 170.  57.
460. 500. 920. 888. 649. 524. 399. 292. 284.  34.
 443.  402.  466.  458. 1218.  603.  545.  410.  332.   73.
 417.  413.  452.  557. 1275.  642.  459.  381.  256.   98.
 437.  446.  462.  452. 1346.  664.  545.  338.  221.   39.
431. 473. 525. 607. 680. 731. 750. 484. 225.  44.
590. 886. 899. 724. 586. 468. 345. 239. 158.  55.
598. 851. 832. 730. 587. 491. 364. 244. 184.  69.
 398.  443.  473.  555. 1070.  633.  455.  382.  425.  116.
402. 477. 486. 501. 893. 529. 506. 543. 426. 187.
 405.  431.  443.  501. 1191.  633.  437.  451.  360.   98.
 401.  410.  480.  506. 1115.  664.  522.  314.  390.  148.
637. 941. 728. 583. 470. 474. 430. 284. 284. 119.
376. 381. 463. 465. 430. 452. 800. 799. 665. 119.
 454. 1035.  783.  633.  552.  463.  396.  281.  229.  124.
 371.  412.  384.  454.  456.  501. 1062.  713.  491.  106.
878. 816. 735. 626. 527. 461. 389. 262. 170.  86.
948. 884. 761. 624. 540. 436. 368. 201. 119.  69.
 477.  529. 1020.  924.  615.  602.  406.  269.  102.    6.
 405.  448.  462.  552. 1029.  626.  521.  283.  433.  191.
 471.  459.  457.  496. 1208.  668.  548.  324.  237.   82.
420. 429. 510. 591. 941. 511. 571. 410. 375. 192.
 369.  492.  442.  468.  526.  804. 1002.  517.  256.   74.
596. 935. 842. 672. 558. 488. 400. 265. 145.  49.
595. 970. 824. 735. 613. 487. 337. 215. 137.  37.
 436.  407.  429.  507. 1010.  576.  454.  417.  580.  134.
397. 432. 481. 481. 993. 604. 477. 431. 507. 147.
 402.  424.  430.  532. 1170.  702.  454.  315.  395.  126.
 406.  437.  463.  528. 1193.  699.  502.  254.  325.  143.
671. 977. 793. 707. 534. 470. 338. 236. 166.  58.
 372.  374.  413.  456.  482.  550. 1180.  621.  380.  122.
 477. 1028.  833.  667.  615.  451.  339.  289.  148.  103.
346. 397. 433. 516. 485. 515. 910. 738. 532.  78.
876. 776. 708. 586. 457. 471. 429. 300. 236. 111.
