 484.  424.  458.  516.  560.  726. 1323.  459.    0.    0.
 443.  458.  462.  504.  627.  886. 1139.  431.    0.    0.
 453.  438.  474.  495.  583.  735. 1303.  469.    0.    0.
 426.  458.  481.  559.  580.  840. 1129.  477.    0.    0.
 459.  459.  476.  501.  541.  730. 1312.  472.    0.    0.
 458.  509.  473.  533.  617.  824. 1043.  493.    0.    0.
 422.  462.  487.  514.  600.  707. 1308.  450.    0.    0.
 444.  459.  472.  525.  617.  821. 1159.  453.    0.    0.
 431.  462.  487.  516.  623.  700. 1301.  430.    0.    0.
 427.  453.  486.  543.  586.  907. 1191.  357.    0.    0.
 445.  471.  465.  525.  589.  729. 1306.  420.    0.    0.
447. 487. 513. 544. 597. 843. 971. 548.   0.   0.
 448.  431.  469.  547.  605.  723. 1299.  428.    0.    0.
 449.  431.  478.  547.  577.  875. 1070.  523.    0.    0.
 461.  427.  462.  541.  578.  723. 1297.  461.    0.    0.
 456.  429.  466.  580.  612.  846. 1073.  488.    0.    0.
 423.  464.  472.  499.  588.  738. 1308.  458.    0.    0.
430. 473. 479. 543. 590. 795. 976. 664.   0.   0.
