 566.  881. 1013.  734.  575.  511.  368.  192.  105.    5.
487. 847. 972. 704. 582. 501. 394. 262. 130.  71.
550. 972. 637. 626. 559. 442. 363. 269. 255. 277.
454. 475. 531. 667. 590. 937. 640. 626.  30.   0.
447. 567. 910. 912. 617. 543. 412. 293. 104. 145.
 454.  527. 1075.  619.  494.  504.  411.  426.  259.  181.
 453.  421.  504.  565.  637.  933. 1160.  193.   67.   17.
565. 782. 850. 719. 878. 717. 392.  46.   1.   0.
511. 572. 670. 533. 810. 813. 581. 335. 120.   5.
460. 544. 629. 663. 920. 886. 449. 229. 121.  49.
756. 961. 755. 702. 574. 429. 334. 233. 146.  60.
812. 797. 744. 658. 471. 483. 421. 296. 180.  88.
375. 420. 457. 500. 544. 672. 947. 769. 253.  13.
623. 950. 821. 687. 544. 454. 378. 256. 144.  93.
892. 770. 657. 701. 627. 393. 301. 306. 245.  58.
948. 764. 759. 590. 521. 486. 406. 263. 161.  52.
763. 937. 799. 657. 528. 479. 353. 242. 140.  52.
 704. 1026.  897.  739.  760.  546.  256.   16.    6.    0.
865. 819. 715. 671. 571. 424. 322. 279. 185.  99.
677. 987. 789. 730. 530. 471. 331. 240. 143.  52.
 418.  496.  526.  529.  592.  961. 1061.  311.   56.    0.
 454.  523.  652. 1025.  886.  630.  433.  255.   87.    5.
792. 913. 810. 596. 574. 486. 356. 266. 115.  42.
843. 677. 612. 628. 629. 445. 363. 328. 325. 100.
819. 836. 676. 658. 589. 507. 326. 269. 192.  78.
851. 869. 735. 611. 607. 380. 396. 260. 164.  77.
921. 881. 829. 643. 557. 451. 321. 219.  97.  31.
866. 944. 734. 622. 557. 476. 369. 250. 101.  31.
814. 877. 739. 679. 559. 446. 335. 271. 161.  69.
740. 916. 788. 633. 580. 421. 376. 261. 179.  56.
 547. 1137.  801.  708.  672.  420.  258.  182.  153.   72.
646. 943. 692. 631. 606. 443. 336. 306. 233. 114.
 578. 1001.  875.  694.  484.  443.  390.  210.  177.   98.
897. 848. 786. 717. 573. 448. 287. 178. 157.  59.
852. 858. 757. 689. 594. 400. 331. 254. 166.  49.
874. 806. 749. 652. 517. 476. 384. 239. 169.  84.
900. 896. 765. 674. 535. 459. 343. 226. 110.  42.
784. 704. 698. 574. 513. 496. 425. 372. 216. 168.
622. 946. 735. 661. 566. 459. 359. 265. 228. 109.
 556. 1026.  685.  661.  573.  452.  338.  313.  230.  116.
475. 959. 798. 626. 553. 453. 396. 361. 255.  74.
523. 958. 987. 721. 588. 469. 395. 205. 102.   2.
880. 849. 765. 636. 633. 397. 330. 235. 151.  74.
693. 863. 797. 629. 534. 469. 368. 311. 196.  90.
884. 891. 732. 616. 586. 452. 355. 262. 129.  43.
 625. 1066.  957.  720.  541.  482.  281.  169.   89.   20.
 457.  698. 1030.  767.  689.  450.  313.  266.  197.   83.
726. 935. 810. 664. 556. 467. 373. 228. 147.  44.
818. 874. 719. 665. 643. 393. 331. 272. 184.  51.
483. 860. 927. 697. 622. 456. 351. 238. 228.  88.
430. 462. 512. 537. 876. 818. 665. 426. 224.   0.
341. 405. 438. 460. 484. 878. 660. 497. 644. 143.
 409.  594.  865. 1027.  751.  691.  462.  147.    4.    0.
786. 867. 756. 679. 547. 411. 388. 357. 145.  14.
903. 859. 753. 641. 565. 426. 368. 243. 151.  41.
 731. 1022.  892.  739.  506.  452.  342.  174.   75.   17.
 648. 1059.  818.  678.  558.  449.  347.  233.  125.   35.
761. 820. 687. 584. 518. 442. 426. 320. 277. 115.
708. 993. 733. 531. 483. 491. 433. 349. 180.  49.
482. 576. 836. 892. 757. 524. 311. 276. 230.  66.
 367.  750. 1045.  992.  750.  659.  283.   92.   12.    0.
798. 893. 665. 566. 470. 494. 440. 357. 243.  24.
922. 779. 648. 583. 528. 471. 393. 317. 231.  78.
 668. 1054.  882.  755.  609.  412.  290.  172.   90.   18.
 661. 1063.  729.  636.  537.  454.  403.  300.  140.   27.
 692. 1018.  813.  691.  541.  449.  312.  224.  133.   77.
750. 933. 761. 714. 538. 458. 364. 272. 130.  30.
 446.  631.  763. 1017.  614.  567.  421.  228.  205.   58.
383. 732. 935. 991. 822. 637. 267. 149.  34.   0.
 745. 1028.  594.  440.  450.  401.  457.  483.  321.   31.
880. 801. 706. 620. 555. 434. 369. 288. 210.  87.
743. 864. 730. 587. 494. 539. 442. 284. 205.  62.
683. 967. 762. 654. 553. 492. 343. 257. 176.  63.
822. 805. 582. 702. 500. 453. 317. 404. 254. 111.
 671. 1050.  853.  721.  581.  442.  293.  196.  103.   40.
484. 606. 649. 938. 806. 421. 435. 377. 159.  75.
