 449.  416.  454.  516.  699. 1116.  698.  443.  159.    0.
 455.  558.  476.  580.  702. 1153.  797.  229.    0.    0.
681. 974. 670. 543. 548. 522. 470. 329. 185.  28.
498. 880. 850. 694. 575. 471. 380. 289. 206. 107.
496. 862. 966. 793. 546. 480. 368. 218. 128.  93.
 628. 1004.  763.  738.  672.  458.  326.  245.  108.    8.
544. 997. 756. 664. 628. 466. 408. 266. 173.  48.
629. 936. 810. 707. 571. 467. 304. 318. 176.  32.
572. 959. 796. 658. 558. 487. 384. 293. 184.  59.
634. 989. 809. 605. 557. 529. 408. 285. 116.  18.
 410.  475.  478.  528.  622.  802. 1187.  448.    0.    0.
 466.  659. 1033.  761.  662.  491.  479.  274.  125.    0.
 488.  483.  523.  673. 1310.  686.  430.  302.   55.    0.
 477.  491.  516.  668. 1157.  775.  545.  265.   56.    0.
 535.  552. 1025.  807.  685.  484.  333.  206.  199.  124.
 467.  428.  481.  508.  625.  810. 1133.  498.    0.    0.
490. 641. 770. 731. 613. 480. 492. 399. 301.  33.
