831. 831. 748. 572. 526. 515. 334. 397. 190.   6.
478. 497. 660. 606. 872. 934. 453. 382.  68.   0.
 445.  505.  704. 1016.  623.  548.  421.  295.  219.  174.
720. 950. 719. 641. 528. 489. 385. 268. 162.  88.
518. 867. 862. 852. 572. 539. 348. 220. 119.  53.
593. 987. 776. 645. 542. 470. 366. 276. 199.  96.
747. 828. 763. 610. 480. 422. 416. 293. 212. 179.
 492.  760. 1082.  815.  647.  507.  350.  200.   90.    7.
937. 859. 759. 628. 529. 470. 338. 248. 155.  27.
908. 795. 705. 648. 541. 460. 335. 312. 194.  52.
879. 852. 690. 652. 563. 420. 373. 307. 139.  75.
334. 613. 546. 689. 771. 892. 751. 354.   0.   0.
377. 794. 855. 870. 998. 664. 234. 140.  18.   0.
558. 641. 998. 686. 628. 417. 437. 279. 190. 116.
909. 863. 735. 617. 524. 475. 386. 245. 148.  48.
962. 900. 812. 693. 549. 432. 301. 182. 101.  18.
911. 808. 722. 621. 559. 443. 383. 268. 173.  62.
330. 603. 519. 607. 740. 896. 880. 375.   0.   0.
423. 766. 786. 831. 906. 670. 280. 184. 104.   0.
