522. 843. 652. 580. 533. 538. 534. 491. 257.   0.
436. 452. 495. 527. 586. 784. 986. 673.  11.   0.
377. 441. 535. 891. 944. 555. 561. 531. 115.   0.
387. 463. 605. 770. 820. 697. 592. 474. 142.   0.
519. 998. 862. 744. 580. 459. 322. 254. 159.  53.
 489. 1034.  910.  714.  611.  449.  334.  229.  136.   44.
433. 440. 492. 521. 584. 741. 910. 758.  71.   0.
526. 827. 628. 555. 519. 552. 549. 557. 237.   0.
401. 494. 618. 800. 821. 677. 469. 540. 130.   0.
389. 498. 565. 707. 705. 734. 637. 588. 127.   0.
 505. 1001.  800.  713.  627.  455.  328.  308.  169.   44.
 492. 1148.  874.  674.  542.  479.  374.  251.   89.   27.
