901. 776. 774. 596. 593. 388. 399. 230. 195.  98.
920. 809. 717. 585. 485. 508. 411. 268. 178.  69.
931. 825. 708. 588. 518. 506. 399. 262. 163.  50.
934. 803. 745. 637. 516. 450. 408. 257. 150.  50.
980. 809. 659. 594. 507. 471. 415. 321. 165.  29.
916. 844. 748. 665. 553. 435. 337. 257. 143.  52.
944. 883. 780. 682. 547. 418. 282. 220. 145.  49.
911. 901. 851. 657. 503. 463. 317. 214.  95.  38.
 451.  452.  456.  494.  570.  741. 1350.  436.    0.    0.
432. 466. 496. 980. 631. 501. 463. 298. 323. 360.
389. 428. 425. 446. 506. 796. 698. 485. 665. 112.
343. 413. 440. 462. 457. 924. 738. 492. 561. 120.
 341.  411.  449.  440.  508.  546.  541. 1294.  369.   51.
 352.  383.  438.  468.  515.  526.  499. 1376.  326.   67.
 372.  398.  426.  412.  445.  524.  575. 1341.  390.   67.
 371.  350.  420.  463.  494.  446.  558. 1353.  384.  111.
 359.  346.  410.  468.  499.  423.  582. 1330.  366.  167.
 358.  394.  428.  444.  522.  533.  545. 1392.  277.   57.
 354.  366.  397.  468.  457.  453.  570. 1328.  395.  162.
 344.  405.  422.  450.  468.  518.  570. 1327.  370.   76.
 352.  410.  386.  451.  485.  493.  510. 1326.  405.  132.
 361.  386.  401.  528.  505.  465.  487. 1411.  314.   92.
 348.  382.  404.  450.  456.  484.  559. 1327.  408.  132.
 371.  374.  408.  424.  444.  484.  577. 1282.  433.  153.
 357.  380.  441.  450.  496.  521.  514. 1309.  374.  108.
 335.  412.  428.  469.  455.  542.  505. 1335.  384.   85.
 434.  447.  465.  447.  477.  447.  502. 1272.  354.  105.
 362.  388.  429.  425.  524.  517.  487. 1378.  361.   79.
 350.  387.  407.  408.  419.  467.  600. 1274.  455.  183.
 360.  409.  430.  478.  472.  493.  498. 1291.  394.  125.
402. 414. 411. 560. 997. 807. 561. 356. 280. 162.
370. 425. 442. 500. 994. 731. 528. 374. 395. 191.
 354.  415.  403.  452.  434.  466.  575. 1302.  417.  132.
 383.  376.  406.  460.  439.  567.  493. 1286.  452.   88.
 343.  396.  426.  451.  510.  494.  548. 1355.  340.   87.
 377.  362.  386.  492.  505.  461.  563. 1337.  367.  100.
 370.  406.  359.  486.  427.  467.  594. 1273.  441.  127.
 396.  364.  408.  450.  502.  450.  514. 1403.  340.  123.
 388.  347.  451.  431.  501.  563.  486. 1357.  345.   81.
 342.  395.  397.  497.  523.  490.  528. 1326.  352.  100.
 349.  389.  428.  457.  525.  497.  533. 1345.  336.   91.
 380.  359.  376.  486.  447.  466.  540. 1372.  382.  142.
 356.  375.  420.  468.  459.  513.  531. 1309.  405.  114.
 369.  396.  446.  448.  489.  494.  486. 1275.  410.  137.
 340.  412.  426.  449.  470.  467.  507. 1323.  433.  123.
 370.  397.  400.  455.  478.  510.  564. 1299.  362.  115.
 376.  326.  444.  465.  471.  473.  559. 1297.  400.  139.
 344.  376.  392.  509.  486.  492.  515. 1357.  375.  104.
 355.  399.  428.  413.  497.  507.  545. 1341.  377.   88.
 350.  397.  416.  418.  398.  588.  512. 1295.  461.  115.
 372.  393.  414.  434.  475.  433.  592. 1275.  407.  155.
 363.  386.  397.  487.  499.  523.  501. 1344.  361.   89.
 380.  396.  427.  403.  524.  527.  538. 1342.  335.   78.
 334.  392.  449.  443.  491.  518.  531. 1298.  393.  101.
 376.  356.  376.  480.  441.  478.  533. 1336.  418.  156.
 406.  366.  431.  430.  478.  456.  530. 1305.  446.  102.
 354.  392.  431.  435.  478.  557.  587. 1262.  413.   41.
 363.  346.  479.  408.  521.  544.  494. 1315.  379.  101.
 356.  457.  413.  465.  424.  510.  527. 1276.  419.  103.
 346.  365.  385.  535.  504.  487.  524. 1369.  325.  110.
 337.  388.  459.  441.  500.  518.  512. 1322.  382.   91.
 347.  431.  406.  392.  468.  514.  561. 1301.  424.  106.
 357.  370.  428.  449.  493.  485.  563. 1304.  369.  132.
 391.  402.  447.  431.  521.  533.  507. 1395.  278.   45.
 345.  372.  391.  535.  555.  538.  479. 1366.  299.   70.
 385.  438.  425.  425.  525.  488.  490. 1314.  378.   82.
