361. 355. 456. 453. 459. 593. 851. 891. 417. 114.
374. 403. 428. 421. 436. 519. 924. 868. 435. 142.
 415.  653. 1047.  682.  542.  501.  399.  345.  195.  171.
627. 912. 768. 639. 517. 487. 375. 254. 211. 160.
632. 982. 811. 635. 568. 454. 373. 266. 158.  71.
 413.  464. 1013.  752.  621.  464.  419.  318.  233.  253.
 415.  512. 1071.  667.  570.  480.  377.  329.  300.  229.
960. 863. 814. 695. 527. 458. 289. 180. 140.  24.
405. 671. 968. 631. 559. 496. 371. 356. 275. 218.
261. 654. 617. 731. 770. 967. 707. 243.   0.   0.
305. 528. 717. 751. 848. 674. 718. 358.  51.   0.
371. 730. 779. 714. 763. 612. 500. 392.  87.   2.
294. 510. 784. 811. 842. 705. 661. 276.  67.   0.
357. 485. 780. 726. 831. 931. 648. 192.   0.   0.
360. 537. 706. 752. 700. 907. 746. 242.   0.   0.
 305.  449.  856.  684. 1000.  768.  581.  231.   65.   11.
312. 655. 759. 988. 922. 571. 430. 211.  89.  13.
298. 531. 898. 959. 846. 612. 596. 210.   0.   0.
326. 460. 875. 700. 933. 749. 561. 252.  76.  18.
 468.  598.  988. 1016.  787.  511.  369.  166.   47.    0.
290. 706. 841. 941. 866. 735. 414. 141.  16.   0.
