449. 470. 533. 560. 672. 648. 618. 687. 313.   0.
477. 648. 702. 961. 937. 667. 356. 164.  38.   0.
473. 653. 774. 789. 856. 693. 463. 194.  55.   0.
488. 750. 726. 830. 889. 610. 394. 188.  75.   0.
 547.  657.  947. 1009.  703.  475.  298.  212.   92.   10.
 368.  384.  416.  411.  447.  538.  578. 1253.  451.  104.
 442.  458.  462.  506.  559.  681. 1073.  769.    0.    0.
 433.  471.  465.  481.  594.  758. 1300.  448.    0.    0.
 425.  465.  457.  526.  575.  723. 1181.  598.    0.    0.
 431.  446.  489.  526.  569.  710. 1306.  473.    0.    0.
