 370.  377.  414.  473.  515.  556.  677. 1187.  379.    2.
 443.  546.  751. 1010.  684.  535.  403.  323.  195.   60.
 512. 1159.  752.  603.  535.  474.  421.  267.  158.   69.
 497.  642. 1102.  684.  575.  523.  432.  296.  135.   64.
419. 410. 457. 473. 540. 806. 629. 505. 389. 322.
 449.  574. 1048.  931.  671.  479.  361.  230.  165.   42.
 515. 1145. 1133.  813.  573.  356.  221.  129.   53.   12.
930. 903. 771. 657. 532. 439. 331. 230. 117.  40.
262. 750. 664. 853. 771. 623. 606. 285. 136.   0.
346. 799. 914. 791. 843. 648. 361. 195.  53.   0.
390. 752. 841. 831. 933. 732. 289. 168.  14.   0.
274. 539. 638. 820. 740. 680. 355. 465. 356.  83.
2.780e+02 6.060e+02 8.070e+02 1.014e+03 8.940e+02 6.430e+02 4.040e+02
 2.280e+02 7.500e+01 1.000e+00
332. 890. 985. 891. 767. 541. 349. 152.  43.   0.
399. 777. 799. 897. 770. 594. 253. 256. 205.   0.
294. 574. 653. 760. 610. 639. 458. 521. 324. 117.
266. 593. 719. 859. 833. 776. 461. 262. 173.   8.
 488.  598.  578.  552.  723. 1236.  543.  232.    0.    0.
 428.  466.  452.  585.  591.  823. 1205.  400.    0.    0.
 439.  459.  473.  545.  613.  837. 1181.  403.    0.    0.
483. 634. 637. 969. 918. 811. 292. 168.  38.   0.
506. 655. 730. 821. 974. 665. 392. 163.  44.   0.
470. 497. 548. 811. 756. 865. 596. 368.  39.   0.
