556. 935. 842. 698. 571. 389. 431. 311. 119.  98.
457. 860. 999. 826. 573. 535. 308. 241. 138.  13.
 416.  491.  478. 1064.  730.  579.  405.  303.  276.  208.
 435.  469.  470.  494.  580.  794. 1116.  592.    0.    0.
 429.  869.  921. 1050.  840.  486.  244.   79.   32.    0.
367. 414. 504. 494. 551. 967. 774. 629. 231.  19.
 487.  563.  694. 1045.  675.  591.  392.  291.  167.   45.
 502.  630.  660. 1107.  664.  538.  453.  253.  107.   36.
 367.  386.  425.  392.  491.  452.  675. 1189.  421.  152.
 348.  408.  422.  402.  512.  453.  623. 1218.  422.  142.
 373.  349.  430.  458.  480.  522.  637. 1241.  359.  101.
 417.  389.  350.  471.  430.  478.  678. 1231.  386.  120.
 329.  415.  400.  475.  489.  507.  660. 1191.  365.  119.
 404.  358.  386.  381.  418.  494.  799. 1065.  491.  154.
 342.  392.  405.  500.  506.  482.  627. 1264.  338.   94.
 365.  385.  438.  401.  459.  522.  697. 1126.  440.  117.
 342.  428.  418.  432.  474.  538.  653. 1195.  382.   88.
 377.  397.  390.  400.  529.  476.  657. 1198.  380.  146.
 480.  415.  475.  561.  549.  761. 1327.  382.    0.    0.
 449.  463.  449.  513.  556.  764. 1302.  454.    0.    0.
 497.  458.  428.  520.  584.  725. 1181.  557.    0.    0.
 434.  447.  493.  532.  572.  738. 1300.  434.    0.    0.
 425.  462.  476.  531.  584.  712. 1322.  438.    0.    0.
 440.  467.  447.  544.  556.  709. 1355.  432.    0.    0.
