355. 741. 869. 866. 796. 463. 370. 256. 212.  22.
 474.  493.  543.  566.  729. 1160.  836.  149.    0.    0.
458. 496. 553. 616. 770. 940. 785. 332.   0.   0.
247. 527. 578. 563. 668. 808. 894. 522. 128.  15.
447. 455. 595. 727. 767. 809. 539. 318. 293.   0.
 863. 1021.  833.  709.  542.  438.  274.  185.   76.    9.
795. 855. 758. 652. 596. 462. 311. 244. 210.  67.
 464.  496.  530.  580.  783. 1105.  771.  221.    0.    0.
281. 543. 548. 618. 648. 832. 925. 444.  99.  12.
 468.  461.  505.  718. 1061.  720.  515.  291.  211.    0.
803. 807. 702. 618. 422. 501. 413. 330. 223. 131.
889. 871. 663. 598. 504. 417. 416. 355. 187.  50.
485. 797. 835. 632. 693. 553. 618. 303.  34.   0.
 451.  439.  499.  508.  587.  776. 1141.  549.    0.    0.
269. 726. 652. 819. 991. 962. 414. 117.   0.   0.
 435.  475.  500.  480.  534.  652. 1063.  811.    0.    0.
267. 679. 705. 896. 841. 892. 547. 123.   0.   0.
 443.  453.  470.  531.  599.  801. 1248.  405.    0.    0.
 463.  560.  490.  605.  602. 1025.  991.  214.    0.    0.
443. 490. 486. 600. 634. 972. 989. 336.   0.   0.
 351.  776.  935. 1001.  734.  523.  317.  187.  107.   19.
 451.  459.  490.  461.  585.  703. 1338.  463.    0.    0.
