425. 476. 493. 540. 613. 869. 910. 624.   0.   0.
 460.  468.  433.  523.  616.  929. 1009.  512.    0.    0.
456. 446. 486. 503. 648. 875. 959. 577.   0.   0.
830. 929. 796. 677. 526. 477. 364. 208.  97.  46.
571. 962. 806. 628. 501. 563. 381. 314. 200.  24.
593. 954. 739. 676. 509. 483. 433. 305. 204.  54.
942. 917. 779. 661. 619. 453. 358. 134.  78.   9.
544. 987. 701. 634. 528. 458. 396. 377. 237.  88.
836. 760. 767. 630. 513. 485. 410. 233. 236.  80.
877. 744. 694. 625. 490. 500. 382. 307. 261.  70.
477. 857. 987. 619. 481. 484. 395. 348. 218.  84.
463. 783. 978. 560. 628. 410. 481. 331. 237.  79.
 434.  455.  460.  538.  620. 1031.  899.  513.    0.    0.
916. 831. 735. 676. 575. 443. 310. 259. 154.  51.
462. 782. 979. 625. 554. 464. 442. 341. 260.  41.
416. 478. 482. 514. 618. 876. 952. 614.   0.   0.
 462.  474.  461.  478.  624. 1023.  949.  479.    0.    0.
 492.  429.  433.  498.  668. 1033.  799.  598.    0.    0.
422. 445. 509. 529. 624. 907. 948. 566.   0.   0.
 451.  480.  432.  507.  627. 1077.  921.  455.    0.    0.
 484.  458.  559. 1095.  736.  646.  438.  292.  232.   10.
 455.  439.  464.  567.  609.  981. 1045.  390.    0.    0.
506. 518. 539. 540. 657. 859. 813. 518.   0.   0.
 461.  486.  633. 1091.  810.  528.  495.  324.  114.    8.
 447.  420.  541.  485.  653.  846. 1070.  488.    0.    0.
462. 435. 467. 498. 682. 993. 926. 487.   0.   0.
