401. 435. 459. 902. 802. 592. 421. 282. 359. 297.
931. 754. 743. 607. 505. 486. 371. 300. 192.  61.
1002.  904.  781.  737.  573.  392.  226.  215.   87.   33.
757. 676. 739. 868. 803. 524. 554.  29.   0.   0.
929. 848. 742. 625. 532. 492. 400. 234. 125.  23.
961. 853. 711. 578. 513. 465. 403. 273. 157.  36.
384. 489. 644. 879. 769. 560. 405. 412. 301. 107.
755. 667. 688. 659. 546. 539. 464. 315. 241.  76.
919. 825. 718. 569. 544. 433. 432. 288. 163.  59.
930. 881. 814. 670. 549. 438. 319. 195. 114.  40.
1038.  949.  867.  701.  556.  370.  254.  149.   49.   17.
 443.  496. 1071.  690.  551.  483.  421.  314.  285.  196.
428. 429. 490. 937. 934. 583. 472. 328. 269.  80.
949. 833. 705. 626. 531. 461. 401. 260. 131.  53.
907. 816. 745. 674. 513. 473. 357. 240. 148.  77.
415. 457. 485. 939. 684. 583. 439. 364. 315. 269.
964. 891. 754. 608. 529. 450. 322. 241. 146.  45.
956. 859. 790. 676. 527. 422. 329. 211. 143.  37.
913. 799. 761. 589. 575. 407. 396. 278. 166.  66.
948. 878. 755. 632. 546. 462. 363. 241.  94.  31.
904. 784. 687. 619. 477. 469. 408. 310. 184. 108.
999. 867. 689. 610. 491. 480. 434. 226. 114.  40.
963. 903. 804. 668. 571. 412. 293. 203.  91.  42.
977. 805. 736. 629. 493. 510. 398. 213. 136.  53.
918. 836. 778. 587. 537. 441. 367. 271. 139.  76.
910. 864. 773. 690. 531. 449. 327. 241. 125.  40.
968. 830. 788. 723. 537. 399. 372. 206. 106.  21.
 397.  377.  390.  450.  463.  514. 1016.  650.  586.  107.
941. 832. 752. 678. 580. 419. 322. 248. 144.  34.
909. 936. 829. 664. 551. 450. 301. 183.  95.  32.
956. 833. 712. 575. 538. 445. 424. 286. 158.  23.
942. 852. 792. 646. 574. 444. 296. 228. 142.  34.
 599. 1064.  769.  659.  602.  491.  324.  222.  167.   53.
1004.  886.  784.  639.  559.  470.  320.  187.   89.   12.
913. 795. 675. 620. 510. 458. 395. 318. 208.  58.
965. 793. 656. 538. 505. 500. 406. 316. 208.  63.
898. 836. 750. 640. 579. 417. 364. 232. 177.  57.
872. 740. 724. 587. 636. 421. 337. 276. 222. 135.
945. 801. 715. 641. 567. 420. 353. 302. 166.  40.
1069.  942.  849.  735.  568.  342.  227.  143.   69.    6.
948. 861. 778. 727. 577. 402. 294. 219. 111.  33.
918. 828. 686. 636. 539. 447. 372. 315. 155.  54.
919. 720. 665. 652. 544. 451. 351. 270. 270. 108.
919. 839. 765. 565. 537. 456. 403. 245. 159.  62.
908. 728. 633. 588. 557. 433. 368. 311. 293. 131.
914. 874. 727. 669. 555. 440. 350. 252. 135.  34.
926. 850. 795. 616. 541. 434. 364. 230. 140.  54.
929. 854. 715. 649. 538. 444. 350. 285. 151.  35.
835. 809. 714. 637. 581. 442. 361. 264. 189. 118.
627. 643. 760. 860. 756. 457. 319. 293. 168.  67.
591. 647. 684. 743. 911. 560. 365. 296. 130.  23.
582. 636. 698. 772. 808. 428. 368. 386. 192.  80.
636. 793. 781. 679. 616. 586. 406. 276. 150.  27.
576. 675. 681. 599. 803. 563. 453. 371. 183.  46.
592. 571. 705. 641. 757. 691. 363. 367. 195.  68.
593. 676. 735. 912. 734. 620. 285. 241. 122.  32.
574. 611. 613. 691. 762. 602. 466. 424. 169.  38.
568. 698. 741. 784. 715. 550. 355. 312. 152.  75.
561. 624. 639. 682. 912. 556. 398. 401. 140.  37.
592. 626. 750. 865. 823. 467. 358. 317. 118.  34.
594. 613. 745. 822. 724. 519. 420. 319. 155.  39.
641. 620. 716. 661. 668. 622. 495. 375. 129.  23.
660. 608. 598. 750. 867. 541. 503. 312.  98.  13.
631. 709. 742. 832. 727. 571. 311. 249. 139.  39.
665. 759. 693. 554. 564. 681. 455. 373. 166.  40.
588. 615. 673. 706. 850. 664. 434. 262. 125.  33.
637. 703. 854. 687. 676. 470. 375. 302. 184.  62.
620. 661. 654. 736. 799. 522. 445. 354. 134.  25.
602. 643. 702. 744. 754. 582. 418. 330. 147.  28.
611. 663. 649. 800. 852. 580. 490. 228.  62.  15.
915. 850. 738. 679. 572. 421. 309. 215. 184.  67.
811. 863. 786. 798. 697. 554. 323. 101.  17.   0.
771. 740. 683. 728. 670. 658. 442. 208.  50.   0.
765. 799. 708. 654. 701. 607. 462. 209.  45.   0.
765. 686. 666. 650. 599. 704. 532. 297.  51.   0.
726. 804. 771. 711. 708. 534. 479. 167.  50.   0.
782. 739. 736. 780. 673. 597. 446. 162.  35.   0.
740. 778. 710. 697. 713. 597. 457. 201.  57.   0.
759. 678. 759. 704. 602. 691. 476. 228.  53.   0.
762. 723. 582. 622. 750. 654. 526. 274.  57.   0.
741. 701. 706. 640. 605. 662. 532. 270.  93.   0.
816. 743. 670. 686. 615. 662. 486. 211.  61.   0.
755. 776. 824. 744. 642. 602. 409. 162.  36.   0.
779. 760. 688. 734. 700. 641. 435. 177.  36.   0.
942. 879. 761. 619. 528. 488. 348. 227. 125.  33.
612. 651. 715. 601. 752. 660. 415. 350. 173.  21.
