603. 745. 886. 754. 610. 488. 414. 313. 131.   6.
 535. 1001.  821.  697.  583.  462.  385.  272.  161.   33.
498. 788. 993. 671. 627. 495. 388. 308. 113.  69.
372. 398. 485. 464. 535. 862. 566. 440. 643. 185.
389. 709. 899. 891. 896. 689. 305. 130.  36.   6.
259. 679. 918. 971. 919. 667. 422. 108.   7.   0.
326. 621. 746. 800. 881. 787. 567. 156.  64.   2.
264. 635. 674. 687. 784. 950. 633. 323.   0.   0.
244. 620. 833. 926. 956. 683. 495. 182.  11.   0.
318. 663. 834. 807. 857. 881. 370. 184.  29.   7.
248. 617. 705. 820. 907. 750. 650. 235.  18.   0.
374. 612. 798. 932. 928. 640. 419. 219.  28.   0.
373. 931. 936. 828. 646. 504. 383. 255.  94.   0.
 301.  775. 1003.  886.  861.  611.  429.   72.   12.    0.
 457.  670. 1068.  759.  575.  493.  355.  319.  250.    4.
527. 619. 938. 784. 658. 464. 402. 352. 194.  12.
459. 587. 948. 713. 674. 461. 344. 371. 292. 101.
855. 926. 689. 748. 532. 467. 321. 229. 160.  23.
511. 540. 964. 719. 637. 463. 534. 284. 220.  78.
889. 881. 772. 654. 554. 427. 344. 252. 149.  28.
