824. 968. 738. 552. 516. 507. 404. 278. 119.  44.
919. 840. 755. 707. 614. 405. 279. 234. 128.  69.
 770. 1013.  770.  721.  551.  451.  327.  225.  106.   16.
 440.  529.  714. 1075.  732.  524.  388.  290.  182.   76.
 455.  469.  515.  496.  652.  684. 1304.  375.    0.    0.
 474.  445.  455.  529.  630.  800. 1276.  329.   12.    0.
 419.  437.  477.  558.  557.  748. 1263.  434.   57.    0.
 442.  489.  473.  515.  502.  759. 1297.  453.   20.    0.
 412.  493.  519.  498.  619.  792. 1215.  377.   25.    0.
 433.  513.  497.  500.  599.  879. 1124.  384.   21.    0.
 437.  488.  478.  496.  626.  899. 1153.  360.   13.    0.
 440.  427.  532.  614.  576.  874. 1205.  265.   17.    0.
 443.  419.  460.  535.  610.  732. 1275.  447.   29.    0.
 397.  462.  503.  542.  613.  761. 1294.  348.   30.    0.
 429.  453.  512.  539.  574.  719. 1331.  388.    5.    0.
