527. 995. 994. 719. 626. 417. 344. 221.  96.  11.
901. 759. 791. 636. 509. 461. 408. 211. 236.  38.
884. 856. 695. 573. 525. 478. 370. 323. 198.  48.
 467.  970. 1093.  831.  610.  439.  320.  150.   61.    9.
 566.  956. 1059.  750.  545.  442.  344.  180.  105.    3.
 358.  429.  429.  401.  471.  526.  796. 1069.  414.   57.
5.070e+02 5.490e+02 5.690e+02 6.540e+02 5.700e+02 1.087e+03 1.013e+03
 1.000e+00 0.000e+00 0.000e+00
 403.  577.  550.  640.  627. 1114.  988.   51.    0.    0.
463. 594. 589. 850. 946. 927. 497.  84.   0.   0.
 450.  457.  468.  523.  601.  733. 1229.  489.    0.    0.
 473.  467.  471.  552.  575.  679. 1003.  730.    0.    0.
534. 964. 852. 669. 599. 454. 396. 236. 182.  64.
606. 876. 777. 789. 850. 635. 317.  85.  13.   2.
 439.  466.  493.  515.  616.  848. 1033.  540.    0.    0.
 432.  452.  518.  539.  671. 1116.  670.  403.  149.    0.
390. 597. 566. 636. 903. 845. 589. 298. 126.   0.
454. 505. 563. 564. 885. 549. 598. 471. 242. 119.
936. 949. 824. 683. 548. 397. 289. 177.  86.  61.
