941. 812. 796. 683. 544. 466. 295. 232. 143.  38.
 953.  694.  520.  268.   16.    0.    0.    0. 1168. 1331.
2451.    0.    0.    0.    0.    0.    0.    0.  138. 2361.
2675.    0.    0.    0.    0.    0.    0.    0.   91. 2184.
895. 826. 749. 676. 567. 450. 314. 246. 163.  64.
1153.  788.  528.   81.    0.    0.    0.    0.  418. 1982.
2459.    0.    0.    0.    0.    0.    0.    0.  120. 2371.
2459.    0.    0.    0.    0.    0.    0.    0.  140. 2351.
865. 841. 786. 643. 527. 466. 360. 255. 142.  65.
 817.  671.  507.  328.  218.    9.    0.  306. 1837.  257.
2466.    0.    0.    0.    0.    0.    0.    0.  739. 1745.
2459.    0.    0.    0.    0.    0.    0.    0.  747. 1744.
907. 810. 707. 630. 547. 422. 362. 310. 181.  74.
1025.  792.  477.  160.    0.    0.    0.    0.  360. 2136.
2466.    0.    0.    0.    0.    0.    0.    0.  118. 2366.
2451.    0.    0.    0.    0.    0.    0.    0.  152. 2347.
967. 905. 750. 609. 528. 469. 353. 232. 118.  19.
1081.  750.  479.  144.    0.    0.    0.    0.  391. 2105.
2451.    0.    0.    0.    0.    0.    0.    0.  169. 2330.
2459.    0.    0.    0.    0.    0.    0.    0.  160. 2331.
958. 912. 764. 648. 523. 471. 338. 221.  98.  17.
1037.  789.  469.  169.    2.    0.    0.    0. 1448. 1036.
2450.    0.    0.    0.    0.    0.    0.    0.  192. 2308.
2451.    0.    0.    0.    0.    0.    0.    0.  130. 2369.
891. 896. 777. 675. 578. 434. 290. 196. 139.  74.
1198.  823.  392.   53.    0.    0.    0.    0.  457. 2027.
2514.    0.    0.    0.    0.    0.    0.    0.  135. 2301.
2466.    0.    0.    0.    0.    0.    0.    0.  191. 2293.
