271. 477. 814. 944. 914. 561. 631. 279.  59.   0.
326. 688. 945. 882. 896. 576. 382. 249.   6.   0.
472. 699. 947. 697. 583. 517. 403. 286. 132. 214.
270. 366. 834. 584. 897. 695. 644. 450. 182.  28.
412. 605. 855. 876. 863. 593. 327. 323.  96.   0.
328. 545. 804. 731. 816. 986. 582. 158.   0.   0.
318. 676. 952. 848. 840. 713. 398. 202.   3.   0.
320. 542. 843. 769. 854. 940. 520. 162.   0.   0.
281. 444. 723. 555. 687. 682. 743. 566. 234.  35.
 467.  706. 1019.  850.  666.  563.  364.  234.   81.    0.
316. 579. 773. 975. 702. 789. 473. 238. 102.   3.
320. 610. 977. 898. 902. 628. 438. 177.   0.   0.
 309.  784. 1042.  911.  864.  535.  351.  148.    6.    0.
291. 528. 848. 709. 836. 953. 604. 181.   0.   0.
355. 560. 856. 741. 682. 588. 532. 395. 211.  30.
 407.  591. 1139.  705.  601.  452.  429.  279.  223.  124.
316. 709. 848. 966. 741. 746. 317. 222.  85.   0.
291. 556. 887. 840. 847. 885. 500. 144.   0.   0.
 396.  868. 1032.  854.  595.  522.  333.  209.  138.    3.
339. 652. 894. 820. 819. 713. 431. 270.  12.   0.
 477.  681. 1162.  653.  543.  500.  437.  275.  150.   72.
259. 372. 822. 660. 915. 702. 654. 396. 162.   8.
 302.  594. 1027.  769.  944.  612.  512.  190.    0.    0.
 318.  673. 1095.  939.  869.  561.  317.  178.    0.    0.
424. 473. 942. 768. 556. 461. 466. 297. 247. 316.
270. 645. 820. 840. 830. 801. 469. 197.  64.  14.
344. 450. 605. 788. 746. 491. 506. 602. 342.  76.
273. 557. 646. 718. 802. 840. 702. 361.  51.   0.
365. 745. 949. 922. 721. 618. 398. 229.   3.   0.
 449.  457.  456.  474.  527.  777. 1277.  533.    0.    0.
 468.  457.  449.  530.  626.  829. 1513.   78.    0.    0.
 440.  480.  492.  488.  547.  703. 1439.  361.    0.    0.
 492.  483.  469.  461.  566.  811. 1506.  162.    0.    0.
 461.  450.  441.  498.  624.  710. 1336.  430.    0.    0.
 433.  494.  471.  555.  568.  737. 1537.  155.    0.    0.
 461.  490.  489.  491.  542.  699. 1533.  245.    0.    0.
 411.  448.  477.  534.  576.  716. 1275.  513.    0.    0.
 460.  453.  438.  508.  583.  771. 1248.  489.    0.    0.
 451.  453.  463.  537.  602.  741. 1534.  169.    0.    0.
 423.  477.  475.  531.  584.  695. 1347.  418.    0.    0.
 440.  437.  505.  487.  586.  739. 1266.  490.    0.    0.
 458.  426.  498.  504.  544.  822. 1307.  391.    0.    0.
 449.  421.  480.  523.  594.  714. 1247.  522.    0.    0.
 441.  473.  474.  532.  644.  734. 1571.   81.    0.    0.
 485.  439.  477.  517.  545.  762. 1286.  439.    0.    0.
 454.  462.  507.  524.  645.  740. 1557.   61.    0.    0.
 348.  398.  397.  469.  525.  485.  594. 1288.  393.   53.
288. 514. 853. 945. 786. 646. 490. 276. 152.   0.
258. 584. 849. 802. 822. 645. 527. 356.  90.  17.
425. 788. 799. 708. 573. 333. 364. 544. 340.  76.
324. 708. 960. 806. 825. 504. 443. 221. 153.   6.
225. 638. 864. 908. 876. 698. 553. 146.  40.   2.
422. 663. 925. 705. 591. 481. 543. 212. 325.  83.
282. 533. 796. 822. 821. 628. 554. 351. 120.  43.
298. 625. 952. 868. 733. 662. 374. 323. 101.  14.
