 416.  454.  525.  532.  618.  792. 1160.  453.    0.    0.
470. 463. 455. 522. 653. 957. 918. 512.   0.   0.
 442.  455.  493.  531.  620.  757. 1024.  628.    0.    0.
 443.  442.  473.  536.  606.  809. 1106.  535.    0.    0.
 456.  481.  486.  532.  597.  807. 1197.  394.    0.    0.
 436.  473.  491.  496.  589.  833. 1066.  566.    0.    0.
 432.  456.  492.  498.  606.  769. 1204.  493.    0.    0.
 490.  444.  496.  569.  587.  756. 1249.  359.    0.    0.
 440.  473.  471.  535.  609.  738. 1145.  539.    0.    0.
 442.  469.  467.  503.  618.  738. 1251.  462.    0.    0.
458. 492. 599. 852. 909. 585. 374. 381. 250.  50.
 456.  506.  526. 1179.  784.  595.  368.  262.  193.   81.
461. 552. 756. 904. 625. 568. 505. 412. 167.   0.
458. 527. 754. 960. 699. 567. 505. 309. 171.   0.
 433.  514.  517.  553.  705. 1243.  687.  298.    0.    0.
 462.  460.  455.  516.  596.  841. 1157.  463.    0.    0.
 446.  455.  451.  531.  623.  743. 1210.  491.    0.    0.
 392.  451.  504.  522.  576.  716. 1354.  435.    0.    0.
 425.  478.  477.  518.  580.  691. 1337.  444.    0.    0.
 450.  433.  486.  546.  557.  740. 1283.  455.    0.    0.
 425.  491.  488.  595.  692. 1225.  678.  356.    0.    0.
 437.  460.  469.  552.  575.  730. 1087.  640.    0.    0.
 426.  451.  484.  514.  622.  783. 1153.  517.    0.    0.
 453.  445.  450.  505.  614.  683. 1362.  438.    0.    0.
 417.  493.  455.  517.  604.  701. 1306.  457.    0.    0.
 437.  444.  469.  561.  553.  701. 1340.  445.    0.    0.
 543.  517.  664. 1220.  775.  505.  277.  284.  149.   16.
543. 955. 644. 611. 598. 487. 398. 438. 276.   0.
 490.  596.  914. 1126.  697.  522.  340.  183.   69.   13.
475. 565. 765. 965. 677. 539. 415. 324. 175.  50.
504. 601. 843. 932. 655. 538. 443. 280. 136.  18.
 444.  446.  456.  552.  701. 1024.  821.  476.   30.    0.
 408.  462.  475.  504.  599.  730. 1317.  455.    0.    0.
 430.  460.  481.  520.  576.  725. 1312.  446.    0.    0.
 433.  439.  504.  500.  607.  697. 1305.  465.    0.    0.
 472.  434.  504.  535.  635. 1105.  646.  511.  108.    0.
 450.  445.  492.  528.  571.  716. 1279.  469.    0.    0.
 433.  423.  488.  527.  580.  735. 1311.  453.    0.    0.
 444.  449.  495.  510.  562.  692. 1308.  490.    0.    0.
