644. 992. 769. 630. 572. 487. 421. 269. 137.  29.
 451.  487.  539.  624. 1189.  600.  500.  408.  137.   15.
 512. 1215.  901.  765.  589.  433.  252.  191.   70.   22.
 464.  532.  573.  760. 1154.  710.  517.  237.    3.    0.
 383.  761.  870. 1024.  753.  646.  316.  183.   14.    0.
 281.  592.  786.  846. 1030.  803.  344.  231.   37.    0.
423. 759. 777. 750. 902. 689. 424. 181.  45.   0.
321. 696. 936. 876. 767. 569. 483. 187.  64.  51.
 308.  676.  908.  760. 1009.  687.  397.  119.   58.   28.
284. 670. 860. 979. 694. 780. 375. 192.  96.  20.
 358.  625.  751. 1052.  808.  807.  388.  124.   37.    0.
267. 806. 958. 953. 808. 711. 329.  90.  28.   0.
 479.  550.  649. 1143.  733.  568.  471.  271.   82.    4.
641. 938. 753. 674. 591. 475. 317. 284. 146. 131.
787. 904. 831. 670. 584. 428. 309. 246. 109.  82.
