 466.  453.  528. 1269.  723.  570.  480.  287.  174.    0.
 463.  419.  528.  495.  560.  679. 1318.  488.    0.    0.
 433.  507.  455.  511.  647.  723. 1567.  107.    0.    0.
508. 701. 603. 544. 502. 567. 778. 560. 187.   0.
 460.  758.  992. 1076.  672.  445.  451.   96.    0.    0.
 426.  469.  504.  603. 1082.  833.  480.  448.  105.    0.
 484.  550.  556. 1026.  833.  704.  420.  263.  114.    0.
 439.  828. 1008. 1000.  777.  562.  292.   44.    0.    0.
607. 849. 951. 715. 587. 484. 357. 247. 129.  24.
690. 885. 841. 706. 583. 463. 391. 257. 122.  12.
 432.  455.  573. 1122.  794.  539.  468.  332.  235.    0.
429. 474. 480. 998. 906. 607. 449. 349. 258.   0.
 466.  533.  648. 1240.  733.  475.  376.  241.  188.   50.
496. 564. 810. 838. 739. 514. 440. 226. 225.  98.
491. 498. 482. 892. 729. 607. 595. 345. 311.   0.
451. 567. 471. 584. 858. 865. 786. 336.  32.   0.
 491.  453.  505.  714. 1033.  654.  535.  347.  216.    2.
345. 510. 835. 776. 799. 717. 624. 328.  16.   0.
 445.  514.  589.  663.  577. 1364.  623.  164.   11.    0.
355. 518. 715. 786. 778. 906. 599. 268.  25.   0.
 393.  519.  903.  884.  704. 1072.  347.  122.    6.    0.
 382.  390.  978.  774.  714. 1003.  404.  285.   20.    0.
439. 754. 904. 768. 621. 513. 364. 379. 208.   0.
 451.  469.  535.  587.  586. 1292.  757.  264.    9.    0.
 521. 1050.  901.  718.  611.  446.  337.  181.  128.   57.
819. 840. 631. 399. 409. 439. 516. 458. 294. 145.
448. 473. 505. 646. 936. 645. 515. 406. 376.   0.
450. 490. 538. 666. 896. 696. 507. 443. 264.   0.
522. 481. 486. 728. 998. 766. 587. 243. 139.   0.
 432.  461.  536.  725. 1104.  731.  508.  311.  142.    0.
461. 478. 540. 681. 899. 684. 538. 435. 234.   0.
 415.  473.  495.  530.  578.  741. 1226.  476.   16.    0.
4.050e+02 5.070e+02 4.490e+02 5.780e+02 6.190e+02 7.950e+02 1.159e+03
 4.370e+02 1.000e+00 0.000e+00
 468.  479.  491.  690. 1041.  679.  479.  419.  204.    0.
445. 491. 490. 619. 896. 819. 574. 446. 170.   0.
 450.  463.  538.  572. 1077.  921.  473.  287.  169.    0.
 441.  447.  458.  523.  579.  748. 1285.  469.    0.    0.
 452.  472.  488.  512.  586.  724. 1260.  456.    0.    0.
449. 445. 528. 642. 681. 965. 888. 272.  80.   0.
 468.  441.  498.  586.  631.  868. 1150.  304.    4.    0.
690. 915. 802. 715. 578. 446. 371. 218. 185.  30.
 475.  569.  653. 1168.  740.  579.  386.  259.  121.    0.
 487.  465.  681. 1037.  823.  516.  369.  330.  180.   62.
 495.  481.  750. 1010.  811.  534.  411.  283.  152.   23.
 454.  483.  634. 1170.  823.  532.  391.  301.  126.   36.
 544.  565. 1101.  950.  688.  531.  317.  181.   73.    0.
 471.  475.  800. 1050.  601.  531.  452.  260.  261.   49.
 449.  433.  508.  556.  678. 1003.  759.  440.  124.    0.
437. 497. 506. 544. 614. 847. 774. 629. 102.   0.
 447.  438.  475.  560.  663. 1196.  702.  365.  104.    0.
