 394.  511.  439.  457.  658.  693. 1166.  432.  191.    9.
367. 545. 756. 660. 983. 729. 537. 252. 121.   0.
865. 708. 639. 668. 706. 548. 364. 305. 145.   2.
 728. 1008.  815.  723.  583.  429.  303.  217.  113.   31.
657. 904. 732. 710. 499. 487. 365. 287. 269.  40.
 544.  629.  617.  738. 1086.  617.  432.  208.   79.    0.
 489.  546.  574.  669.  980. 1111.  335.  246.    0.    0.
 519.  585.  651. 1012.  838.  497.  409.  260.  165.   14.
488. 553. 642. 666. 897. 868. 375. 326. 135.   0.
 475.  568.  496.  480.  626. 1003.  736.  462.  104.    0.
 420.  479.  507.  483.  589. 1006.  721.  635.  110.    0.
416. 420. 506. 552. 637. 959. 628. 680. 152.   0.
 427.  474.  524.  596.  678. 1076.  628.  431.  116.    0.
437. 455. 472. 565. 619. 962. 592. 600. 248.   0.
442. 436. 442. 467. 617. 910. 713. 704. 219.   0.
