361. 433. 466. 540. 472. 955. 604. 457. 575.  87.
 394.  464.  412.  518.  540. 1122.  562.  396.  491.   51.
 358.  393.  430.  458.  517. 1016.  582.  423.  587.  186.
376. 478. 806. 895. 665. 515. 421. 316. 316. 162.
457. 773. 899. 634. 547. 490. 405. 367. 288.  90.
 363.  367.  421.  487.  435.  470. 1011.  691.  564.  141.
896. 843. 732. 587. 489. 506. 400. 277. 171.  49.
393. 391. 457. 460. 541. 722. 928. 765. 278.  15.
 532. 1002.  759.  605.  495.  476.  469.  364.  191.   57.
379. 425. 459. 487. 525. 967. 591. 584. 489.  44.
564. 966. 634. 624. 606. 403. 378. 397. 307.  71.
789. 946. 745. 616. 508. 446. 393. 262. 167.  78.
 431.  903. 1044.  866.  751.  478.  360.  110.    7.    0.
 517.  772.  986. 1039.  628.  504.  306.  185.   13.    0.
 444.  512.  726. 1230.  735.  535.  336.  257.  175.    0.
 435.  484.  478.  634.  706. 1012.  894.  269.   38.    0.
873. 905. 720. 588. 530. 529. 425. 238. 115.  27.
 429.  441.  511. 1139.  841.  578.  429.  308.  274.    0.
 452.  492.  580. 1135.  928.  572.  368.  255.  145.   23.
396. 409. 418. 511. 495. 830. 642. 838. 380.  31.
4.020e+02 7.540e+02 1.112e+03 9.900e+02 7.070e+02 5.310e+02 2.960e+02
 1.210e+02 3.600e+01 1.000e+00
 466.  631. 1195.  765.  635.  474.  350.  252.  134.   48.
 383.  452.  483.  449.  520.  647. 1015.  800.  194.    7.
 413.  437.  521.  562.  632. 1015.  708.  527.  112.   23.
424. 487. 547. 557. 903. 924. 625. 358. 119.   6.
386. 418. 485. 534. 661. 796. 735. 743. 192.   0.
460. 511. 568. 609. 783. 647. 792. 431. 137.  12.
 465.  506.  644.  662. 1080.  573.  646.  272.   97.    5.
447. 569. 640. 861. 888. 721. 406. 396.  22.   0.
476. 888. 663. 536. 427. 418. 447. 403. 390. 302.
 429.  408.  448.  457.  436.  506. 1246.  716.  237.   67.
 400.  461.  461.  483.  537.  615. 1388.  454.  130.   21.
 568.  604. 1025.  823.  701.  455.  331.  235.  142.   66.
460. 559. 742. 782. 864. 653. 454. 275. 124.  37.
 490.  496.  461.  506.  510.  474.  442. 1142.  394.   35.
543. 750. 885. 627. 553. 443. 415. 337. 244. 153.
422. 758. 957. 794. 636. 455. 357. 290. 231.  50.
739. 993. 802. 655. 555. 466. 345. 226. 131.  38.
 408.  461.  499.  536.  569.  727. 1318.  432.    0.    0.
 447.  484.  454.  493.  579.  743. 1452.  298.    0.    0.
 439.  420.  519.  495.  612.  696. 1333.  436.    0.    0.
 466.  449.  470.  478.  596.  743. 1454.  294.    0.    0.
 432.  473.  466.  525.  584.  696. 1327.  447.    0.    0.
 448.  423.  455.  533.  599.  770. 1330.  392.    0.    0.
 447.  446.  492.  513.  571.  702. 1293.  486.    0.    0.
 438.  482.  481.  516.  556.  702. 1303.  472.    0.    0.
 468.  456.  517.  533.  567.  709. 1445.  255.    0.    0.
 443.  455.  448.  489.  592.  771. 1377.  375.    0.    0.
 442.  447.  527.  513.  581.  699. 1265.  476.    0.    0.
 447.  450.  452.  523.  603.  702. 1441.  332.    0.    0.
953. 885. 787. 691. 521. 459. 296. 209. 102.  47.
939. 834. 752. 673. 572. 433. 324. 240. 134.  49.
889. 801. 686. 642. 567. 438. 356. 286. 197.  88.
927. 831. 705. 674. 526. 460. 346. 297. 148.  36.
474. 867. 998. 881. 719. 407. 347. 197.  60.   0.
824. 844. 751. 675. 537. 493. 338. 234. 178.  76.
 610. 1082.  842.  745.  566.  410.  391.  246.   58.    0.
 389.  583.  670. 1002.  773.  739.  650.  144.    0.    0.
968. 836. 683. 542. 508. 525. 407. 322. 131.  28.
 463. 1047.  840.  740.  597.  491.  290.  253.  201.   28.
492. 783. 889. 849. 859. 461. 348. 254.  15.   0.
 417.  462.  520.  593. 1149.  595.  541.  457.  216.    0.
 511. 1024.  671.  602.  523.  488.  394.  339.  266.  132.
 433.  498. 1130.  728.  599.  489.  386.  295.  269.  123.
488. 798. 924. 733. 636. 499. 313. 249. 190. 120.
413. 553. 876. 799. 586. 492. 371. 325. 285. 250.
383. 517. 998. 979. 746. 754. 332. 241.   0.   0.
 507.  779. 1070.  826.  589.  492.  438.  188.   61.    0.
 500.  789. 1034.  723.  549.  621.  357.  283.   94.    0.
 514.  857. 1026.  874.  625.  409.  375.  239.   31.    0.
 506.  754. 1011.  824.  601.  462.  417.  327.   48.    0.
428. 539. 717. 837. 735. 518. 434. 350. 333.  59.
453. 571. 858. 841. 658. 517. 316. 357. 207. 172.
477. 636. 773. 754. 560. 490. 352. 378. 352. 178.
451. 675. 979. 810. 606. 452. 427. 350. 114.  86.
 400.  548.  568.  588.  713. 1052.  944.  137.    0.    0.
923. 807. 750. 656. 543. 434. 329. 238. 197.  73.
926. 870. 768. 675. 538. 461. 315. 240. 124.  33.
968. 832. 633. 590. 520. 452. 429. 309. 165.  52.
938. 869. 802. 678. 533. 436. 320. 199. 132.  43.
 474.  419.  508.  505.  638.  685. 1384.  337.    0.    0.
941. 828. 865. 696. 495. 478. 290. 180. 154.  23.
478. 565. 572. 816. 931. 576. 599. 413.   0.   0.
 425.  388.  436.  528.  550.  617. 1006.  817.  183.    0.
 398.  422.  617. 1007.  697.  561.  410.  329.  308.  201.
452. 859. 818. 685. 518. 543. 484. 300. 229.  62.
 487.  443.  486.  709. 1102.  669.  472.  359.  223.    0.
383. 657. 888. 716. 770. 487. 414. 308. 327.   0.
 400.  469.  506.  549.  704. 1014.  817.  443.   48.    0.
 490. 1050.  835.  620.  530.  446.  418.  265.  221.   75.
 444.  498.  680. 1150.  721.  553.  429.  446.   29.    0.
462. 854. 824. 610. 494. 473. 432. 351. 284. 166.
433. 451. 428. 516. 612. 828. 790. 729. 161.   2.
 390.  454.  456.  564.  616.  688. 1068.  648.   66.    0.
410. 450. 416. 503. 559. 761. 971. 707. 172.   1.
 435.  419.  489. 1032.  743.  572.  460.  375.  400.   25.
908. 859. 734. 664. 533. 446. 349. 260. 151.  46.
923. 829. 704. 611. 546. 484. 369. 263. 170.  51.
906. 832. 716. 602. 514. 434. 410. 302. 158.  76.
941. 798. 810. 657. 613. 430. 290. 165. 179.  67.
954. 821. 758. 680. 558. 425. 326. 263. 141.  24.
1014.  962.  817.  678.  536.  444.  284.  153.   54.    8.
883. 873. 713. 700. 537. 479. 277. 267. 153.  68.
952. 783. 717. 684. 532. 456. 355. 241. 184.  46.
886. 875. 714. 676. 572. 434. 333. 261. 138.  61.
899. 873. 775. 670. 530. 452. 342. 215. 142.  52.
889. 801. 687. 602. 512. 460. 393. 319. 200.  87.
 640.  945. 1135.  708.  598.  389.  276.  127.  100.   32.
889. 941. 722. 554. 430. 423. 379. 351. 209.  52.
 583. 1052.  766.  688.  590.  500.  339.  257.  137.   38.
 662.  949. 1059.  786.  624.  420.  262.  124.   56.    8.
 533.  931. 1125.  830.  642.  418.  285.  166.   20.    0.
 471.  730. 1149. 1000.  631.  527.  272.  127.   36.    7.
979. 824. 771. 637. 536. 499. 351. 214. 110.  29.
473. 578. 523. 686. 820. 848. 571. 436.  15.   0.
437. 539. 665. 901. 639. 575. 504. 427. 237.  26.
904. 806. 760. 575. 571. 439. 386. 274. 173.  62.
 535.  674.  787. 1009.  706.  522.  402.  214.   91.   10.
 522.  568.  618.  668. 1159.  630.  652.  133.    0.    0.
 560. 1042.  859.  622.  570.  482.  376.  261.  172.    6.
485. 885. 900. 877. 616. 491. 351. 182. 137.  26.
501. 632. 605. 954. 661. 504. 426. 430. 215.  22.
487. 507. 958. 962. 570. 524. 370. 344. 183.  45.
932. 949. 807. 692. 545. 423. 281. 184. 103.  34.
513. 622. 733. 912. 718. 470. 448. 302. 206.  26.
 486.  588.  645.  790. 1248.  610.  500.   83.    0.    0.
 545. 1018.  778.  635.  563.  467.  412.  312.  199.   21.
497. 962. 936. 802. 629. 497. 384. 197.  45.   1.
489. 567. 817. 911. 693. 525. 428. 377. 143.   0.
495. 676. 988. 798. 577. 427. 397. 351. 203.  38.
920. 874. 743. 578. 564. 456. 409. 242. 118.  46.
 549.  587.  643. 1072.  700.  543.  421.  302.  120.   13.
557. 539. 661. 907. 959. 578. 686.  63.   0.   0.
 543. 1010.  821.  702.  613.  449.  308.  300.  197.    7.
 498. 1090.  937.  680.  580.  430.  398.  203.  126.    8.
 645. 1009.  808.  669.  552.  459.  347.  241.  155.   65.
768. 956. 850. 703. 526. 446. 353. 162. 160.  26.
673. 889. 734. 674. 518. 458. 394. 271. 244.  95.
643. 969. 796. 646. 591. 442. 324. 274. 194.  71.
 577. 1054.  840.  634.  596.  462.  334.  245.  162.   46.
 810. 1038.  846.  689.  565.  400.  267.  181.  113.   41.
