 462.  485.  454.  502.  610.  734. 1262.  441.    0.    0.
 621. 1001.  810.  699.  616.  437.  301.  238.  186.   41.
826. 774. 659. 549. 510. 462. 430. 381. 245. 114.
849. 799. 731. 615. 568. 488. 413. 288. 149.  50.
 437.  462.  473.  486.  592.  724. 1333.  443.    0.    0.
 430.  451.  489.  499.  602.  698. 1343.  438.    0.    0.
 494.  490.  462.  501.  511.  722. 1349.  421.    0.    0.
 467.  466.  472.  484.  591.  729. 1308.  433.    0.    0.
 422.  455.  456.  552.  553.  718. 1311.  483.    0.    0.
 441.  435.  479.  520.  589.  721. 1362.  403.    0.    0.
 425.  444.  485.  522.  565.  738. 1313.  458.    0.    0.
 430.  456.  470.  538.  578.  692. 1318.  468.    0.    0.
