 461.  556.  865. 1016.  841.  520.  426.  218.   47.    0.
566. 569. 550. 958. 653. 498. 522. 450. 176.   8.
627. 884. 973. 761. 667. 442. 314. 203.  77.   2.
659. 913. 930. 795. 624. 451. 306. 160. 100.  12.
667. 935. 901. 549. 454. 414. 455. 399. 170.   6.
647. 500. 670. 657. 674. 755. 861. 186.   0.   0.
750. 824. 723. 651. 564. 517. 404. 285. 189.  43.
 462.  497.  466.  552.  591. 1299.  792.  291.    0.    0.
 442.  490.  551.  619. 1244.  708.  405.  321.  170.    0.
 462.  474.  548.  583.  877. 1016.  521.  301.  168.    0.
458. 484. 824. 825. 612. 596. 551. 284. 316.   0.
786. 877. 742. 617. 529. 488. 378. 267. 198.  68.
 462.  570.  645.  706.  955. 1042.  433.  135.    2.    0.
504. 842. 752. 763. 762. 750. 514.  63.   0.   0.
425. 484. 505. 530. 686. 861. 907. 552.   0.   0.
 476.  465.  475.  544.  696. 1178.  808.  308.    0.    0.
788. 712. 682. 548. 606. 461. 397. 375. 329.  52.
 449.  544.  548.  609.  701. 1088.  873.  138.    0.    0.
 438.  468.  464.  519.  567.  752. 1261.  481.    0.    0.
 496.  458.  469.  508.  555.  650. 1294.  520.    0.    0.
 461.  474.  476.  538.  562.  684. 1300.  455.    0.    0.
 439.  444.  468.  508.  570.  729. 1343.  449.    0.    0.
 447.  467.  486.  508.  621.  716. 1234.  471.    0.    0.
 415.  478.  465.  510.  588.  729. 1312.  453.    0.    0.
 435.  434.  472.  531.  581.  708. 1318.  471.    0.    0.
 481.  463.  446.  507.  572.  676. 1239.  566.    0.    0.
 423.  483.  462.  506.  577.  704. 1321.  474.    0.    0.
 409.  465.  471.  541.  580.  723. 1288.  473.    0.    0.
 449.  451.  469.  524.  545.  744. 1296.  472.    0.    0.
 423.  482.  475.  510.  576.  710. 1288.  486.    0.    0.
 419.  434.  510.  502.  591.  686. 1288.  520.    0.    0.
 429.  463.  491.  510.  556.  723. 1309.  469.    0.    0.
 478.  450.  478.  483.  620.  752. 1213.  476.    0.    0.
 437.  446.  478.  497.  603.  718. 1299.  472.    0.    0.
 430.  496.  488.  508.  564.  702. 1266.  496.    0.    0.
 451.  435.  486.  501.  581.  741. 1300.  455.    0.    0.
 442.  480.  482.  501.  586.  701. 1310.  448.    0.    0.
 425.  443.  491.  520.  583.  729. 1303.  456.    0.    0.
 443.  403.  498.  543.  540.  767. 1294.  462.    0.    0.
 427.  479.  476.  521.  576.  681. 1322.  468.    0.    0.
 460.  436.  491.  483.  570.  731. 1256.  523.    0.    0.
 463.  439.  474.  482.  596.  698. 1350.  448.    0.    0.
 437.  451.  471.  511.  597.  718. 1292.  473.    0.    0.
 418.  469.  475.  522.  586.  716. 1318.  446.    0.    0.
 471.  408.  465.  530.  596.  695. 1318.  467.    0.    0.
 427.  462.  466.  499.  599.  750. 1251.  496.    0.    0.
 482.  457.  447.  504.  591.  689. 1349.  431.    0.    0.
 475.  451.  452.  496.  587.  716. 1242.  531.    0.    0.
 452.  489.  467.  508.  555.  666. 1318.  495.    0.    0.
 414.  460.  487.  528.  576.  713. 1294.  478.    0.    0.
 440.  466.  462.  517.  556.  727. 1336.  446.    0.    0.
 440.  478.  483.  516.  564.  739. 1291.  439.    0.    0.
 439.  446.  465.  577.  548.  702. 1306.  467.    0.    0.
 431.  447.  479.  533.  600.  705. 1300.  455.    0.    0.
 440.  464.  493.  575.  695. 1036.  599.  534.  114.    0.
687. 896. 691. 638. 529. 501. 475. 361. 157.  15.
772. 830. 720. 667. 605. 488. 351. 289. 194.  34.
513. 447. 525. 726. 901. 744. 560. 361. 173.   0.
495. 515. 499. 620. 648. 586. 578. 833. 176.   0.
 461.  429.  509.  507.  548.  748. 1305.  443.    0.    0.
 443.  488.  493.  530.  554.  701. 1291.  450.    0.    0.
 429.  449.  481.  510.  572.  733. 1323.  453.    0.    0.
 469.  453.  478.  571.  586.  689. 1288.  416.    0.    0.
 443.  479.  512.  554.  620. 1014.  780.  475.   73.    0.
