 348.  366.  434.  474.  460.  486.  646. 1203.  397.  136.
 426.  384.  414.  376.  478.  492.  696. 1047.  491.  146.
 378.  385.  444.  420.  492.  477.  515. 1347.  374.  118.
 352.  400.  425.  490.  480.  526.  546. 1274.  360.   97.
389. 411. 437. 903. 776. 601. 445. 410. 244. 334.
 393.  427.  432. 1144.  759.  572.  418.  288.  290.  227.
 445.  438.  496.  514.  564.  706. 1317.  470.    0.    0.
 512.  787.  926. 1187.  969.  362.  179.   28.    0.    0.
 434.  438.  483.  529.  565.  721. 1324.  456.    0.    0.
 468.  941. 1087. 1162.  864.  297.  101.   30.    0.    0.
 445.  422.  481.  512.  599.  714. 1319.  458.    0.    0.
 522.  906. 1089. 1164.  843.  300.  120.    6.    0.    0.
 456.  406.  519.  528.  575.  717. 1315.  434.    0.    0.
 505.  893. 1015. 1056.  946.  348.  150.   37.    0.    0.
 427.  462.  475.  511.  565.  712. 1343.  455.    0.    0.
528. 761. 655. 600. 511. 518. 532. 470. 375.   0.
 430.  455.  476.  487.  572.  730. 1357.  443.    0.    0.
 441.  452.  483.  495.  589.  712. 1323.  455.    0.    0.
 427.  456.  462.  509.  593.  721. 1303.  479.    0.    0.
462. 790. 740. 654. 547. 563. 541. 458. 195.   0.
 474.  452.  462.  588.  592.  685. 1286.  411.    0.    0.
 437.  474.  486.  528.  577.  727. 1290.  431.    0.    0.
480. 774. 668. 634. 658. 577. 484. 434. 241.   0.
