 431.  466.  483.  508.  563.  722. 1326.  451.    0.    0.
 407.  475.  475.  509.  593.  719. 1335.  437.    0.    0.
 452.  458.  455.  479.  575.  761. 1334.  436.    0.    0.
431. 446. 531. 555. 643. 922. 659. 526. 212.  25.
 440.  667.  771.  818. 1275.  704.  271.    4.    0.    0.
 442.  728.  800.  886. 1238.  654.  199.    3.    0.    0.
 473.  616.  577.  850. 1238.  784.  402.   10.    0.    0.
 425.  669.  633.  785. 1231.  815.  377.   15.    0.    0.
 476.  613.  672.  858. 1207.  769.  345.   10.    0.    0.
 439.  655.  688.  814. 1250.  749.  349.    6.    0.    0.
