444. 457. 510. 614. 847. 913. 591. 326. 202.  46.
 422.  466.  498.  567.  849. 1078.  593.  306.  135.   36.
 433.  442.  494.  493.  585.  726. 1324.  453.    0.    0.
 429.  461.  478.  517.  575.  712. 1309.  469.    0.    0.
 426.  441.  483.  521.  579.  709. 1339.  452.    0.    0.
 450.  430.  465.  529.  579.  693. 1356.  448.    0.    0.
457. 417. 513. 559. 664. 895. 788. 503. 154.   0.
453. 469. 480. 586. 647. 883. 913. 480.  39.   0.
454. 469. 491. 561. 584. 888. 768. 700.  35.   0.
667. 637. 588. 535. 495. 539. 487. 510. 492.   0.
 445.  484.  481.  523.  558.  696. 1459.  304.    0.    0.
665. 682. 641. 640. 582. 519. 560. 493. 168.   0.
390. 572. 653. 621. 838. 912. 630. 334.   0.   0.
 457.  498.  797. 1010.  655.  554.  477.  357.  145.    0.
 429.  443.  518.  587.  708. 1026.  716.  428.   95.    0.
593. 790. 739. 562. 573. 411. 407. 460. 291. 124.
508. 441. 403. 516. 802. 987. 631. 514. 148.   0.
542. 695. 862. 701. 527. 475. 454. 248. 292. 154.
 420.  477.  492.  540.  588.  726. 1321.  386.    0.    0.
539. 822. 712. 599. 556. 588. 602. 467.  65.   0.
