 445. 1020.  769.  625.  549.  465.  379.  301.  242.  155.
 491.  483.  494.  584.  598.  715. 1066.  519.    0.    0.
 426.  457.  476.  527.  578.  771. 1260.  455.    0.    0.
368. 360. 432. 457. 539. 512. 931. 910. 364.  77.
359. 410. 449. 492. 495. 874. 583. 506. 670. 112.
488. 651. 838. 539. 470. 441. 404. 409. 359. 351.
 431.  427.  486.  513.  562.  715. 1037.  779.    0.    0.
 438.  469.  463.  523.  578.  807. 1170.  502.    0.    0.
 496.  532. 1000.  830.  657.  543.  350.  535.    7.    0.
 439.  418.  483. 1205.  685.  583.  405.  277.  234.  221.
 443.  428.  507.  470.  605.  738. 1428.  331.    0.    0.
 429.  467.  459.  500.  593.  727. 1329.  446.    0.    0.
418. 517. 747. 819. 902. 834. 552. 161.   0.   0.
 469.  587.  553.  779.  946. 1046.  371.  189.   10.    0.
 474.  450.  462.  508.  564.  696. 1544.  252.    0.    0.
 487.  458.  419.  494.  672.  785. 1156.  479.    0.    0.
 420.  444.  489.  533.  578.  691. 1312.  483.    0.    0.
 471.  446.  481.  526.  621.  753. 1168.  484.    0.    0.
 458.  440.  467.  495.  565.  801. 1282.  442.    0.    0.
 454.  469.  499.  495.  538.  709. 1260.  526.    0.    0.
 472.  439.  432.  521.  617.  809. 1158.  502.    0.    0.
 440.  468.  474.  536.  585.  773. 1259.  415.    0.    0.
 414.  447.  474.  522.  582.  735. 1384.  392.    0.    0.
494. 553. 767. 967. 657. 597. 395. 444.  76.   0.
 503.  590. 1124.  810.  619.  485.  449.  370.    0.    0.
728. 660. 528. 518. 465. 475. 440. 476. 660.   0.
528. 555. 937. 834. 637. 556. 394. 509.   0.   0.
 415.  496.  519. 1074.  736.  582.  450.  377.  301.    0.
734. 706. 647. 627. 601. 534. 414. 380. 307.   0.
470. 501. 986. 979. 591. 651. 355. 397.  20.   0.
 437.  467.  498. 1103.  789.  556.  387.  345.  368.    0.
678. 664. 663. 621. 580. 537. 424. 378. 342.  63.
 514.  573. 1012.  951.  678.  488.  413.  321.    0.    0.
427. 423. 520. 944. 657. 505. 498. 426. 501.  49.
670. 668. 663. 625. 552. 518. 452. 436. 366.   0.
497. 577. 944. 828. 646. 581. 443. 434.   0.   0.
 439.  469.  493. 1008.  838.  563.  329.  363.  437.   11.
