 414.  450.  492.  523.  569.  722. 1273.  507.    0.    0.
 455.  464.  489.  511.  566.  692. 1135.  638.    0.    0.
350. 407. 457. 421. 529. 830. 581. 533. 735. 107.
 442.  446.  450.  510.  610.  768. 1239.  485.    0.    0.
 454.  467.  471.  502.  587.  754. 1384.  331.    0.    0.
 416.  385.  420.  465.  538. 1079.  672.  433.  471.   71.
812. 842. 781. 601. 538. 463. 357. 290. 155. 111.
769. 816. 699. 624. 528. 493. 339. 314. 204. 164.
 325.  702.  826. 1020.  793.  488.  506.  288.    2.    0.
284. 651. 642. 846. 800. 659. 597. 401.  70.   0.
453. 971. 733. 606. 521. 434. 447. 335. 235. 215.
 237.  717.  835. 1078.  859.  578.  497.  149.    0.    0.
310. 613. 678. 891. 778. 672. 637. 366.   5.   0.
 262.  627.  827. 1048.  943.  578.  392.  257.   16.    0.
453. 988. 729. 660. 502. 464. 423. 298. 218. 215.
229. 664. 760. 924. 876. 740. 622. 135.   0.   0.
403. 850. 956. 738. 542. 485. 447. 246. 185.  98.
 263.  707.  588.  730.  781. 1004.  634.  243.    0.    0.
456. 789. 782. 862. 743. 369. 307. 290. 243. 109.
396. 979. 952. 646. 487. 448. 448. 305. 219.  70.
 247.  711.  619.  702.  900. 1005.  591.  175.    0.    0.
433. 854. 692. 633. 592. 526. 439. 505. 222.  54.
266. 634. 742. 838. 934. 826. 423. 198.  73.  16.
232. 653. 799. 961. 829. 772. 545. 159.   0.   0.
273. 569. 513. 677. 653. 936. 692. 419. 201.  17.
482. 854. 927. 559. 389. 506. 494. 452. 220.  67.
 400.  385.  470.  474.  468. 1212.  623.  405.  367.  146.
374. 436. 455. 451. 488. 769. 509. 503. 774. 191.
 372.  428.  436.  448.  541. 1125.  559.  420.  491.  130.
380. 451. 432. 437. 500. 709. 518. 423. 837. 263.
