516. 700. 975. 719. 601. 485. 357. 278. 223.  96.
 454.  486.  517.  815. 1085.  633.  474.  319.  158.    9.
 443.  476.  451.  511.  597.  697. 1326.  449.    0.    0.
 454.  464.  468.  482.  590.  716. 1315.  461.    0.    0.
448. 570. 703. 848. 705. 643. 503. 363. 160.   7.
 439.  444.  480.  509.  576.  732. 1307.  463.    0.    0.
 448.  456.  466.  499.  614.  721. 1272.  474.    0.    0.
 425.  593.  690. 1018.  714.  579.  426.  347.  147.   11.
 436.  455.  456.  540.  580.  702. 1318.  463.    0.    0.
 652.  765.  560.  752.  596. 1016.  590.   19.    0.    0.
475. 497. 641. 895. 715. 575. 534. 383. 211.  24.
506. 860. 882. 583. 540. 467. 453. 390. 216.  53.
 426.  438.  506.  491.  583.  739. 1325.  442.    0.    0.
 444.  455.  464.  514.  574.  709. 1348.  442.    0.    0.
 467.  497.  745. 1040.  706.  573.  427.  312.  171.   12.
 432.  477.  472.  471.  569.  741. 1348.  440.    0.    0.
 486.  430.  405.  529.  628.  670. 1355.  447.    0.    0.
476. 558. 712. 923. 654. 608. 420. 374. 222.   3.
 435.  459.  475.  521.  579.  712. 1313.  456.    0.    0.
 651.  705.  625.  610.  700. 1069.  580.   10.    0.    0.
 473.  845. 1022.  714.  582.  517.  351.  265.  135.   46.
509. 497. 639. 929. 770. 604. 506. 326. 163.   7.
 472.  467.  440.  482.  648.  772. 1184.  485.    0.    0.
 473.  468.  460.  521.  537.  752. 1314.  425.    0.    0.
474. 549. 673. 929. 691. 566. 371. 451. 225.  21.
 443.  451.  460.  531.  605.  710. 1300.  450.    0.    0.
 458.  450.  479.  496.  607.  719. 1268.  473.    0.    0.
499. 562. 720. 822. 607. 580. 564. 348. 244.   4.
 444.  474.  452.  523.  536.  724. 1321.  476.    0.    0.
703. 745. 816. 611. 679. 827. 550.  19.   0.   0.
