441. 426. 387. 505. 897. 645. 443. 332. 407. 467.
 472.  433.  439.  444.  559. 1088.  691.  500.  324.    0.
512. 534. 607. 788. 786. 697. 514. 475.  37.   0.
721. 789. 794. 711. 686. 560. 497. 168.  24.   0.
 498.  626.  697. 1073.  826.  553.  430.  188.   59.    0.
 423.  459.  472.  534.  567.  712. 1323.  460.    0.    0.
 455.  430.  454.  504.  608.  753. 1255.  491.    0.    0.
405. 405. 387. 431. 624. 861. 652. 508. 677.   0.
511. 478. 637. 846. 999. 667. 316. 425.  71.   0.
718. 720. 627. 717. 702. 711. 529. 200.  26.   0.
490. 647. 652. 957. 896. 704. 399. 177.  28.   0.
