330. 585. 665. 908. 981. 683. 601. 197.   0.   0.
 433.  461.  468.  533.  590.  689. 1330.  446.    0.    0.
442. 807. 867. 739. 572. 487. 348. 310. 205. 173.
 426.  503.  453.  513.  570.  673. 1340.  472.    0.    0.
431. 462. 991. 700. 627. 486. 389. 341. 229. 294.
 374.  405.  442.  474.  489. 1111.  573.  460.  524.   98.
455. 898. 814. 641. 544. 479. 398. 290. 277. 154.
981. 920. 805. 731. 559. 397. 273. 159.  91.  34.
920. 887. 759. 651. 555. 447. 335. 223. 134.  39.
899. 852. 752. 671. 547. 431. 345. 257. 144.  52.
937. 795. 793. 676. 509. 465. 340. 218. 157.  60.
465. 457. 903. 766. 572. 505. 439. 255. 244. 344.
402. 488. 499. 470. 825. 761. 514. 377. 601.  13.
