 588.  691. 1107.  781.  656.  434.  303.  216.  135.   39.
 563. 1024.  800.  635.  574.  433.  417.  266.  177.   61.
651. 992. 840. 695. 625. 382. 328. 252. 138.  47.
389. 499. 632. 844. 856. 662. 464. 328. 222.  54.
912. 837. 774. 680. 550. 439. 360. 225. 106.  67.
 416.  422.  494.  481.  641. 1007.  646.  630.  213.    0.
429. 465. 575. 775. 880. 654. 427. 374. 342.  29.
486. 514. 672. 863. 659. 708. 560. 317. 135.  36.
454. 443. 516. 613. 589. 665. 796. 567. 269.  38.
365. 602. 665. 985. 945. 841. 377. 119.  51.   0.
 405.  464.  529. 1012.  708.  519.  411.  330.  390.  182.
861. 837. 797. 660. 573. 442. 328. 217. 160.  75.
 437.  491.  536. 1103.  627.  519.  501.  382.  246.  108.
487. 730. 667. 732. 784. 537. 462. 368. 183.   0.
421. 491. 525. 992. 763. 560. 416. 392. 252. 138.
499. 618. 756. 847. 807. 504. 379. 307. 233.   0.
706. 985. 792. 680. 538. 457. 373. 222. 127.  70.
 556. 1088.  842.  709.  522.  457.  354.  176.  159.   87.
369. 425. 460. 494. 626. 850. 500. 440. 687.  99.
382. 406. 429. 429. 573. 781. 461. 474. 787. 228.
658. 926. 737. 714. 569. 471. 336. 241. 176. 122.
384. 404. 494. 524. 944. 743. 522. 403. 496.  36.
448. 375. 418. 466. 586. 519. 944. 827. 300.  67.
712. 831. 794. 482. 575. 412. 407. 345. 223. 169.
875. 874. 761. 672. 519. 477. 341. 242. 133.  56.
842. 846. 740. 683. 560. 465. 316. 232. 203.  63.
526. 658. 914. 769. 660. 464. 404. 400. 143.  12.
558. 991. 878. 630. 469. 485. 438. 234. 219.  48.
551. 576. 945. 835. 679. 523. 356. 286. 148.  51.
 534. 1011.  863.  744.  540.  476.  347.  250.  159.   26.
522. 900. 812. 713. 607. 515. 422. 377.  82.   0.
 705. 1021.  776.  573.  550.  482.  431.  261.  114.   37.
 444.  444.  623.  553. 1064.  749.  426.  394.  194.   59.
436. 465. 533. 667. 765. 866. 976. 242.   0.   0.
 499.  589.  863. 1038.  686.  505.  348.  213.  173.   36.
911. 878. 758. 663. 547. 452. 349. 236. 119.  37.
429. 444. 700. 979. 738. 521. 390. 277. 281. 191.
905. 829. 731. 617. 540. 461. 372. 271. 174.  50.
922. 849. 717. 706. 572. 449. 333. 247. 125.  30.
886. 861. 626. 628. 534. 477. 391. 311. 189.  47.
 482.  497. 1179.  614.  545.  466.  467.  367.  184.  149.
902. 771. 797. 662. 539. 453. 335. 234. 191.  66.
962. 984. 876. 713. 535. 405. 252. 158.  47.  18.
971. 886. 819. 688. 566. 425. 288. 166.  98.  43.
845. 795. 716. 635. 556. 440. 396. 304. 187.  76.
872. 850. 732. 631. 554. 448. 369. 290. 141.  63.
962. 780. 746. 676. 511. 461. 366. 260. 166.  22.
690. 904. 657. 601. 520. 464. 397. 409. 233.  75.
 437.  578.  691. 1003.  616.  540.  478.  368.  202.   37.
926. 846. 700. 608. 539. 474. 414. 263. 132.  48.
 479.  441.  466.  518.  624. 1100.  577.  647.   98.    0.
 462.  519.  528.  700. 1008.  621.  559.  400.  153.    0.
454. 487. 482. 526. 628. 870. 672. 659. 172.   0.
443. 428. 492. 592. 758. 937. 737. 422. 141.   0.
459. 462. 640. 605. 793. 608. 521. 481. 381.   0.
428. 468. 510. 572. 718. 974. 652. 488. 140.   0.
685. 703. 679. 626. 573. 578. 488. 389. 208.  21.
911. 834. 768. 646. 557. 462. 338. 240. 155.  39.
1033.  884.  717.  661.  553.  470.  338.  194.   76.   24.
401. 399. 441. 424. 916. 765. 523. 431. 520. 130.
839. 819. 720. 649. 572. 488. 425. 299. 127.  12.
789. 662. 602. 616. 511. 474. 437. 326. 395. 138.
 434.  451.  524.  530.  665. 1110.  699.  414.  123.    0.
 451.  483.  494.  688. 1225.  687.  463.  224.  235.    0.
754. 954. 792. 722. 584. 444. 287. 242. 126.  45.
560. 983. 756. 704. 534. 449. 442. 317. 194.  11.
855. 853. 752. 609. 573. 434. 368. 319. 165.  22.
918. 799. 700. 647. 545. 427. 366. 270. 219.  59.
466. 433. 526. 727. 650. 432. 467. 467. 579. 203.
915. 904. 779. 630. 514. 452. 342. 243. 122.  49.
1051.  840.  697.  492.  624.  472.  443.  192.  122.   17.
968. 828. 699. 627. 537. 464. 375. 288. 136.  28.
928. 814. 717. 576. 518. 492. 384. 313. 166.  42.
 430.  465.  476.  541.  660. 1161.  822.  347.   48.    0.
 513.  506. 1014.  829.  672.  538.  343.  292.  193.   50.
793. 733. 681. 661. 609. 571. 447. 306. 122.  27.
496. 542. 878. 903. 854. 605. 334. 205.  98.  35.
961. 800. 611. 517. 478. 494. 471. 371. 184.  63.
970. 810. 633. 522. 488. 502. 451. 335. 179.  60.
924. 762. 688. 611. 506. 475. 370. 278. 260.  76.
893. 839. 740. 644. 588. 435. 343. 255. 167.  46.
982. 881. 795. 754. 536. 415. 279. 207.  92.   9.
904. 760. 717. 550. 510. 447. 447. 280. 246.  89.
902. 762. 669. 633. 532. 472. 338. 324. 245.  73.
919. 803. 745. 676. 622. 438. 287. 216. 155.  89.
880. 872. 694. 738. 516. 477. 309. 251. 128.  85.
932. 872. 768. 680. 588. 438. 306. 204. 120.  42.
998. 877. 782. 674. 583. 455. 276. 166. 111.  28.
947. 857. 792. 655. 518. 462. 342. 223. 114.  40.
946. 775. 730. 619. 541. 478. 334. 229. 220.  78.
990. 785. 635. 594. 534. 463. 435. 333. 148.  33.
 494. 1027.  886.  657.  569.  466.  401.  223.  179.   48.
431. 410. 445. 507. 923. 837. 537. 480. 380.   0.
447. 580. 616. 691. 778. 946. 546. 319.  27.   0.
 498. 1003.  669.  807.  532.  450.  353.  300.  198.  140.
555. 687. 979. 674. 617. 489. 383. 303. 214.  49.
 495.  518.  564.  721. 1035.  816.  480.  281.   40.    0.
527. 739. 899. 674. 579. 507. 419. 372. 191.  43.
 482. 1024.  697.  634.  584.  483.  313.  294.  261.  178.
829. 930. 638. 616. 559. 435. 415. 343. 149.  36.
704. 975. 761. 638. 585. 471. 320. 256. 180.  60.
520. 755. 854. 717. 729. 512. 295. 245. 243.  80.
966. 825. 762. 708. 577. 378. 325. 250. 127.  32.
926. 878. 797. 669. 527. 442. 312. 205. 147.  47.
947. 916. 747. 659. 568. 426. 329. 221.  99.  38.
433. 449. 667. 973. 534. 472. 490. 335. 363. 234.
658. 679. 682. 582. 461. 440. 424. 330. 468. 226.
887. 828. 790. 696. 572. 465. 337. 200. 119.  56.
1004.  831.  869.  646.  541.  439.  305.  185.   87.   43.
368. 360. 416. 490. 574. 546. 856. 981. 303.  56.
357. 402. 429. 412. 444. 502. 928. 983. 385. 108.
 423.  471.  477. 1022.  745.  553.  436.  324.  181.  318.
376. 394. 445. 485. 718. 724. 530. 430. 605. 243.
918. 759. 703. 626. 564. 454. 356. 277. 217.  76.
905. 844. 640. 516. 494. 474. 448. 350. 192.  87.
 442.  452.  475.  532.  602.  741. 1238.  468.    0.    0.
 467.  456.  476.  520.  673. 1086.  861.  400.   11.    0.
 430.  462.  473.  593.  659. 1081.  689.  496.   67.    0.
 497.  434.  520.  536.  739. 1073.  653.  465.   33.    0.
 441.  462.  521.  581.  892. 1018.  589.  288.  158.    0.
454. 418. 469. 578. 671. 959. 774. 530.  97.   0.
 452.  460.  460.  490.  612.  791. 1221.  464.    0.    0.
 457.  519.  503.  524.  620. 1286.  687.  325.   29.    0.
454. 431. 532. 503. 636. 906. 693. 650. 145.   0.
 459.  486.  445.  541.  719. 1016.  784.  401.   99.    0.
458. 489. 482. 602. 816. 659. 753. 519. 172.   0.
428. 468. 491. 549. 605. 895. 770. 603. 141.   0.
 440.  434.  469.  525.  610.  793. 1279.  400.    0.    0.
424. 468. 487. 527. 617. 995. 735. 640.  57.   0.
 445.  444.  466.  588.  633. 1006.  744.  595.   29.    0.
 448.  474.  499.  516.  692. 1285.  605.  352.   79.    0.
436. 451. 508. 591. 867. 900. 580. 435. 182.   0.
 414.  472.  475.  560.  629. 1012.  695.  614.   79.    0.
