552. 593. 775. 835. 603. 536. 380. 256. 420.   0.
520. 546. 689. 886. 609. 416. 335. 416. 533.   0.
580. 629. 658. 650. 783. 310. 462. 328. 550.   0.
503. 585. 818. 642. 693. 374. 410. 407. 518.   0.
547. 644. 663. 674. 575. 460. 434. 469. 484.   0.
548. 593. 688. 653. 605. 357. 389. 502. 615.   0.
494. 578. 641. 794. 822. 327. 356. 450. 488.   0.
549. 561. 745. 790. 571. 354. 367. 523. 490.   0.
570. 733. 671. 580. 541. 373. 504. 402. 576.   0.
552. 607. 682. 760. 788. 352. 461. 369. 379.   0.
545. 573. 671. 674. 654. 224. 306. 548. 755.   0.
534. 523. 730. 796. 869. 406. 391. 227. 474.   0.
546. 603. 791. 719. 578. 388. 397. 401. 527.   0.
525. 640. 713. 895. 699. 409. 307. 396. 366.   0.
522. 590. 704. 664. 706. 377. 486. 420. 481.   0.
 477.  455.  470.  516.  567.  665. 1328.  472.    0.    0.
 460.  457.  474.  484.  635.  743. 1234.  463.    0.    0.
 466.  436.  440.  549.  579.  712. 1291.  477.    0.    0.
 410.  496.  471.  493.  591.  713. 1326.  450.    0.    0.
 493.  452.  503.  496.  631.  700. 1256.  419.    0.    0.
 410.  470.  488.  500.  583.  742. 1308.  449.    0.    0.
 480.  451.  511.  492.  483.  721. 1331.  481.    0.    0.
 536.  482.  470.  504.  551.  682. 1325.  400.    0.    0.
 444.  446.  489.  561.  543.  756. 1275.  436.    0.    0.
 441.  415.  504.  509.  549.  770. 1330.  432.    0.    0.
 435.  465.  476.  496.  587.  745. 1281.  465.    0.    0.
 448.  429.  468.  518.  586.  745. 1307.  449.    0.    0.
448. 476. 485. 528. 618. 984. 835. 576.   0.   0.
448. 455. 451. 534. 623. 946. 916. 577.   0.   0.
456. 446. 486. 497. 618. 820. 920. 707.   0.   0.
428. 459. 506. 680. 735. 722. 694. 497. 229.   0.
823. 819. 722. 619. 579. 472. 375. 279. 181.  81.
 427.  483.  509.  527.  782. 1116.  675.  335.   96.    0.
 370.  833.  881. 1027. 1134.  451.  217.   37.    0.    0.
 418.  938. 1099. 1024.  959.  338.  130.   44.    0.    0.
 388.  405.  393.  394.  465.  478.  576. 1342.  394.  115.
 357.  439.  396.  428.  439.  518.  592. 1252.  453.   76.
 433.  475.  475.  510.  589.  866. 1092.  510.    0.    0.
 439.  437.  497.  508.  601.  770. 1039.  659.    0.    0.
 469.  463.  439.  530.  570.  806. 1140.  533.    0.    0.
432. 459. 534. 582. 646. 880. 771. 457. 180.   9.
865. 759. 680. 609. 563. 487. 330. 408. 177.  72.
446. 489. 533. 540. 736. 952. 562. 422. 260.  10.
