435. 792. 785. 647. 636. 453. 381. 304. 242. 275.
441. 806. 929. 664. 590. 489. 396. 288. 190. 157.
895. 805. 727. 618. 522. 465. 389. 267. 192.  70.
 386.  410.  455.  393.  384.  529.  510. 1338.  462.   83.
 322.  417.  413.  440.  494.  508.  523. 1337.  389.  107.
 349.  401.  374.  483.  462.  523.  536. 1306.  401.  115.
 335.  401.  427.  478.  480.  526.  526. 1326.  372.   79.
 332.  444.  407.  391.  446.  540.  542. 1302.  460.   86.
 347.  390.  427.  480.  433.  513.  557. 1315.  369.  119.
 361.  373.  417.  499.  455.  499.  558. 1302.  398.   88.
 357.  377.  423.  467.  500.  480.  532. 1313.  353.  148.
