 461.  448.  444.  544.  566.  732. 1308.  447.    0.    0.
 458.  457.  511.  501.  732. 1321.  473.  349.  148.    0.
 443.  465.  442.  505.  596.  716. 1314.  469.    0.    0.
 427.  472.  473.  537.  580.  690. 1306.  465.    0.    0.
 414.  464.  483.  513.  584.  733. 1315.  444.    0.    0.
 478.  444.  486.  514.  727. 1065.  610.  355.  271.    0.
 433.  465.  491.  488.  567.  713. 1331.  462.    0.    0.
3.840e+02 8.530e+02 8.800e+02 9.580e+02 1.022e+03 6.580e+02 1.940e+02
 1.000e+00 0.000e+00 0.000e+00
 401.  808.  858.  969. 1084.  671.  159.    0.    0.    0.
 435.  436.  471.  536.  593.  701. 1332.  446.    0.    0.
457. 474. 528. 583. 711. 730. 685. 596. 186.   0.
471. 447. 486. 608. 686. 756. 690. 506. 300.   0.
947. 836. 749. 668. 612. 449. 296. 216. 135.  42.
904. 749. 625. 488. 445. 448. 463. 398. 286. 144.
 423.  452.  488.  528.  587.  704. 1299.  469.    0.    0.
 401.  865.  956. 1098.  989.  511.  130.    0.    0.    0.
4.690e+02 8.020e+02 1.039e+03 1.239e+03 9.290e+02 3.970e+02 7.400e+01
 1.000e+00 0.000e+00 0.000e+00
 420.  461.  479.  502.  561.  758. 1330.  439.    0.    0.
467. 444. 496. 572. 760. 967. 626. 455. 163.   0.
459. 479. 514. 572. 693. 932. 551. 491. 259.   0.
1027.  907.  736.  611.  528.  412.  326.  251.  138.   14.
939. 826. 707. 597. 546. 454. 388. 298. 157.  38.
 451.  487.  651. 1066.  746.  570.  432.  341.  182.   24.
 451.  458.  489.  600.  658. 1026.  997.  271.    0.    0.
 512. 1047.  841.  716.  563.  497.  340.  228.  140.   66.
 481.  505. 1023.  917.  700.  518.  411.  245.  136.   14.
533. 699. 964. 735. 597. 491. 357. 221. 245. 108.
830. 803. 685. 604. 543. 459. 391. 305. 256.  74.
519. 832. 986. 752. 591. 487. 347. 248. 129.  59.
852. 831. 697. 649. 541. 446. 358. 299. 210.  67.
 497.  761. 1030.  796.  524.  511.  370.  217.  172.   72.
904. 903. 853. 681. 560. 420. 300. 227.  89.  13.
477. 771. 967. 681. 594. 451. 422. 273. 213. 101.
925. 959. 866. 708. 508. 433. 283. 154.  88.  26.
 455.  509.  598. 1052.  792.  554.  360.  377.  198.   55.
432. 485. 480. 597. 691. 957. 905. 403.   0.   0.
 498. 1035.  805.  694.  555.  453.  383.  289.  183.   55.
421. 570. 926. 779. 613. 550. 427. 390. 261.  13.
537. 790. 788. 682. 561. 448. 438. 306. 236. 164.
842. 823. 810. 626. 588. 416. 373. 238. 167.  67.
 483.  776. 1023.  772.  649.  472.  296.  247.  175.   57.
858. 786. 742. 629. 616. 446. 333. 237. 195. 108.
 433.  447.  479.  498.  573.  751. 1298.  471.    0.    0.
479. 450. 492. 532. 748. 865. 676. 554. 154.   0.
 440.  443.  474.  554.  572.  682. 1323.  462.    0.    0.
 388.  897.  995. 1095.  979.  477.  119.    0.    0.    0.
 423.  849. 1002. 1150.  977.  464.   85.    0.    0.    0.
 440.  448.  460.  528.  575.  721. 1301.  477.    0.    0.
439. 461. 486. 589. 899. 885. 746. 368.  77.   0.
 438.  475.  497.  538.  706. 1033.  503.  526.  234.    0.
 457.  495.  491.  494.  561.  680. 1307.  465.    0.    0.
 469.  475.  501.  544.  752. 1272.  509.  313.  115.    0.
 490.  473.  515.  560.  622.  681. 1223.  386.    0.    0.
 391.  787.  989. 1106.  997.  518.  162.    0.    0.    0.
 397.  892. 1009. 1150. 1000.  443.   59.    0.    0.    0.
 439.  448.  496.  539.  572.  698. 1286.  472.    0.    0.
487. 461. 514. 554. 684. 785. 523. 634. 308.   0.
452. 496. 507. 531. 701. 868. 560. 560. 275.   0.
488. 782. 999. 771. 570. 506. 364. 213. 193.  64.
817. 915. 744. 651. 547. 467. 355. 264. 156.  34.
502. 848. 936. 667. 565. 495. 429. 298. 159.  51.
837. 846. 677. 588. 499. 444. 392. 317. 225. 125.
