260. 521. 684. 722. 747. 734. 737. 481.  64.   0.
277. 645. 666. 709. 855. 957. 630. 211.   0.   0.
239. 488. 651. 798. 787. 720. 623. 394. 160.  90.
279. 633. 666. 785. 823. 968. 590. 206.   0.   0.
344. 761. 838. 818. 764. 593. 461. 230. 141.   0.
242. 530. 697. 933. 648. 833. 523. 341. 186.  17.
288. 456. 735. 837. 676. 776. 508. 332. 275.  67.
 332.  717. 1048.  912.  781.  603.  312.  224.   21.    0.
274. 509. 656. 670. 879. 713. 741. 438.  70.   0.
367. 700. 874. 759. 721. 581. 459. 326. 163.   0.
256. 437. 644. 733. 944. 642. 627. 425. 164.  78.
 451.  438. 1241.  772.  577.  475.  354.  344.  147.  151.
317. 636. 809. 913. 664. 710. 462. 236. 203.   0.
330. 575. 726. 818. 753. 582. 635. 242. 285.   4.
431. 457. 961. 644. 664. 542. 318. 282. 340. 311.
251. 674. 660. 825. 898. 803. 527. 312.   0.   0.
221. 516. 738. 713. 867. 683. 668. 349. 137.  58.
388. 526. 772. 907. 608. 546. 487. 294. 264. 158.
 273.  793.  999. 1050.  865.  519.  308.  132.   11.    0.
314. 684. 940. 906. 854. 619. 416. 175.  42.   0.
282. 550. 710. 851. 676. 770. 583. 330. 184.  14.
252. 504. 766. 821. 855. 765. 511. 324. 123.  29.
475. 515. 938. 506. 486. 410. 336. 467. 430. 387.
263. 455. 745. 826. 859. 669. 590. 343. 147.  53.
 277.  615.  863. 1004.  938.  537.  506.  206.    4.    0.
