898. 861. 761. 643. 522. 451. 381. 253. 139.  41.
948. 857. 752. 636. 539. 454. 353. 250. 130.  31.
995. 961. 802. 661. 584. 411. 284. 154.  81.  17.
951. 802. 739. 564. 509. 467. 400. 320. 160.  38.
924. 812. 743. 631. 554. 468. 326. 289. 171.  32.
891. 829. 674. 594. 501. 475. 421. 296. 180.  89.
952. 852. 734. 618. 553. 467. 339. 264. 119.  52.
925. 888. 749. 643. 530. 452. 347. 229. 142.  45.
865. 799. 716. 639. 501. 474. 393. 267. 191. 105.
924. 737. 657. 593. 468. 479. 369. 315. 290. 118.
961. 842. 739. 621. 570. 445. 366. 256. 123.  27.
977. 898. 729. 638. 569. 465. 359. 210.  78.  27.
 684. 1170. 1072.  726.  499.  389.  243.  124.   32.   11.
519. 808. 821. 699. 639. 510. 397. 369. 174.  14.
506. 881. 833. 675. 611. 604. 428. 262. 149.   1.
501. 654. 946. 837. 672. 519. 418. 275. 117.  11.
 520.  490.  652. 1345.  717.  527.  346.  220.  116.   17.
 436.  683.  889. 1012.  693.  520.  435.  267.   15.    0.
 445.  499.  526.  536.  871.  818. 1093.  162.    0.    0.
435. 509. 645. 485. 915. 917. 961.  83.   0.   0.
 411.  497.  609.  541.  867.  812. 1092.  121.    0.    0.
457. 481. 574. 756. 891. 625. 489. 459. 202.  16.
 493.  508.  552.  818. 1183.  611.  417.  227.  137.    4.
 478.  506.  524.  622. 1036.  628.  437.  367.  321.   31.
480. 497. 526. 737. 992. 698. 430. 287. 273.  30.
 478.  485.  554.  758. 1025.  662.  472.  345.  165.    6.
446. 457. 562. 703. 660. 843. 673. 379. 227.   0.
 463.  532.  522.  520.  783.  895. 1107.  128.    0.    0.
 445.  504.  561.  535.  824.  781. 1146.  154.    0.    0.
 425.  493.  601.  505.  918.  781. 1066.  161.    0.    0.
949. 822. 752. 693. 607. 395. 328. 229. 158.  17.
991. 693. 621. 690. 566. 419. 292. 337. 280.  61.
960. 895. 825. 658. 565. 426. 314. 196.  82.  29.
937. 874. 754. 630. 544. 459. 347. 250. 139.  16.
929. 845. 763. 617. 542. 460. 383. 226. 155.  30.
968. 824. 661. 593. 496. 425. 405. 341. 172.  65.
917. 823. 802. 673. 561. 409. 372. 184. 125.  84.
953. 730. 723. 709. 525. 451. 364. 247. 174.  74.
918. 886. 730. 657. 560. 461. 356. 211. 132.  39.
940. 739. 796. 661. 538. 489. 292. 249. 197.  49.
955. 858. 771. 639. 546. 480. 357. 198. 100.  46.
918. 807. 723. 627. 517. 472. 392. 249. 181.  64.
967. 858. 807. 687. 547. 449. 277. 212. 127.  19.
909. 830. 731. 594. 503. 461. 426. 241. 200.  55.
902. 810. 743. 582. 541. 427. 412. 290. 162.  81.
1039.  865.  802.  719.  577.  355.  266.  171.  108.   48.
898. 767. 712. 607. 529. 466. 361. 322. 206.  82.
900. 806. 752. 574. 570. 422. 418. 265. 171.  72.
 360.  409.  447.  444.  450.  619.  780. 1039.  359.   43.
 374.  401.  385.  537.  509.  581.  756. 1013.  318.   76.
480. 537. 761. 854. 801. 582. 478. 247. 167.  43.
421. 524. 491. 590. 736. 840. 746. 377. 160.  65.
395. 401. 478. 438. 461. 513. 893. 938. 369.  64.
 391.  416.  419.  453.  481.  555.  687. 1112.  359.   77.
 376.  426.  453.  481.  497.  529.  660. 1152.  341.   35.
