 456.  499.  482.  527.  601.  754. 1065.  566.    0.    0.
 455.  491.  534.  881. 1094.  648.  462.  223.  162.    0.
883. 824. 672. 602. 549. 429. 380. 328. 185.  98.
 429.  436.  465.  535.  566.  810. 1048.  661.    0.    0.
442. 512. 700. 963. 629. 603. 502. 383. 203.  13.
 504.  512.  481.  485.  553.  703. 1137.  575.    0.    0.
477. 545. 796. 956. 651. 561. 481. 303. 163.  17.
 448.  495.  523.  696. 1169.  707.  465.  364.   83.    0.
 440.  661.  677.  778. 1005. 1023.  357.    9.    0.    0.
611. 557. 527. 564. 550. 540. 526. 591. 484.   0.
529. 920. 878. 737. 617. 480. 376. 234. 146.  33.
 388.  431.  454.  471.  504. 1045.  638.  401.  464.  154.
 407.  441.  494.  516.  632.  947. 1015.  425.   73.    0.
 442.  480.  453.  546.  541.  695. 1337.  456.    0.    0.
 444.  476.  467.  524.  578.  740. 1267.  454.    0.    0.
780. 767. 570. 503. 444. 511. 486. 519. 354.  16.
289. 694. 697. 784. 955. 888. 494. 149.   0.   0.
333. 672. 722. 777. 906. 953. 478. 109.   0.   0.
300. 635. 611. 635. 783. 933. 743. 310.   0.   0.
314. 673. 791. 763. 965. 905. 346. 193.   0.   0.
309. 631. 691. 718. 886. 943. 587. 185.   0.   0.
282. 696. 697. 817. 905. 960. 377. 216.   0.   0.
571. 567. 514. 517. 552. 648. 709. 840.  32.   0.
424. 505. 552. 864. 818. 609. 539. 371. 240.  28.
474. 485. 613. 632. 825. 580. 450. 513. 353.  25.
