 523. 1035. 1122.  982.  617.  415.  186.   65.    5.    0.
 413.  542.  605.  620.  723. 1006.  550.  319.  134.   38.
 546. 1044.  766.  753.  697.  528.  401.  188.   27.    0.
458. 933. 733. 770. 716. 576. 470. 266.  28.   0.
 442.  540.  560.  587.  657. 1370.  618.  173.    3.    0.
 476.  472.  523.  582.  630. 1350.  676.  231.   10.    0.
 497.  726. 1132.  903.  560.  439.  384.  236.   64.    9.
 489.  490.  713.  556. 1017.  911.  468.  210.   96.    0.
 430.  527.  590.  642.  920. 1154.  386.  189.   95.   17.
489. 515. 460. 582. 944. 983. 456. 291. 184.  46.
452. 487. 631. 731. 872. 751. 522. 275. 192.  37.
437. 530. 598. 650. 780. 882. 537. 320. 170.  46.
 513.  506.  526.  545.  662. 1376.  653.  167.    2.    0.
 507.  540.  575.  568.  590. 1433.  628.  104.    5.    0.
 484.  507.  551.  593.  562. 1276.  757.  218.    2.    0.
 469.  476.  520.  622.  579. 1297.  677.  293.   17.    0.
 446.  520.  597.  585.  733. 1326.  600.  141.    2.    0.
 550.  623.  474.  749. 1209.  949.  248.  132.   16.    0.
 486.  567.  661.  661. 1034.  933.  405.  161.   42.    0.
 483.  516.  636.  710. 1076.  949.  354.  146.   80.    0.
 482.  611.  674.  629.  819. 1032.  454.  208.   41.    0.
513. 540. 613. 669. 954. 860. 425. 281.  95.   0.
471. 562. 643. 689. 947. 914. 455. 213.  56.   0.
 520.  573.  625.  784. 1028.  868.  343.  170.   39.    0.
507. 673. 517. 669. 905. 945. 435. 275.  24.   0.
 439.  531.  581.  635.  659. 1412.  583.  110.    0.    0.
 473.  503.  552.  566.  636. 1357.  676.  149.   38.    0.
 467.  502.  525.  544.  670. 1380.  674.  185.    3.    0.
 509.  897. 1033.  812.  565.  437.  333.  210.  137.   17.
456. 526. 576. 602. 778. 973. 512. 271. 187.  69.
435. 536. 615. 639. 716. 980. 549. 323. 130.  27.
506. 539. 637. 709. 772. 836. 515. 259. 135.  42.
428. 501. 611. 732. 774. 897. 534. 291. 133.  49.
 568.  490.  467.  538.  667. 1299.  703.  216.    2.    0.
 446.  513.  546.  596.  704. 1304.  669.  158.   14.    0.
4.890e+02 4.390e+02 6.150e+02 6.340e+02 6.160e+02 1.453e+03 6.150e+02
 8.800e+01 1.000e+00 0.000e+00
 513.  486.  612.  578. 1019. 1097.  360.  167.  118.    0.
 519.  619.  645.  709.  761. 1049.  440.  184.   24.    0.
 500.  584.  564.  724. 1075. 1087.  277.  125.   14.    0.
 483.  519.  714.  684. 1064.  910.  388.  153.   35.    0.
 520.  601.  566.  634. 1076.  869.  398.  242.   44.    0.
526. 590. 582. 717. 970. 889. 435. 214.  27.   0.
496. 618. 639. 655. 862. 943. 453. 252.  32.   0.
 500.  567.  662.  666.  940. 1037.  394.  156.   28.    0.
 457.  512.  540.  577.  716. 1332.  598.  212.    6.    0.
4.760e+02 5.030e+02 5.360e+02 5.730e+02 6.970e+02 1.399e+03 6.030e+02
 1.620e+02 1.000e+00 0.000e+00
 463.  501.  507.  509.  672. 1390.  699.  199.   10.    0.
 448.  597.  529.  547.  691. 1318.  622.  183.   15.    0.
410. 561. 589. 611. 719. 901. 527. 354. 188.  90.
 532.  470.  477.  495.  638. 1311.  698.  311.   18.    0.
450. 496. 606. 769. 761. 853. 512. 290. 164.  49.
