423. 779. 599. 612. 706. 838. 641. 314.  38.   0.
595. 659. 664. 674. 721. 721. 455. 364.  97.   0.
622. 588. 599. 599. 629. 650. 596. 537. 130.   0.
 489. 1056.  974.  759.  613.  452.  306.  179.   97.   25.
 477. 1025.  841.  624.  551.  472.  428.  300.  174.   58.
600. 653. 593. 566. 695. 571. 563. 592. 117.   0.
592. 612. 613. 568. 569. 558. 598. 735. 105.   0.
661. 606. 587. 553. 572. 523. 667. 722.  59.   0.
 490. 1098.  802.  612.  525.  503.  379.  323.  140.   78.
 574. 1015.  747.  688.  547.  480.  386.  270.  193.   50.
 536. 1104.  693.  601.  501.  510.  408.  361.  197.   39.
 546. 1014.  724.  614.  524.  486.  408.  318.  251.   65.
525. 952. 770. 587. 551. 483. 470. 335. 203.  74.
 519. 1045.  906.  735.  576.  504.  338.  229.   81.   17.
828. 916. 702. 672. 567. 437. 350. 266. 159.  53.
792. 880. 681. 568. 511. 486. 421. 331. 216.  64.
875. 899. 809. 618. 543. 496. 358. 222. 112.  18.
829. 889. 764. 618. 595. 404. 387. 238. 149.  77.
469. 456. 674. 908. 650. 505. 389. 312. 342. 245.
915. 833. 748. 599. 536. 429. 406. 287. 173.  24.
357. 375. 418. 472. 531. 523. 780. 895. 477. 122.
 361.  412.  412.  465.  509.  541. 1005.  796.  382.   67.
353. 406. 427. 447. 537. 539. 853. 863. 445.  80.
372. 410. 417. 417. 439. 597. 988. 791. 433.  86.
534. 851. 883. 649. 568. 477. 393. 311. 181. 103.
528. 874. 894. 628. 531. 490. 392. 349. 206.  58.
569. 789. 915. 646. 472. 514. 377. 361. 225.  82.
505. 952. 913. 714. 585. 453. 315. 299. 137.  77.
568. 888. 825. 627. 550. 478. 416. 357. 196.  45.
579. 808. 952. 544. 522. 482. 458. 361. 211.  33.
