394. 402. 348. 476. 677. 935. 524. 428. 580. 186.
398. 464. 479. 818. 757. 550. 410. 333. 357. 384.
 430.  538. 1078.  725.  649.  495.  412.  314.  221.   88.
 598. 1029.  670.  563.  500.  465.  457.  347.  215.  106.
 475. 1228.  800.  685.  584.  479.  287.  207.  124.   81.
 451.  473.  464.  479.  577.  713. 1328.  465.    0.    0.
 452.  468.  466.  482.  573.  755. 1310.  444.    0.    0.
 400.  447.  597. 1033.  651.  516.  414.  338.  254.  300.
398. 458. 626. 965. 595. 480. 477. 344. 287. 320.
418. 843. 961. 862. 707. 436. 322. 253. 126.  22.
 378.  466.  471. 1038.  641.  571.  424.  362.  354.  245.
376. 407. 425. 499. 991. 802. 473. 372. 425. 180.
 421.  388.  464. 1152.  796.  552.  403.  294.  282.  198.
481. 465. 593. 690. 934. 633. 547. 372. 235.   0.
 489.  453.  591.  813. 1036.  688.  484.  286.  110.    0.
476. 496. 561. 860. 870. 693. 545. 304. 145.   0.
447. 508. 642. 673. 871. 647. 539. 436. 187.   0.
456. 656. 857. 908. 907. 591. 466.  90.  19.   0.
 429.  479.  468.  467.  598.  737. 1348.  424.    0.    0.
 463.  424.  470.  507.  595.  741. 1267.  483.    0.    0.
 453.  430.  501.  523.  585.  730. 1282.  446.    0.    0.
 481.  434.  486.  537.  543.  685. 1288.  496.    0.    0.
 455.  416.  482.  533.  536.  793. 1309.  426.    0.    0.
 449.  483.  486.  545.  573.  706. 1285.  423.    0.    0.
 459.  483.  476.  501.  618.  702. 1273.  438.    0.    0.
 439.  461.  481.  526.  592.  716. 1317.  418.    0.    0.
 445.  444.  477.  533.  560.  720. 1286.  485.    0.    0.
 444.  463.  482.  523.  563.  701. 1304.  470.    0.    0.
490. 531. 789. 922. 620. 529. 488. 292. 232.  57.
455. 580. 734. 879. 691. 494. 405. 368. 286.  58.
 484.  474.  458.  475.  557.  759. 1329.  414.    0.    0.
 445.  440.  471.  552.  575.  705. 1320.  442.    0.    0.
 472.  444.  431.  523.  628.  733. 1287.  432.    0.    0.
 442.  462.  490.  525.  557.  718. 1310.  446.    0.    0.
 443.  461.  480.  537.  577.  692. 1294.  466.    0.    0.
 450.  458.  489.  486.  549.  737. 1334.  447.    0.    0.
 426.  494.  430.  511.  597.  747. 1294.  451.    0.    0.
 434.  432.  483.  551.  567.  729. 1306.  448.    0.    0.
 448.  461.  490.  527.  575.  696. 1304.  449.    0.    0.
 447.  423.  495.  506.  596.  706. 1317.  460.    0.    0.
 366.  848. 1000.  894.  652.  447.  355.  255.  122.   11.
404. 461. 497. 961. 590. 508. 425. 426. 364. 314.
