440. 441. 495. 546. 592. 819. 950. 667.   0.   0.
453. 496. 471. 535. 593. 780. 929. 693.   0.   0.
475. 431. 528. 539. 590. 806. 950. 631.   0.   0.
 450.  461.  490.  507.  618.  833. 1065.  526.    0.    0.
 435.  463.  513.  533.  614.  897. 1113.  382.    0.    0.
 579. 1100.  824.  753.  561.  474.  357.  198.   87.   17.
 413.  490.  449.  535.  595.  716. 1304.  448.    0.    0.
 459.  422.  462.  529.  611.  762. 1306.  399.    0.    0.
 410.  462.  493.  519.  575.  730. 1325.  436.    0.    0.
 434.  456.  469.  513.  606.  766. 1257.  449.    0.    0.
 453.  473.  494.  537.  613.  815. 1033.  532.    0.    0.
 596. 1070.  847.  681.  557.  475.  337.  257.  118.   12.
 436.  427.  479.  555.  555.  731. 1312.  455.    0.    0.
 452.  488.  463.  509.  557.  667. 1316.  498.    0.    0.
477. 471. 458. 533. 597. 849. 973. 555.  37.   0.
 510.  427.  454.  593.  940.  753. 1186.   87.    0.    0.
 444.  520.  499.  619.  879. 1082.  575.  286.   46.    0.
 472.  469.  546.  719. 1064.  665.  499.  280.  236.    0.
715. 891. 758. 680. 573. 469. 362. 247. 166.  89.
458. 474. 503. 594. 958. 727. 501. 442. 293.   0.
766. 901. 704. 613. 549. 483. 414. 335. 167.  18.
768. 968. 792. 650. 569. 460. 394. 213. 116.  20.
438. 443. 487. 660. 966. 732. 478. 301. 445.   0.
429. 471. 524. 708. 955. 682. 601. 344. 236.   0.
 451.  429.  504.  606. 1098.  811.  489.  286.  276.    0.
459. 488. 583. 585. 856. 658. 513. 486. 322.   0.
 451.  465.  447.  558.  702. 1114.  803.  369.   41.    0.
508. 475. 479. 547. 593. 804. 918. 626.   0.   0.
 458.  415.  493.  517.  594.  755. 1318.  400.    0.    0.
484. 700. 769. 850. 732. 626. 425. 237. 110.  17.
789. 979. 879. 660. 535. 516. 321. 148. 103.  20.
850. 830. 737. 716. 575. 482. 277. 239. 178.  66.
467. 707. 827. 871. 759. 601. 362. 244. 105.   7.
 755. 1022.  826.  681.  570.  486.  293.  164.  129.   24.
886. 890. 714. 636. 572. 450. 388. 253. 137.  24.
