268. 718. 932. 860. 855. 759. 373. 164.  21.   0.
276. 641. 829. 971. 900. 634. 433. 202.  58.   6.
232. 723. 822. 790. 899. 866. 405. 181.  31.   1.
889. 820. 644. 590. 515. 480. 348. 361. 239.  64.
956. 800. 646. 637. 561. 481. 354. 271. 180.  64.
963. 888. 706. 599. 537. 474. 402. 261. 100.  20.
963. 853. 685. 575. 550. 458. 419. 251. 164.  32.
238. 700. 779. 912. 869. 755. 441. 212.  39.   5.
264. 686. 790. 857. 874. 766. 477. 189.  42.   5.
267. 687. 890. 994. 859. 704. 362. 165.  20.   2.
928. 803. 674. 559. 520. 485. 416. 296. 194.  75.
958. 908. 790. 650. 564. 448. 320. 197.  88.  27.
956. 858. 719. 566. 549. 467. 401. 258. 131.  45.
919. 845. 743. 654. 518. 484. 371. 232. 134.  50.
269. 624. 767. 804. 792. 814. 565. 241.  58.  16.
252. 692. 928. 940. 855. 715. 377. 162.  26.   3.
233. 717. 892. 853. 913. 735. 386. 171.  36.  14.
969. 893. 760. 733. 574. 410. 265. 208. 102.  36.
899. 824. 772. 718. 503. 474. 334. 217. 141.  68.
921. 857. 743. 642. 565. 459. 326. 259. 135.  43.
909. 827. 722. 608. 521. 468. 370. 275. 198.  52.
236. 653. 854. 864. 864. 772. 461. 208.  34.   4.
278. 788. 984. 973. 840. 687. 286. 100.  14.   0.
263. 728. 826. 816. 898. 810. 414. 177.  18.   0.
928. 845. 733. 608. 551. 468. 370. 264. 137.  46.
940. 843. 739. 618. 543. 472. 382. 237. 131.  45.
920. 907. 765. 649. 561. 444. 327. 239. 112.  26.
981. 805. 618. 609. 525. 437. 409. 317. 206.  43.
253. 649. 827. 859. 870. 836. 434. 169.  45.   8.
275. 616. 832. 838. 865. 753. 496. 212.  55.   8.
265. 642. 814. 924. 874. 765. 427. 196.  38.   5.
932. 856. 740. 681. 509. 461. 375. 219. 132.  45.
915. 865. 724. 624. 505. 475. 353. 280. 145.  64.
1006.  954.  833.  689.  539.  415.  282.  151.   63.   18.
930. 823. 703. 632. 565. 413. 379. 296. 156.  53.
255. 612. 719. 787. 832. 939. 523. 234.  45.   4.
259. 698. 837. 954. 855. 629. 421. 246.  45.   6.
261. 711. 862. 838. 860. 811. 386. 183.  29.   9.
966. 751. 714. 651. 510. 444. 368. 326. 160.  60.
946. 742. 713. 548. 480. 450. 460. 302. 230.  79.
931. 833. 807. 620. 584. 413. 354. 235. 140.  33.
994. 879. 825. 675. 509. 457. 277. 167. 130.  37.
249. 746. 888. 773. 918. 774. 415. 153.  34.   0.
283. 641. 677. 836. 812. 914. 528. 241.  17.   1.
273. 739. 990. 985. 825. 682. 315. 128.  13.   0.
961. 935. 764. 702. 518. 423. 290. 221. 123.  13.
965. 845. 784. 646. 562. 461. 332. 211. 125.  19.
981. 890. 761. 668. 552. 423. 326. 234.  99.  16.
908. 832. 808. 628. 619. 412. 307. 234. 145.  57.
255. 797. 973. 929. 913. 630. 312. 122.  18.   1.
249. 738. 994. 828. 912. 700. 376. 134.  19.   0.
266. 671. 836. 832. 862. 794. 464. 179.  34.  12.
901. 841. 769. 686. 550. 440. 334. 220. 128.  81.
896. 768. 667. 619. 518. 431. 398. 341. 226.  86.
927. 876. 779. 607. 557. 471. 363. 213. 106.  51.
939. 852. 744. 606. 526. 490. 389. 252. 113.  39.
