488. 628. 923. 774. 546. 554. 438. 355. 225.  19.
 507.  625. 1040.  744.  682.  479.  369.  289.  167.   48.
548. 486. 671. 660. 639. 637. 475. 523. 307.   4.
 483.  503.  644. 1050.  643.  567.  483.  309.  213.   55.
387. 778. 675. 904. 896. 621. 408. 214.  63.   4.
 616. 1063.  921.  701.  489.  448.  352.  211.  112.   37.
475. 588. 968. 753. 631. 498. 426. 362. 211.  38.
403. 690. 637. 714. 802. 660. 526. 301. 212.   5.
541. 724. 908. 690. 520. 553. 470. 327. 195.  22.
 543. 1086.  905.  700.  591.  447.  323.  230.  108.   17.
543. 741. 994. 674. 590. 532. 355. 412. 109.   0.
398. 716. 777. 994. 862. 605. 339. 201.  52.   6.
 454.  454.  560.  590. 1050.  892.  577.  299.   74.    0.
502. 857. 930. 710. 591. 517. 437. 267. 135.   4.
 415.  436.  425.  466.  571. 1022.  684.  607.  324.    0.
425. 438. 457. 461. 545. 876. 678. 699. 371.   0.
457. 523. 559. 905. 856. 611. 464. 370. 198.   7.
 493.  509.  638.  960. 1006.  552.  425.  271.   94.    2.
419. 449. 459. 462. 503. 633. 673. 822. 530.   0.
410. 428. 509. 520. 567. 851. 656. 580. 429.   0.
466. 546. 657. 830. 776. 690. 518. 354. 113.   0.
 454.  475.  602.  803. 1032.  614.  425.  309.  206.   30.
 468.  546. 1039. 1016.  712.  494.  327.  238.   87.   23.
 485.  535. 1027.  683.  568.  486.  513.  328.  247.   78.
 469.  560. 1095.  748.  589.  540.  433.  298.  171.   47.
 482.  565. 1162.  842.  645.  508.  326.  249.  121.   50.
