513. 746. 941. 628. 541. 480. 460. 312. 243.  86.
 438.  506.  689. 1103.  707.  535.  426.  297.  186.   63.
 487.  541. 1078.  800.  655.  512.  379.  322.  130.   46.
756. 787. 723. 745. 605. 482. 366. 305. 149.  32.
 396.  435.  509.  510.  493. 1001.  803.  572.  226.    5.
442. 529. 478. 602. 859. 661. 490. 569. 300.  20.
492. 870. 896. 747. 644. 449. 309. 252. 201.  90.
 444.  432.  489.  503.  590.  716. 1431.  345.    0.    0.
 434.  471.  453.  532.  607.  761. 1448.  244.    0.    0.
525. 666. 673. 812. 653. 547. 465. 393. 210.   6.
496. 653. 797. 845. 693. 605. 373. 271. 199.  18.
510. 626. 661. 725. 815. 540. 486. 401. 186.   0.
 512.  567.  678.  799. 1102.  587.  374.  223.  108.    0.
548. 592. 680. 779. 936. 563. 463. 267. 122.   0.
507. 627. 623. 764. 970. 567. 514. 278. 100.   0.
 481.  599.  730. 1007.  925.  543.  368.  197.  100.    0.
523. 642. 759. 928. 677. 562. 419. 242. 198.   0.
475. 542. 597. 698. 940. 751. 490. 400.  57.   0.
499. 521. 630. 861. 904. 521. 468. 253. 293.   0.
 486.  532.  620.  590.  661. 1210.  620.  228.    3.    0.
 478.  563.  616.  706. 1248.  690.  490.  159.    0.    0.
522. 631. 920. 952. 617. 525. 343. 212. 154.  74.
