 480.  550. 1174.  872.  649.  489.  330.  220.  143.   43.
 357.  420.  414.  447.  495.  515.  671. 1213.  342.   76.
 349.  389.  448.  436.  497.  500.  623. 1214.  394.  100.
748. 891. 769. 649. 560. 440. 377. 261. 184.  71.
748. 958. 791. 733. 525. 411. 367. 198. 139.  80.
406. 426. 990. 752. 605. 470. 399. 340. 326. 236.
444. 504. 676. 733. 441. 449. 380. 398. 521. 404.
443. 459. 517. 778. 586. 496. 528. 667. 476.   0.
441. 465. 543. 738. 436. 657. 430. 483. 743.  14.
554. 477. 545. 792. 872. 929. 491. 187.  75.  28.
550. 790. 787. 850. 735. 596. 403. 145.  94.   0.
429. 566. 505. 560. 903. 873. 561. 299. 172.  82.
507. 759. 784. 965. 832. 564. 369. 139.  31.   0.
 368.  416.  464.  408.  480.  533.  563. 1248.  383.   87.
456. 937. 759. 626. 582. 451. 377. 326. 284. 152.
 353.  379.  448.  432.  510.  496.  538. 1325.  362.  107.
454. 879. 838. 678. 628. 454. 394. 230. 191. 204.
416. 454. 565. 573. 596. 818. 921. 607.   0.   0.
 429.  442.  526.  484.  646.  639. 1098.  686.    0.    0.
 406.  433.  560. 1121.  589.  544.  433.  309.  305.  250.
