 519. 1048.  869.  757.  533.  494.  336.  149.  171.   74.
468. 678. 699. 752. 746. 722. 498. 306.  80.   1.
529. 636. 829. 851. 694. 514. 368. 317. 179.  33.
1037.  886.  702.  603.  554.  476.  352.  228.   89.   23.
664. 966. 746. 678. 511. 479. 345. 317. 139. 105.
 635. 1356. 1131.  655.  411.  288.  244.  165.   59.    6.
 441.  443.  510.  524.  602.  706. 1285.  439.    0.    0.
 424.  474.  473.  528.  593.  765. 1306.  387.    0.    0.
 449.  424.  501.  529.  567.  755. 1203.  522.    0.    0.
 440.  461.  483.  538.  577.  706. 1212.  533.    0.    0.
 482.  477.  472.  518.  591.  740. 1261.  409.    0.    0.
 451.  477.  496.  544.  591.  721. 1258.  412.    0.    0.
 430.  467.  497.  518.  606.  731. 1290.  411.    0.    0.
 440.  433.  495.  537.  566.  753. 1397.  329.    0.    0.
