398. 419. 488. 507. 629. 769. 988. 667.  85.   0.
 509.  603.  528.  643. 1047.  655.  532.  346.   87.    0.
857. 798. 711. 619. 538. 478. 420. 311. 163.  55.
563. 991. 808. 728. 605. 468. 352. 217. 184.  34.
541. 781. 987. 658. 548. 468. 425. 351. 183.   8.
556. 723. 854. 646. 550. 545. 413. 352. 234.  77.
 424.  467.  478.  490.  605.  772. 1328.  386.    0.    0.
 514.  524.  470.  517.  599.  748. 1269.  309.    0.    0.
411. 457. 464. 542. 615. 924. 738. 736.  63.   0.
 487. 1046.  908.  733.  590.  444.  350.  211.  108.   73.
524. 966. 861. 741. 608. 472. 301. 224. 183.  70.
828. 798. 654. 626. 538. 472. 378. 367. 224.  65.
 468.  515. 1091.  954.  661.  516.  331.  226.  128.   60.
466. 446. 559. 570. 684. 995. 617. 565.  48.   0.
 536.  603.  805. 1002.  683.  509.  373.  251.  181.    7.
937. 783. 795. 630. 556. 452. 329. 236. 174.  58.
893. 816. 781. 666. 549. 444. 336. 219. 163.  83.
958. 908. 759. 666. 539. 415. 338. 199. 138.  30.
 529.  645.  720. 1155.  776.  502.  377.  180.   60.    6.
952. 890. 780. 675. 549. 432. 337. 212. 104.  19.
918. 791. 745. 682. 582. 442. 318. 226. 170.  76.
958. 859. 807. 695. 564. 428. 281. 205. 123.  30.
 458.  539.  582.  776. 1011.  697.  450.  314.  123.    0.
449. 466. 463. 551. 623. 984. 676. 698.  40.   0.
825. 807. 706. 632. 529. 475. 391. 308. 213.  64.
604. 970. 946. 746. 556. 511. 284. 161. 133.  39.
