 536.  773. 1158.  645.  561.  575.  415.  235.   52.    0.
518. 547. 608. 873. 880. 606. 469. 302. 147.   0.
 447.  613. 1048.  923.  672.  474.  366.  214.  136.   57.
5.000e+02 5.360e+02 6.590e+02 6.940e+02 8.610e+02 1.188e+03 4.500e+02
 6.100e+01 1.000e+00 0.000e+00
 523.  641. 1195.  803.  614.  458.  383.  261.   72.    0.
456. 548. 641. 603. 863. 658. 502. 377. 237.  65.
 466.  555.  581. 1018.  796.  580.  399.  327.  196.   32.
 448.  545.  588. 1142.  727.  536.  430.  317.  163.   54.
 500.  791. 1023.  662.  585.  481.  475.  254.  176.    3.
 602. 1060.  848.  641.  546.  455.  384.  245.  136.   33.
485. 819. 895. 715. 569. 469. 426. 273. 189. 110.
 545. 1056.  862.  728.  560.  454.  316.  214.  160.   55.
520. 924. 748. 688. 647. 468. 303. 297. 249. 106.
459. 508. 571. 880. 747. 573. 644. 346. 182.  40.
461. 528. 624. 937. 703. 562. 452. 381. 227.  75.
453. 557. 597. 911. 786. 582. 465. 339. 199.  61.
 507. 1170.  851.  686.  569.  443.  350.  203.  143.   28.
 476.  504.  496.  525.  585.  860. 1166.  338.    0.    0.
496. 487. 519. 542. 731. 844. 542. 511. 278.   0.
 482.  432.  500.  589.  568.  906. 1151.  322.    0.    0.
455. 458. 543. 616. 751. 829. 625. 478. 195.   0.
