621. 821. 737. 610. 714. 589. 531. 221. 106.   0.
640. 847. 757. 680. 764. 474. 410. 263. 115.   0.
488. 556. 754. 831. 768. 593. 493. 283. 161.  23.
538. 654. 863. 810. 640. 556. 418. 287. 164.  20.
 458.  574.  778. 1032.  720.  548.  383.  277.  144.   36.
 496.  535.  692. 1009.  743.  602.  407.  369.   97.    0.
427. 457. 458. 520. 607. 852. 996. 514. 119.   0.
546. 855. 844. 648. 598. 493. 416. 345. 180.  25.
483. 527. 694. 813. 611. 555. 610. 412. 238.   7.
432. 549. 613. 955. 748. 538. 450. 406. 259.   0.
303. 484. 892. 815. 852. 846. 306. 325. 127.   0.
258. 714. 675. 765. 941. 748. 635. 214.   0.   0.
 505.  516.  475.  514.  625.  721. 1336.  258.    0.    0.
311. 592. 871. 785. 986. 774. 407. 190.  34.   0.
 432.  456.  509.  550.  700. 1114.  558.  631.    0.    0.
 412.  361.  717.  674.  691.  777. 1036.  282.    0.    0.
 451.  474.  521.  594. 1056.  683.  549.  487.  135.    0.
872. 763. 660. 579. 509. 469. 375. 326. 258. 139.
902. 792. 785. 690. 545. 446. 326. 190. 182.  92.
794. 779. 739. 612. 545. 479. 452. 284. 197.  69.
904. 882. 731. 602. 533. 445. 393. 276. 140.  44.
826. 823. 755. 641. 512. 467. 374. 282. 173.  97.
864. 883. 695. 591. 496. 488. 425. 291. 149.  68.
882. 808. 723. 676. 455. 520. 395. 269. 156.  66.
961. 930. 863. 728. 521. 452. 218. 172.  79.  26.
847. 859. 696. 643. 518. 493. 416. 242. 181.  55.
570. 992. 948. 751. 535. 511. 362. 186.  69.  26.
812. 865. 713. 632. 614. 421. 331. 301. 199.  62.
921. 817. 690. 709. 595. 401. 323. 243. 186.  65.
877. 812. 726. 543. 502. 468. 424. 356. 186.  56.
823. 822. 766. 628. 510. 459. 414. 315. 158.  55.
947. 709. 676. 618. 616. 370. 357. 330. 244.  83.
838. 791. 691. 649. 577. 445. 351. 286. 235.  87.
894. 862. 778. 657. 573. 418. 336. 242. 113.  77.
755. 779. 681. 625. 564. 481. 420. 361. 250.  34.
897. 870. 769. 646. 562. 462. 329. 250. 140.  25.
 647.  844.  758. 1012.  828.  495.  213.  135.   18.    0.
938. 891. 778. 660. 545. 416. 326. 230. 133.  33.
