454. 535. 608. 740. 833. 642. 628. 375. 135.   0.
 509.  557.  642.  613. 1029.  790.  738.   72.    0.    0.
804. 927. 785. 684. 601. 443. 336. 246. 113.  11.
453. 614. 599. 960. 962. 661. 389. 229.  83.   0.
 468.  572.  662.  673. 1250.  631.  574.  120.    0.    0.
765. 818. 749. 593. 609. 398. 447. 317. 228.  26.
 534.  535.  720.  846. 1160.  638.  220.  241.   56.    0.
450. 456. 410. 431. 555. 844. 707. 855. 198.  44.
755. 806. 781. 645. 600. 465. 349. 244. 196. 109.
 549.  518.  544.  806. 1100.  746.  304.  265.  118.    0.
 500.  555.  671.  675. 1068.  675.  733.   73.    0.    0.
755. 908. 774. 689. 569. 463. 335. 278. 141.  38.
 494.  597.  662. 1007.  902.  608.  349.  243.   88.    0.
 563.  499.  711.  631. 1108.  747.  644.   45.    2.    0.
782. 898. 758. 728. 653. 434. 294. 222. 152.  29.
547. 535. 657. 861. 945. 645. 338. 361.  61.   0.
 400.  451.  465.  490.  542. 1016.  630.  685.  224.   47.
754. 835. 752. 680. 648. 445. 324. 244. 199.  69.
 481.  533.  668.  800. 1123.  703.  321.  249.   72.    0.
 424.  489.  607.  490.  682.  648. 1095.  385.  130.    0.
859. 799. 673. 636. 578. 434. 368. 327. 202.  74.
830. 860. 818. 644. 577. 451. 341. 228. 126.  75.
427. 416. 493. 511. 514. 803. 963. 685. 138.   0.
825. 858. 760. 709. 575. 437. 325. 259. 140.  62.
899. 743. 685. 720. 554. 438. 335. 285. 171. 120.
498. 574. 980. 676. 536. 506. 510. 406. 211.  53.
 489.  509. 1068.  768.  612.  559.  476.  301.  114.   54.
 468.  519. 1005.  915.  650.  529.  384.  298.  130.   52.
477. 590. 856. 774. 655. 485. 415. 361. 297.  40.
 455.  542. 1035.  937.  633.  523.  379.  256.  133.   57.
