 448.  688.  865.  953. 1019.  588.  251.  123.   15.    0.
 532.  805. 1058.  753.  573.  521.  397.  217.   76.   18.
 442.  454.  494.  545.  591.  705. 1356.  363.    0.    0.
490. 491. 885. 874. 816. 689. 296. 223. 186.   0.
 457.  448.  496.  494.  617.  824. 1185.  429.    0.    0.
 441.  422.  509.  518.  619.  832. 1026.  583.    0.    0.
 447.  497.  491.  531.  850. 1216.  517.  305.   96.    0.
 423.  439.  476.  507.  546.  750. 1253.  556.    0.    0.
 445.  456.  476.  517.  583.  726. 1123.  624.    0.    0.
966. 898. 759. 605. 531. 461. 359. 219. 118.  34.
 610. 1127.  834.  748.  593.  423.  290.  212.  101.   12.
479. 998. 749. 690. 608. 437. 335. 279. 251. 124.
 369.  458.  486.  549.  573.  827. 1089.  510.   89.    0.
485. 963. 759. 618. 517. 467. 410. 358. 237. 136.
606. 846. 792. 661. 656. 462. 298. 328. 193. 108.
 513. 1008.  747.  717.  583.  457.  366.  239.  220.  100.
683. 999. 781. 670. 580. 446. 359. 252. 143.  37.
454. 621. 594. 826. 605. 537. 441. 505. 246. 121.
486. 751. 931. 712. 491. 538. 358. 323. 251. 109.
 366.  396.  499.  420. 1016.  695.  512.  440.  370.  236.
 439.  467. 1147.  677.  562.  480.  422.  319.  215.  222.
