418. 438. 980. 718. 710. 605. 296. 290. 228. 267.
473. 467. 919. 765. 688. 515. 418. 293. 222. 190.
 453.  463.  469.  519.  594.  707. 1295.  450.    0.    0.
395. 492. 938. 709. 713. 523. 365. 266. 280. 269.
455. 465. 988. 673. 482. 478. 453. 416. 262. 278.
350. 872. 958. 869. 723. 615. 405. 146.  12.   0.
837. 842. 696. 643. 593. 438. 329. 278. 195.  99.
785. 907. 732. 639. 567. 431. 371. 288. 173.  57.
 441.  484.  486.  500.  590.  703. 1301.  445.    0.    0.
966. 855. 708. 613. 541. 395. 372. 289. 167.  44.
 431.  440.  492.  505.  599.  696. 1328.  459.    0.    0.
962. 939. 814. 707. 553. 409. 285. 180.  82.  19.
894. 794. 733. 631. 554. 455. 373. 251. 185.  80.
949. 861. 797. 704. 533. 442. 305. 220. 115.  24.
887. 720. 744. 604. 492. 463. 426. 254. 233. 127.
970. 873. 749. 635. 522. 449. 371. 255. 106.  20.
951. 861. 723. 663. 527. 476. 362. 236. 113.  38.
918. 827. 740. 654. 537. 454. 354. 264. 164.  38.
890. 806. 773. 625. 511. 481. 362. 273. 148.  81.
930. 851. 718. 684. 576. 445. 306. 258. 156.  26.
975. 871. 796. 676. 525. 456. 291. 210. 123.  27.
974. 913. 788. 654. 571. 439. 321. 188.  84.  18.
925. 846. 737. 664. 574. 414. 339. 252. 157.  42.
891. 846. 710. 688. 557. 438. 341. 241. 176.  62.
985. 850. 814. 663. 532. 432. 332. 189. 118.  35.
983. 876. 786. 656. 551. 448. 316. 233.  94.   7.
934. 855. 742. 653. 536. 470. 354. 239. 121.  46.
942. 851. 759. 634. 558. 457. 338. 230. 125.  56.
911. 847. 734. 645. 535. 470. 346. 261. 138.  63.
988. 895. 797. 668. 519. 451. 328. 209.  85.  10.
982. 740. 663. 703. 561. 463. 342. 235. 210.  51.
928. 840. 718. 606. 526. 481. 359. 285. 151.  56.
918. 873. 750. 630. 550. 456. 354. 260. 115.  44.
940. 787. 694. 567. 521. 468. 407. 303. 193.  70.
957. 806. 669. 629. 531. 440. 389. 331. 164.  34.
929. 763. 692. 642. 580. 413. 392. 244. 240.  55.
948. 934. 749. 595. 549. 436. 353. 234. 115.  37.
896. 814. 698. 678. 603. 424. 312. 248. 195.  82.
922. 836. 701. 696. 573. 439. 317. 256. 171.  39.
919. 791. 833. 627. 628. 361. 355. 206. 152.  78.
997. 889. 864. 699. 513. 420. 287. 144.  92.  45.
936. 791. 765. 641. 547. 446. 325. 231. 197.  71.
957. 757. 763. 647. 527. 468. 344. 295. 165.  27.
928. 834. 683. 603. 526. 459. 421. 275. 171.  50.
975. 856. 762. 705. 564. 441. 281. 161. 156.  49.
938. 880. 755. 678. 564. 436. 307. 220. 122.  50.
935. 890. 717. 593. 536. 484. 393. 259. 117.  26.
947. 826. 758. 668. 613. 385. 294. 229. 172.  58.
908. 821. 776. 634. 611. 424. 333. 221. 139.  83.
949. 898. 746. 734. 575. 386. 293. 196. 125.  48.
990. 896. 848. 671. 591. 396. 275. 195.  78.  10.
990. 793. 806. 681. 586. 464. 236. 188. 177.  29.
939. 740. 718. 593. 489. 496. 395. 297. 228.  55.
964. 871. 736. 683. 568. 425. 343. 230. 107.  23.
920. 878. 733. 666. 530. 433. 368. 240. 140.  42.
923. 744. 718. 632. 623. 410. 333. 264. 223.  80.
977. 880. 739. 642. 501. 414. 330. 227. 182.  58.
910. 794. 688. 671. 612. 421. 319. 253. 192.  90.
907. 840. 739. 595. 527. 449. 380. 276. 176.  61.
926. 885. 746. 660. 533. 449. 335. 250. 131.  35.
910. 790. 689. 673. 562. 441. 307. 321. 203.  54.
930. 750. 717. 565. 531. 409. 399. 294. 268.  87.
923. 823. 755. 648. 525. 453. 372. 251. 153.  47.
880. 786. 700. 593. 522. 465. 379. 314. 205. 106.
1021.  931.  878.  689.  544.  401.  262.  140.   70.   14.
914. 805. 660. 521. 492. 470. 450. 338. 219.  81.
1000.  769.  623.  529.  456.  418.  422.  342.  320.   71.
975. 883. 676. 593. 522. 515. 390. 270. 108.  18.
998. 909. 755. 668. 532. 462. 332. 209.  76.   9.
908. 851. 706. 612. 528. 473. 378. 297. 140.  57.
950. 914. 804. 697. 575. 397. 281. 177.  95.  60.
928. 923. 794. 685. 544. 416. 318. 199. 104.  39.
