 425.  448.  489.  550.  611.  848. 1192.  325.   62.    0.
716. 647. 616. 554. 489. 441. 383. 347. 261. 496.
436. 638. 874. 754. 874. 829. 336. 167.  42.   0.
500. 767. 842. 773. 819. 625. 412. 146.  66.   0.
420. 539. 613. 966. 615. 544. 480. 377. 337.  59.
 445.  494.  550.  587.  578.  757. 1080.  363.   91.    5.
 449.  445.  458.  531.  550.  728. 1345.  444.    0.    0.
476. 557. 993. 871. 900. 668. 304. 145.  36.   0.
501. 634. 707. 766. 878. 891. 454. 104.  15.   0.
442. 506. 462. 729. 687. 490. 465. 517. 546. 106.
 445.  448.  474.  525.  584.  728. 1262.  484.    0.    0.
471. 579. 903. 849. 820. 759. 292. 231.  46.   0.
491. 588. 824. 773. 911. 826. 381. 130.  26.   0.
 393.  464.  496.  590. 1128.  678.  588.  354.  259.    0.
 453.  447.  476.  505.  564.  706. 1304.  495.    0.    0.
 456.  422.  485.  609. 1112.  651.  454.  355.  404.    2.
 412.  558. 1090.  865.  896.  602.  306.  159.   62.    0.
538. 607. 762. 840. 910. 767. 384. 111.  31.   0.
 448.  457.  479.  534.  551.  710. 1316.  455.    0.    0.
 424.  501.  522.  562.  606.  840. 1002.  465.   28.    0.
464. 629. 806. 794. 751. 832. 385. 205.  84.   0.
475. 613. 792. 960. 966. 613. 370. 141.  20.   0.
428. 663. 686. 811. 838. 791. 523. 194.  16.   0.
516. 690. 831. 922. 689. 474. 371. 265. 187.   5.
 436.  448.  463.  522.  587.  718. 1313.  463.    0.    0.
449. 511. 521. 610. 855. 896. 554. 398. 156.   0.
 456.  430.  507.  505.  557.  767. 1313.  415.    0.    0.
 454.  674. 1026.  885.  793.  651.  309.  121.   37.    0.
 442.  415.  485.  519.  595.  730. 1276.  488.    0.    0.
512. 553. 917. 975. 845. 794. 274.  80.   0.   0.
 422.  451.  489.  497.  592.  755. 1322.  422.    0.    0.
 417.  462.  475.  511.  588.  713. 1354.  430.    0.    0.
495. 668. 801. 859. 808. 794. 304. 197.  24.   0.
453. 639. 903. 937. 919. 646. 344. 100.   9.   0.
 438.  464.  494.  517.  597.  703. 1324.  413.    0.    0.
