671. 955. 735. 592. 564. 458. 375. 315. 215.  70.
397. 455. 466. 540. 784. 727. 524. 477. 580.   0.
501. 971. 924. 674. 583. 437. 376. 255. 150.  79.
832. 893. 693. 589. 532. 477. 426. 288. 150.  70.
459. 480. 514. 551. 659. 921. 680. 522. 164.   0.
439. 472. 500. 594. 709. 948. 589. 487. 212.   0.
 413.  468.  503.  557.  808. 1043.  620.  416.  122.    0.
 425.  510.  488.  561.  783. 1135.  578.  357.  113.    0.
432. 468. 512. 575. 696. 828. 698. 487. 254.   0.
448. 467. 484. 561. 773. 992. 597. 459. 169.   0.
 533. 1085.  885.  767.  482.  516.  280.  224.  144.   34.
 462.  521.  440.  505.  551.  733. 1292.  446.    0.    0.
 442.  495.  527.  516.  632.  787. 1525.   26.    0.    0.
451. 860. 702. 678. 612. 548. 691. 369.  39.   0.
508. 605. 651. 894. 695. 559. 384. 384. 255.  15.
 481.  511.  614. 1017.  689.  454.  448.  386.  315.   35.
 435.  916. 1080.  889.  770.  442.  403.   15.    0.    0.
453. 484. 480. 606. 995. 905. 496. 376. 155.   0.
 520.  519.  588.  638.  720. 1053.  582.  328.    2.    0.
 499.  468.  603.  585.  643. 1072.  843.  237.    0.    0.
 455.  454.  457.  521.  562.  717. 1328.  456.    0.    0.
 436.  800. 1167.  870.  766.  568.  306.   37.    0.    0.
 435.  434.  477.  529.  580.  710. 1327.  458.    0.    0.
 449.  507.  470.  498.  545.  685. 1339.  457.    0.    0.
 431.  475.  491.  493.  620.  703. 1314.  423.    0.    0.
624. 848. 696. 578. 590. 475. 420. 391. 279.  49.
 649.  627.  499.  619. 1124.  632.  420.  230.  116.   34.
