 368.  353.  456.  442.  545.  493.  462. 1404.  322.  105.
498. 613. 837. 787. 927. 691. 513.  84.   0.   0.
 448.  523.  675.  675.  880. 1027.  639.   83.    0.    0.
981. 871. 750. 652. 531. 481. 359. 216.  82.  27.
 450.  480. 1244.  785.  593.  510.  352.  268.  216.   52.
889. 813. 674. 569. 533. 458. 397. 335. 202.  80.
 319.  839. 1146. 1080.  840.  456.  209.   61.    0.    0.
 449.  480.  481.  558.  594.  706. 1232.  450.    0.    0.
 524.  879. 1156.  720.  606.  510.  321.  204.   30.    0.
 448.  456.  471.  528.  582.  726. 1306.  433.    0.    0.
 265.  747. 1050.  970.  904.  591.  346.   77.    0.    0.
 440.  464.  463.  500.  565.  720. 1288.  510.    0.    0.
 564.  919. 1078.  737.  576.  411.  322.  311.   32.    0.
 440.  462.  481.  492.  583.  672. 1328.  492.    0.    0.
 310.  704. 1020. 1142.  782.  632.  329.   31.    0.    0.
