415. 715. 826. 984. 951. 664. 307.  88.   0.   0.
613. 975. 744. 668. 541. 471. 389. 353. 153.  43.
427. 486. 696. 875. 819. 787. 404. 272. 184.   0.
460. 528. 710. 939. 823. 837. 387. 186.  80.   0.
457. 524. 720. 965. 986. 653. 352. 223.  70.   0.
856. 953. 756. 677. 570. 496. 352. 191.  88.  11.
420. 567. 687. 967. 856. 737. 461. 180.  75.   0.
793. 649. 686. 619. 571. 459. 494. 392. 236.  51.
728. 661. 571. 498. 507. 513. 529. 583. 360.   0.
413. 724. 783. 987. 963. 670. 322.  88.   0.   0.
434. 547. 787. 997. 838. 481. 398. 280. 188.   0.
427. 558. 744. 881. 911. 802. 430. 169.  28.   0.
843. 926. 843. 658. 615. 414. 331. 154. 140.  26.
833. 858. 632. 588. 513. 441. 453. 357. 225.  50.
863. 835. 804. 609. 595. 447. 333. 264. 142.  58.
494. 698. 706. 876. 843. 756. 405. 172.   0.   0.
 550. 1002.  797.  668.  587.  442.  397.  328.  140.   39.
584. 843. 765. 625. 523. 477. 466. 334. 253.  80.
413. 595. 674. 961. 807. 633. 563. 304.   0.   0.
 461.  466.  531.  588.  695.  931. 1021.  257.    0.    0.
 479.  476.  541.  542.  717.  899. 1009.  287.    0.    0.
415. 514. 575. 982. 844. 596. 412. 366. 246.   0.
681. 865. 694. 657. 505. 539. 426. 281. 235.  67.
689. 960. 718. 670. 581. 444. 407. 305. 151.  25.
 451.  464.  481.  480.  579.  718. 1511.  266.    0.    0.
995. 819. 686. 741. 592. 424. 332. 247.  97.  17.
855. 893. 786. 666. 564. 430. 349. 218. 128.  61.
 444.  435.  496.  518.  608.  719. 1393.  337.    0.    0.
 458.  503.  463.  576.  578.  672. 1119.  581.    0.    0.
606. 802. 910. 813. 531. 452. 334. 289. 191.  22.
669. 874. 736. 610. 535. 522. 462. 369. 156.  17.
618. 563. 856. 931. 728. 542. 403. 251.  57.   1.
 484.  623.  865. 1144.  876.  493.  270.  172.   23.    0.
 480.  571.  625.  798. 1209.  762.  426.   79.    0.    0.
 485. 1008.  679.  563.  499.  441.  394.  428.  349.  104.
 502.  480.  672. 1231.  746.  520.  440.  235.   90.   34.
475. 746. 889. 911. 692. 500. 392. 208.  93.  44.
419. 436. 532. 555. 903. 812. 694. 437. 162.   0.
898. 837. 783. 647. 547. 474. 350. 248. 125.  41.
614. 585. 607. 599. 574. 616. 648. 707.   0.   0.
893. 731. 692. 629. 594. 411. 368. 266. 208. 158.
666. 884. 750. 629. 560. 473. 384. 339. 214.  51.
766. 986. 731. 593. 570. 456. 398. 290. 114.  46.
839. 964. 756. 671. 539. 460. 385. 239.  84.  13.
379. 386. 489. 446. 769. 805. 534. 338. 635. 169.
395. 391. 429. 451. 791. 819. 591. 437. 453. 193.
 414.  510.  545.  654.  664. 1013.  769.  299.   82.    0.
867. 718. 612. 554. 547. 506. 485. 443. 206.  12.
871. 742. 628. 687. 623. 489. 405. 348. 142.  15.
 439.  488.  536.  569.  666. 1346.  610.  200.   96.    0.
851. 748. 687. 629. 616. 517. 420. 303. 167.  12.
824. 773. 690. 692. 630. 499. 392. 288. 149.  13.
478. 827. 768. 744. 776. 743. 446. 152.  16.   0.
 442.  481.  504.  615. 1096.  822.  536.  355.   99.    0.
