 428.  475.  502.  492.  610.  772. 1515.  156.    0.    0.
899. 826. 755. 597. 565. 414. 374. 245. 200.  75.
949. 843. 791. 656. 538. 460. 334. 225. 125.  29.
955. 777. 773. 584. 533. 411. 421. 255. 141. 100.
 445.  441.  446.  558.  635.  662. 1041.  722.    0.    0.
 532.  498.  510. 1008. 1233.  577.  330.  177.   70.   15.
434. 523. 703. 979. 752. 572. 483. 340. 164.   0.
 421.  479.  513.  726. 1179.  630.  404.  393.  194.   11.
924. 765. 679. 647. 629. 386. 345. 294. 194.  87.
 431.  466.  459.  520.  600.  716. 1313.  445.    0.    0.
 438.  459.  489.  503.  552.  713. 1344.  452.    0.    0.
460. 465. 631. 951. 823. 642. 455. 291. 183.  49.
426. 381. 407. 416. 495. 875. 477. 579. 743. 151.
425. 431. 471. 474. 614. 992. 635. 738. 170.   0.
 354.  432.  426.  431.  497.  500. 1020.  835.  372.   83.
449. 462. 544. 553. 496. 976. 584. 762. 124.   0.
 497.  416.  524.  614.  646. 1081.  767.  405.    0.    0.
 469.  621.  647.  733. 1340.  812.  323.    5.    0.    0.
663. 648. 714. 784. 622. 533. 503. 281. 188.  14.
685. 710. 729. 630. 581. 384. 493. 425. 313.   0.
