763. 914. 871. 689. 532. 495. 295. 237. 152.   2.
 487.  409.  494.  569.  564.  721. 1360.  346.    0.    0.
437. 539. 711. 714. 925. 637. 601. 359.  27.   0.
509. 841. 936. 985. 895. 543. 215.  26.   0.   0.
549. 797. 981. 762. 607. 459. 355. 254. 122.  64.
 548.  792. 1050.  766.  644.  445.  324.  187.  139.   55.
893. 771. 695. 616. 524. 474. 351. 321. 237.  68.
933. 939. 815. 707. 580. 412. 264. 161. 109.  30.
 411.  469.  456.  553.  583.  703. 1381.  394.    0.    0.
 432.  451.  487.  511.  576.  757. 1364.  372.    0.    0.
 427.  465.  454.  513.  613.  691. 1334.  453.    0.    0.
 444.  404.  506.  509.  576.  715. 1367.  429.    0.    0.
 459.  497.  476.  519.  614.  739. 1337.  309.    0.    0.
 438.  446.  498.  501.  576.  746. 1321.  424.    0.    0.
 443.  474.  442.  533.  593.  736. 1336.  393.    0.    0.
