484. 543. 592. 686. 734. 473. 440. 399. 413. 186.
 697. 1100.  728.  666.  541.  455.  382.  271.  102.    8.
432. 538. 695. 747. 850. 551. 452. 368. 235.  82.
582. 675. 923. 507. 456. 458. 524. 541. 247.  37.
898. 849. 702. 604. 513. 444. 410. 317. 149.  64.
912. 836. 783. 677. 566. 432. 319. 217. 152.  56.
557. 661. 860. 664. 538. 469. 440. 419. 313.  29.
 451.  469.  575. 1177.  822.  594.  402.  248.  178.   34.
 454.  512.  590. 1038.  658.  569.  470.  338.  269.   52.
 467.  534.  544. 1039.  766.  597.  380.  333.  261.   29.
 473.  520.  625. 1039.  692.  578.  496.  332.  168.   27.
960. 801. 669. 548. 516. 467. 417. 364. 174.  34.
952. 837. 687. 605. 562. 436. 352. 284. 183.  52.
 561.  683.  754.  851. 1042.  588.  352.  107.   12.    0.
 543.  583.  566.  803. 1474.  505.  280.  149.   47.    0.
 527.  708.  720.  789. 1045.  625.  372.  142.   22.    0.
 496.  630.  713.  750. 1239.  598.  353.  142.   29.    0.
 493.  557.  570.  715. 1117.  818.  356.  226.   94.    4.
443. 582. 622. 743. 807. 786. 503. 345. 117.   2.
437. 624. 579. 687. 804. 791. 527. 368. 129.   4.
446. 512. 630. 752. 908. 867. 499. 248.  86.   2.
