651. 688. 714. 481. 371. 411. 490. 654. 490.   0.
 440.  600.  552.  554.  627.  942. 1072.  163.    0.    0.
 574.  791. 1158.  703.  554.  547.  258.  217.  144.    4.
991. 930. 826. 688. 533. 410. 276. 151. 102.  43.
941. 776. 705. 484. 418. 442. 505. 300. 268. 111.
937. 786. 681. 572. 572. 454. 406. 270. 184.  88.
873. 803. 680. 564. 529. 450. 432. 324. 181. 114.
995. 734. 617. 705. 696. 461. 255. 228. 193.  66.
875. 867. 730. 670. 547. 444. 356. 247. 150.  64.
910. 848. 732. 687. 570. 441. 328. 246. 149.  39.
 427.  526.  544.  560.  761. 1107.  826.  199.    0.    0.
 599.  722. 1201.  610.  541.  534.  372.  223.  133.   15.
948. 884. 727. 651. 554. 426. 359. 248. 125.  28.
893. 857. 792. 682. 569. 433. 306. 191. 146.  81.
 505.  494.  601. 1059.  734.  523.  461.  292.  257.   24.
886. 797. 711. 673. 606. 437. 315. 230. 194. 101.
914. 814. 645. 565. 516. 496. 423. 300. 186.  91.
627. 682. 747. 666. 557. 665. 400. 230. 213. 163.
954. 888. 784. 649. 546. 469. 329. 223.  89.  19.
879. 828. 717. 621. 542. 461. 390. 281. 182.  49.
947. 862. 723. 594. 497. 447. 377. 296. 158.  49.
822. 789. 621. 568. 521. 474. 433. 366. 273.  83.
 468.  466.  523.  516.  639. 1020.  713.  546.   59.    0.
944. 803. 669. 659. 626. 463. 333. 224. 195.  34.
 444.  460.  514.  548.  636.  872. 1257.  219.    0.    0.
834. 798. 710. 619. 577. 507. 380. 303. 167.  55.
994. 943. 852. 704. 558. 388. 268. 157.  72.  14.
653. 870. 695. 644. 535. 496. 393. 287. 288.  89.
485. 790. 858. 617. 557. 498. 452. 359. 261.  73.
485. 587. 719. 913. 709. 567. 510. 286. 164.  10.
 464. 1017.  916.  759.  599.  442.  344.  251.  143.   15.
 481.  768. 1017.  738.  616.  479.  331.  269.  208.   43.
544. 880. 971. 631. 632. 518. 374. 247. 112.  41.
500. 949. 966. 782. 645. 437. 254. 254. 115.  48.
543. 825. 965. 707. 501. 517. 347. 316. 177.  52.
478. 900. 906. 688. 655. 460. 488. 262. 113.   0.
 504.  582.  659. 1142.  783.  510.  386.  370.   14.    0.
471. 590. 696. 814. 984. 831. 448. 116.   0.   0.
463. 629. 705. 794. 855. 883. 572.  49.   0.   0.
452. 541. 529. 718. 980. 598. 607. 525.   0.   0.
438. 565. 858. 882. 668. 518. 359. 371. 224.  67.
421. 519. 532. 640. 651. 998. 797. 392.   0.   0.
538. 608. 827. 990. 904. 586. 424.  73.   0.   0.
428. 453. 633. 994. 915. 511. 488. 456.  72.   0.
 386.  695.  653. 1046. 1059.  573.  283.  190.   63.    2.
461. 486. 573. 662. 771. 852. 661. 484.   0.   0.
 550.  584.  567.  633.  536. 1193.  728.  159.    0.    0.
 459.  527.  564. 1129.  814.  628.  472.  354.    3.    0.
451. 543. 885. 757. 561. 488. 457. 415. 298.  95.
456. 793. 830. 593. 547. 479. 422. 354. 357. 119.
661. 983. 768. 670. 542. 490. 366. 284. 152.  34.
519. 767. 940. 692. 590. 471. 434. 315. 183.  39.
451. 500. 600. 681. 986. 844. 520. 368.   0.   0.
