465. 851. 982. 796. 720. 597. 372. 156.  11.   0.
 432.  485.  489.  542.  561.  808. 1106.  453.   74.    0.
433. 402. 487. 533. 615. 885. 989. 449. 157.   0.
 481.  490.  638. 1021.  811.  608.  391.  260.  200.   50.
639. 963. 726. 671. 581. 423. 354. 309. 218.  66.
497. 640. 693. 930. 833. 622. 425. 269.  41.   0.
 640. 1049.  768.  695.  567.  436.  343.  261.  152.   39.
608. 924. 805. 651. 507. 501. 441. 307. 168.  38.
791. 922. 773. 667. 559. 441. 347. 244. 160.  46.
 483.  561. 1117.  683.  729.  463.  362.  283.  204.   65.
596. 990. 832. 697. 616. 656. 419. 121.  23.   0.
722. 942. 768. 610. 583. 475. 394. 271. 151.  34.
 353.  769. 1182.  999.  876.  526.  205.   36.    4.    0.
671. 941. 864. 750. 535. 472. 385. 201.  97.  34.
 434.  839. 1256. 1032.  859.  396.  134.    0.    0.    0.
 482.  540. 1211.  802.  627.  479.  326.  264.  130.   89.
 494. 1103.  834.  647.  580.  470.  385.  247.  148.   42.
 518. 1040.  796.  677.  515.  470.  363.  270.  199.  102.
534. 996. 667. 657. 588. 423. 365. 342. 284.  94.
 513. 1063.  812.  715.  539.  470.  316.  234.  211.   77.
 488. 1068.  750.  589.  505.  506.  445.  351.  176.   72.
521. 603. 669. 811. 933. 682. 396. 237.  93.   5.
441. 479. 519. 640. 770. 975. 507. 434. 185.   0.
 350.  389.  414.  444.  480.  487.  555. 1280.  423.  128.
274. 542. 856. 866. 871. 752. 507. 211.  71.   0.
275. 581. 800. 807. 801. 674. 546. 302. 151.  13.
388. 741. 852. 689. 456. 492. 533. 399. 343.  57.
336. 766. 789. 669. 572. 610. 566. 417. 218.   7.
269. 689. 839. 816. 838. 793. 548. 124.  27.   7.
404. 698. 931. 715. 558. 474. 535. 202. 277. 156.
299. 621. 847. 887. 662. 694. 443. 363. 108.  26.
296. 699. 848. 777. 689. 675. 527. 342.  85.  12.
