464. 567. 772. 874. 741. 571. 475. 374. 112.   0.
543. 709. 853. 845. 602. 590. 496. 261.  51.   0.
 554.  572.  993. 1013.  639.  552.  432.  164.   31.    0.
525. 670. 769. 980. 706. 477. 466. 299.  58.   0.
 550.  668.  754.  753. 1099.  586.  379.  140.   21.    0.
 547.  613.  659.  797. 1190.  651.  328.  148.   17.    0.
822. 812. 716. 662. 585. 525. 403. 257. 130.  38.
811. 739. 746. 662. 543. 557. 407. 248. 177.  60.
825. 768. 728. 673. 572. 556. 397. 248. 138.  45.
804. 760. 706. 652. 603. 550. 388. 260. 183.  44.
771. 733. 637. 590. 566. 576. 414. 351. 217.  95.
816. 720. 667. 646. 596. 541. 421. 303. 188.  52.
867. 868. 823. 740. 554. 481. 322. 168. 100.  27.
781. 759. 690. 625. 537. 553. 424. 304. 212.  65.
846. 775. 733. 680. 635. 525. 368. 238. 127.  23.
803. 759. 639. 632. 591. 540. 420. 334. 181.  51.
844. 705. 601. 553. 575. 531. 450. 389. 257.  45.
822. 748. 639. 577. 553. 555. 427. 340. 218.  71.
 543.  547. 1319.  847.  612.  477.  351.  206.   48.    0.
 495.  693. 1131.  740.  583.  505.  419.  306.   78.    0.
 589.  623. 1016.  729.  588.  460.  400.  376.  169.    0.
 521.  626. 1175.  783.  622.  451.  396.  284.   92.    0.
 526.  591. 1105.  853.  643.  450.  338.  335.  109.    0.
 519.  606. 1300.  871.  637.  419.  326.  221.   51.    0.
 475.  543. 1022.  756.  560.  520.  431.  326.  247.   70.
 477.  511. 1060.  728.  548.  484.  489.  376.  227.   50.
460. 585. 947. 812. 679. 423. 348. 375. 262.  59.
 487.  506. 1093.  866.  621.  539.  402.  216.  166.   54.
533. 541. 964. 676. 497. 562. 468. 346. 246. 117.
 475.  582. 1155.  758.  569.  510.  412.  273.  186.   30.
 486.  530.  515.  562.  850. 1037.  420.  312.  201.   37.
 478.  622.  827. 1120.  666.  505.  388.  272.   72.    0.
512. 988. 787. 605. 485. 531. 466. 328. 196.  52.
 455.  517.  611. 1026.  877.  533.  480.  273.  149.   29.
 459.  552. 1160.  783.  621.  506.  355.  325.  169.   20.
 434.  541. 1210.  749.  608.  512.  369.  258.  207.   62.
