 421.  623.  884. 1015.  809.  574.  317.  217.   90.    0.
434. 641. 980. 894. 770. 552. 337. 261.  81.   0.
 457.  777.  892. 1002.  646.  496.  361.  228.   91.    0.
 455.  674. 1015.  928.  684.  458.  362.  303.   71.    0.
486. 774. 823. 862. 790. 451. 365. 281. 117.   1.
445. 540. 892. 854. 805. 575. 350. 321. 168.   0.
 437.  641. 1018.  859.  743.  513.  332.  271.  136.    0.
429. 787. 878. 858. 703. 523. 415. 282.  75.   0.
461. 674. 728. 925. 760. 495. 362. 386. 159.   0.
 471.  580.  837. 1038.  801.  657.  287.  199.   80.    0.
528. 822. 930. 944. 702. 407. 259. 291.  67.   0.
