 512.  559.  746.  918. 1062.  529.  436.  188.    0.    0.
533. 763. 706. 932. 817. 627. 503.  69.   0.   0.
647. 785. 918. 730. 543. 598. 355. 253. 109.  12.
450. 747. 786. 846. 615. 491. 498. 463.  54.   0.
 399.  782.  879. 1001.  985.  611.  289.    4.    0.    0.
429. 479. 549. 548. 785. 565. 569. 566. 386.  74.
373. 420. 477. 466. 514. 609. 750. 905. 399.  37.
 432.  540. 1027.  861.  662.  527.  371.  291.  168.   71.
 482.  506. 1113.  886.  620.  520.  404.  238.  120.   61.
 533.  553. 1191.  975.  652.  444.  293.  189.  100.   20.
 499.  574. 1043.  768.  601.  517.  419.  264.  198.   67.
