890. 771. 722. 629. 624. 474. 408. 278. 133.  21.
912. 912. 742. 611. 562. 504. 384. 231.  77.  15.
 446.  546. 1121.  777.  585.  561.  394.  297.  168.   55.
525. 818. 881. 728. 552. 552. 336. 272. 199.  87.
429. 431. 473. 579. 658. 853. 676. 763.  88.   0.
379. 416. 476. 485. 582. 704. 917. 785. 206.   0.
657. 644. 646. 563. 562. 478. 562. 460. 345.  33.
670. 636. 646. 635. 564. 585. 584. 456. 174.   0.
477. 470. 554. 743. 919. 671. 422. 373. 228.  93.
 500.  497.  409.  706. 1302.  687.  402.  173.  197.   77.
 527.  526.  529.  630. 1007.  635.  712.  348.   36.    0.
633. 625. 723. 743. 672. 610. 470. 303. 162.   9.
608. 720. 694. 670. 615. 706. 618. 298.  21.   0.
 477.  555.  550.  625.  624.  815. 1129.  175.    0.    0.
 443.  471.  484.  515.  609.  945. 1106.  377.    0.    0.
415. 466. 467. 543. 624. 871. 955. 609.   0.   0.
 467.  471.  491.  523.  618. 1347.  700.  294.   39.    0.
470. 473. 504. 542. 602. 892. 619. 718. 130.   0.
 447.  486.  502.  733. 1204.  748.  407.  244.  179.    0.
439. 500. 547. 670. 860. 574. 525. 462. 371.   2.
 445.  452.  484.  508.  587.  688. 1345.  441.    0.    0.
 447.  457.  472.  498.  577.  734. 1310.  455.    0.    0.
577. 888. 764. 643. 548. 468. 504. 363. 187.   8.
601. 819. 769. 629. 571. 521. 452. 403. 177.   8.
799. 788. 697. 630. 601. 446. 330. 291. 271.  97.
633. 745. 822. 775. 609. 574. 547. 231.  14.   0.
837. 820. 710. 643. 534. 489. 420. 272. 164.  61.
685. 685. 659. 597. 622. 564. 523. 397. 218.   0.
859. 744. 704. 621. 521. 476. 391. 302. 252.  80.
680. 672. 583. 565. 600. 591. 514. 562. 183.   0.
714. 640. 699. 621. 655. 826. 594. 193.   8.   0.
329. 512. 678. 708. 829. 984. 571. 335.   4.   0.
956. 829. 720. 553. 499. 469. 395. 277. 189.  63.
915. 863. 754. 675. 547. 463. 313. 266. 114.  40.
 417.  441.  504.  553.  631.  709. 1120.  549.   26.    0.
390. 687. 915. 758. 485. 497. 469. 359. 290. 100.
 411.  455.  485.  537.  549.  780. 1084.  621.   28.    0.
 563. 1011.  734.  522.  509.  516.  448.  425.  222.    0.
 565. 1009.  845.  738.  585.  386.  352.  267.  203.    0.
 458.  469.  455.  492.  572.  748. 1333.  423.    0.    0.
 441.  426.  505.  490.  624.  685. 1322.  457.    0.    0.
452. 492. 519. 892. 823. 605. 523. 415. 229.   0.
 484.  455.  516.  884. 1056.  594.  396.  423.  142.    0.
479. 463. 536. 748. 852. 532. 553. 446. 341.   0.
 470.  485.  505.  697. 1007.  603.  432.  403.  348.    0.
475. 465. 551. 831. 945. 621. 373. 321. 368.   0.
457. 525. 529. 819. 660. 532. 544. 445. 439.   0.
 479.  449.  478.  564. 1009.  689.  475.  506.  301.    0.
592. 558. 848. 591. 604. 579. 517. 579.  82.   0.
517. 554. 868. 783. 628. 577. 512. 449.  62.   0.
 464.  487.  595.  777. 1062.  697.  503.  331.   34.    0.
461. 506. 553. 736. 997. 614. 619. 385.  79.   0.
1004.  925.  842.  683.  510.  401.  267.  183.  102.   33.
2282. 1284.  328.    0.    0.    0.    0.    6.  704.  346.
 416.  454.  497.  505.  565.  754. 1310.  449.    0.    0.
467. 589. 992. 944. 579. 464. 346. 319. 177.  73.
 906. 1077.  804.  721.  542.  319.  176.  276.  129.    0.
1041. 1425. 1110.  808.  323.   63.   34.  109.   37.    0.
553. 615. 650. 721. 914. 903. 420. 169.   5.   0.
 558.  752. 1094.  725.  579.  503.  337.  257.  133.   12.
 467.  540.  647.  760. 1148.  670.  297.  288.  133.    0.
 442.  445.  415.  543.  464.  741. 1122.  675.  103.    0.
713. 736. 706. 615. 587. 540. 430. 363. 209.  51.
521. 786. 957. 774. 649. 478. 291. 321. 149.  24.
 431.  447.  544. 1063.  689.  550.  444.  337.  366.   79.
432. 729. 785. 796. 942. 625. 400. 169.  72.   0.
