442. 535. 996. 610. 525. 456. 398. 383. 332. 273.
441. 824. 801. 696. 542. 474. 417. 319. 178. 258.
404. 424. 479. 498. 820. 768. 508. 449. 553.  47.
404. 476. 464. 441. 620. 694. 440. 460. 704. 247.
 399.  418.  393.  461.  616. 1022.  544.  361.  587.  149.
394. 415. 466. 488. 878. 776. 589. 541. 373.  30.
368. 426. 464. 493. 780. 758. 615. 433. 531.  82.
362. 386. 459. 483. 664. 993. 622. 418. 455. 108.
400. 413. 418. 403. 625. 904. 569. 455. 557. 206.
401. 424. 471. 479. 840. 893. 523. 385. 503.  31.
372. 444. 456. 525. 766. 866. 551. 402. 531.  37.
378. 413. 452. 445. 603. 892. 533. 471. 611. 152.
364. 409. 432. 493. 566. 903. 536. 403. 654. 190.
423. 409. 478. 460. 774. 740. 570. 543. 509.  44.
386. 415. 468. 457. 555. 984. 775. 471. 439.   0.
341. 391. 480. 481. 472. 791. 694. 456. 707. 137.
364. 401. 427. 456. 443. 717. 638. 505. 817. 182.
413. 455. 471. 462. 489. 710. 607. 635. 708.   0.
 489.  956. 1168.  958.  627.  399.  220.  100.   31.    2.
468. 781. 855. 690. 651. 494. 351. 274. 219. 167.
408. 414. 470. 648. 671. 851. 681. 489. 233.  85.
 417.  449.  482.  513.  589.  716. 1338.  446.    0.    0.
340. 407. 433. 449. 471. 631. 760. 523. 786. 150.
 450.  618. 1012.  698.  510.  471.  445.  350.  195.  201.
441. 815. 756. 707. 513. 451. 454. 258. 288. 267.
288. 509. 690. 810. 895. 680. 514. 309. 182.  73.
283. 552. 748. 880. 815. 672. 405. 237. 256. 102.
396. 614. 799. 874. 732. 566. 427. 274. 255.  13.
 309.  617.  919. 1001.  773.  559.  397.  203.  123.   49.
248. 567. 704. 931. 776. 707. 465. 278. 245.  29.
356. 665. 929. 981. 729. 614. 387. 206.  83.   0.
364. 570. 808. 707. 789. 502. 438. 393. 299.  80.
290. 444. 722. 865. 797. 743. 427. 265. 301.  96.
374. 630. 940. 909. 764. 602. 347. 208. 176.   0.
318. 715. 754. 809. 742. 627. 531. 248. 198.   8.
291. 572. 808. 857. 865. 894. 397. 213.  53.   0.
251. 506. 729. 940. 761. 725. 509. 320. 173.  36.
319. 585. 823. 993. 603. 711. 398. 282. 219.  17.
 296.  554.  815. 1031.  661.  751.  448.  202.  164.   28.
299. 509. 731. 753. 814. 784. 512. 472.  76.   0.
280. 666. 805. 959. 856. 746. 412. 199.  27.   0.
 294.  540.  837. 1028.  797.  721.  430.  303.    0.    0.
265. 519. 832. 930. 738. 679. 566. 392.  29.   0.
365. 570. 883. 913. 703. 627. 474. 318.  97.   0.
 528.  599.  550.  558.  620. 1009.  970.  116.    0.    0.
293. 460. 842. 785. 936. 670. 634. 330.   0.   0.
280. 511. 845. 944. 813. 661. 559. 337.   0.   0.
259. 535. 823. 884. 863. 758. 436. 283. 109.   0.
337. 645. 832. 990. 981. 575. 428. 159.   3.   0.
477. 633. 570. 552. 646. 986. 937. 149.   0.   0.
309. 561. 989. 961. 876. 557. 451. 246.   0.   0.
304. 560. 841. 945. 699. 665. 481. 372.  83.   0.
443. 458. 870. 761. 573. 853. 481. 313. 198.   0.
290. 466. 763. 764. 745. 900. 588. 434.   0.   0.
264. 509. 684. 891. 757. 810. 513. 357. 165.   0.
287. 383. 921. 726. 945. 642. 634. 412.   0.   0.
298. 438. 815. 705. 905. 723. 688. 378.   0.   0.
255. 444. 870. 722. 939. 706. 716. 298.   0.   0.
331. 588. 763. 999. 888. 543. 368. 331. 131.   8.
450. 666. 742. 752. 551. 449. 549. 515. 268.   8.
 381.  594.  672.  987. 1006.  478.  313.  300.  181.   38.
585. 780. 730. 758. 648. 436. 475. 370. 159.   9.
340. 602. 736. 976. 914. 601. 394. 282.  98.   7.
341. 566. 778. 968. 943. 627. 408. 218.  99.   2.
539. 987. 773. 604. 508. 477. 401. 357. 230.  74.
 619. 1017.  899.  675.  501.  471.  365.  227.  113.   63.
343. 599. 654. 899. 993. 526. 451. 343. 139.   3.
576. 995. 749. 446. 497. 513. 521. 363. 223.  67.
 428.  566.  531.  883. 1062.  403.  279.  464.  320.   14.
