 368.  352.  458.  488.  495.  621.  462. 1412.  246.   48.
810. 707. 611. 625. 612. 524. 415. 304. 287.  55.
980. 816. 750. 701. 623. 415. 273. 210. 137.  45.
956. 872. 686. 623. 513. 455. 372. 302. 134.  37.
920. 893. 787. 699. 533. 445. 294. 203. 129.  47.
918. 816. 762. 589. 537. 479. 367. 268. 168.  46.
 756. 1201.  600.  469.  526.  384.  496.  391.  127.    0.
955. 780. 678. 770. 620. 377. 287. 255. 188.  40.
918. 831. 747. 651. 539. 449. 354. 273. 150.  38.
825. 738. 709. 702. 571. 484. 394. 320. 207.   0.
