 483.  532. 1033.  866. 1024.  479.  335.  196.    2.    0.
475. 580. 985. 961. 937. 426. 395. 185.   6.   0.
 448.  574. 1046. 1003.  588.  562.  470.  197.   62.    0.
 583.  671.  991. 1065.  738.  383.  330.  162.   27.    0.
593. 526. 504. 522. 425. 399. 426. 869. 686.   0.
827. 772. 644. 614. 560. 447. 411. 375. 224.  76.
896. 782. 821. 736. 580. 429. 375. 214. 105.  12.
767. 747. 710. 633. 553. 520. 408. 317. 194. 101.
849. 712. 679. 659. 646. 503. 350. 293. 203.  56.
956. 865. 813. 645. 557. 444. 340. 201.  99.  30.
914. 803. 691. 597. 555. 462. 388. 288. 178.  74.
863. 817. 744. 650. 570. 428. 372. 243. 173.  90.
919. 811. 674. 567. 502. 426. 444. 323. 226.  58.
881. 700. 728. 598. 546. 484. 360. 350. 254.  49.
923. 824. 757. 654. 534. 459. 363. 220. 144.  72.
954. 765. 758. 675. 543. 436. 336. 281. 165.  37.
987. 841. 811. 711. 553. 398. 309. 201. 110.  29.
966. 812. 712. 614. 516. 492. 391. 251. 157.  39.
908. 787. 692. 636. 575. 453. 347. 276. 213.  63.
910. 794. 729. 651. 546. 440. 344. 283. 207.  46.
968. 875. 791. 642. 530. 470. 342. 197. 121.  14.
968. 890. 776. 642. 561. 456. 350. 201.  86.  20.
929. 880. 739. 595. 514. 489. 374. 262. 129.  39.
704. 665. 712. 734. 647. 556. 426. 284. 173.  49.
659. 623. 683. 676. 583. 560. 421. 407. 270.  68.
 455.  499.  508.  537.  592.  745. 1161.  453.    0.    0.
457. 501. 501. 575. 707. 792. 984. 433.   0.   0.
