 488.  496.  534.  539.  584.  699. 1204.  406.    0.    0.
 451.  458.  485.  536.  595.  692. 1315.  418.    0.    0.
 500.  466.  474.  485.  643.  719. 1237.  426.    0.    0.
 419.  477.  450.  519.  590.  723. 1312.  460.    0.    0.
 466.  492.  494.  529.  608.  720. 1218.  423.    0.    0.
 439.  459.  484.  507.  587.  716. 1315.  443.    0.    0.
 492.  448.  465.  504.  506.  776. 1329.  430.    0.    0.
 445.  455.  471.  511.  562.  752. 1324.  430.    0.    0.
 460.  422.  456.  537.  600.  701. 1362.  412.    0.    0.
 458.  463.  436.  466.  621.  749. 1292.  465.    0.    0.
 494.  441.  489.  467.  521.  710. 1349.  479.    0.    0.
 469.  466.  475.  505.  598.  751. 1226.  460.    0.    0.
 445.  443.  482.  480.  613.  736. 1281.  470.    0.    0.
 435.  450.  466.  499.  576.  767. 1291.  466.    0.    0.
363. 410. 468. 507. 489. 843. 663. 524. 614.  69.
