 495.  450.  496.  553.  739. 1121.  606.  318.  172.    0.
 434.  451.  515.  521.  762. 1190.  479.  440.  158.    0.
471. 510. 552. 569. 652. 949. 590. 447. 210.   0.
459. 476. 496. 557. 774. 945. 677. 454. 112.   0.
 431.  474.  495.  569.  806. 1013.  646.  369.  147.    0.
 430.  443.  521.  567.  752. 1199.  533.  407.   98.    0.
 521. 1113.  897.  707.  489.  510.  368.  204.  110.   31.
 452.  474.  465.  526.  553.  711. 1277.  492.    0.    0.
 440.  485.  512.  520.  651.  776. 1507.   59.    0.    0.
414. 844. 594. 600. 731. 586. 735. 374.  72.   0.
 452.  764. 1143. 1079.  806.  395.  274.   37.    0.    0.
 441.  440.  453.  649. 1133.  849.  356.  388.  241.    0.
 489.  495.  499.  629.  806. 1348.  444.  232.    8.    0.
 444.  673.  937. 1007.  824.  532.  440.   93.    0.    0.
 413.  414.  499.  548. 1077.  682.  639.  444.  234.    0.
 488.  497.  478.  560.  709. 1014.  811.  393.    0.    0.
 686. 1056.  903.  704.  560.  478.  355.  153.   52.    3.
 639. 1136.  935.  750.  573.  410.  308.  145.   45.    9.
 430.  545.  628. 1055.  855.  495.  409.  334.  186.   13.
604. 689. 579. 615. 973. 634. 458. 241. 113.  44.
482. 572. 674. 789. 683. 515. 484. 404. 324.  23.
702. 922. 726. 574. 560. 507. 433. 320. 182.  24.
