468. 426. 473. 527. 615. 889. 970. 582.   0.   0.
 495.  483.  495.  649.  769. 1072.  498.  332.  157.    0.
476. 460. 476. 584. 722. 918. 618. 432. 264.   0.
438. 512. 930. 868. 650. 542. 431. 307. 219.  53.
 456.  511.  566. 1045.  621.  493.  498.  387.  321.   52.
450. 515. 728. 908. 583. 519. 506. 443. 252.  46.
438. 526. 594. 728. 855. 609. 483. 430. 287.   0.
 484.  497.  884. 1004.  722.  497.  382.  282.  150.   48.
532. 799. 888. 799. 711. 443. 348. 288. 130.  12.
571. 785. 860. 718. 695. 509. 346. 253. 189.  24.
855. 775. 646. 731. 650. 479. 274. 260. 204.  76.
909. 868. 783. 666. 534. 442. 329. 244. 130.  45.
 427.  451.  444.  544.  594.  700. 1242.  548.    0.    0.
 447.  464.  481.  534.  561.  675. 1227.  561.    0.    0.
 449.  469.  501.  502.  609.  758. 1326.  336.    0.    0.
 427.  484.  477.  508.  611.  817. 1163.  463.    0.    0.
 422.  477.  493.  513.  584.  792. 1085.  584.    0.    0.
 407.  464.  474.  528.  604.  760. 1210.  503.    0.    0.
 438.  448.  485.  532.  588.  723. 1139.  597.    0.    0.
 432.  423.  444.  562.  583.  697. 1210.  599.    0.    0.
433. 465. 492. 538. 591. 862. 982. 587.   0.   0.
845. 781. 714. 718. 763. 487. 269. 229. 120.  24.
815. 822. 777. 740. 653. 481. 361. 166. 124.  11.
863. 836. 689. 640. 708. 494. 396. 218. 101.   5.
812. 846. 827. 647. 742. 452. 319. 171. 117.  17.
787. 853. 806. 661. 617. 508. 382. 191. 116.  29.
769. 773. 780. 695. 569. 539. 361. 241. 161.  62.
 459.  617.  774.  793. 1131.  905.  261.   10.    0.    0.
 439.  470.  480.  516.  601.  925. 1068.  451.    0.    0.
 443.  419.  477.  533.  575.  731. 1341.  431.    0.    0.
 452.  469.  496.  498.  580.  681. 1376.  398.    0.    0.
 439.  468.  456.  553.  617.  748. 1263.  406.    0.    0.
 436.  500.  448.  514.  595.  731. 1171.  555.    0.    0.
 425.  449.  473.  515.  611.  773. 1214.  490.    0.    0.
 448.  454.  455.  546.  580.  730. 1192.  545.    0.    0.
 421.  451.  467.  502.  565.  747. 1224.  573.    0.    0.
903. 818. 762. 635. 494. 448. 398. 244. 186.  62.
506. 543. 885. 747. 553. 513. 522. 381. 258.  42.
466. 748. 931. 984. 862. 543. 293. 104.  19.   0.
 374.  398.  412.  442.  509.  498.  490. 1333.  384.  110.
