510. 628. 711. 871. 576. 602. 459. 325. 208.  60.
 526.  631.  732. 1001.  642.  492.  394.  289.  196.   47.
 377.  349.  412.  423.  463.  470.  582. 1307.  392.  175.
543. 556. 712. 931. 670. 546. 428. 273. 238.  53.
 498.  628.  665. 1041.  724.  543.  420.  272.  124.   35.
 352.  370.  439.  463.  479.  474.  525. 1302.  401.  145.
499. 641. 662. 936. 766. 527. 397. 297. 185.  40.
486. 659. 746. 947. 646. 593. 448. 259. 120.  46.
 357.  336.  420.  503.  482.  500.  515. 1380.  334.  123.
 504.  574.  786. 1034.  678.  554.  397.  232.  163.   28.
530. 578. 782. 915. 693. 617. 438. 239. 122.  36.
 362.  380.  376.  493.  426.  459.  604. 1268.  420.  162.
 515.  550.  707. 1201.  700.  559.  361.  195.  127.   35.
 613.  509.  588. 1108.  791.  512.  314.  229.  221.   65.
 354.  352.  420.  458.  532.  458.  547. 1352.  348.  129.
500. 627. 773. 788. 627. 532. 499. 340. 182.  82.
486. 662. 718. 936. 633. 531. 416. 313. 182.  73.
 358.  375.  384.  512.  496.  499.  505. 1346.  341.  134.
530. 545. 774. 858. 668. 564. 481. 269. 172.  89.
520. 512. 715. 916. 710. 555. 386. 307. 205. 124.
 412.  401.  382.  329.  356.  459.  647. 1201.  518.  245.
 485.  615.  647. 1120.  774.  529.  365.  243.  140.   32.
503. 577. 792. 990. 700. 536. 435. 226. 152.  39.
 374.  393.  430.  371.  418.  542.  564. 1313.  445.  100.
479. 618. 730. 948. 788. 551. 400. 264. 124.  48.
532. 600. 788. 831. 597. 557. 497. 333. 181.  34.
 357.  419.  432.  386.  423.  547.  554. 1280.  465.   87.
506. 581. 705. 911. 681. 531. 454. 293. 199.  89.
 525.  548.  682. 1053.  690.  526.  377.  257.  180.  112.
 401.  382.  410.  492.  455.  398.  609. 1297.  384.  122.
554. 653. 584. 823. 639. 515. 427. 316. 302. 137.
549. 558. 719. 987. 657. 571. 394. 260. 204.  51.
 368.  379.  400.  444.  414.  506.  595. 1264.  451.  129.
488. 700. 720. 838. 651. 569. 467. 315. 163.  39.
 506.  546.  791. 1099.  787.  514.  370.  186.  106.   45.
 363.  393.  357.  486.  456.  482.  563. 1269.  435.  146.
 523.  571.  658. 1166.  744.  531.  332.  250.  157.   18.
 473.  618.  775. 1092.  696.  480.  387.  246.  131.   52.
 359.  434.  405.  499.  491.  507.  521. 1329.  327.   78.
 463.  626.  783. 1018.  662.  550.  410.  258.  137.   43.
 525.  582.  638. 1060.  716.  522.  364.  236.  207.  100.
 361.  395.  415.  462.  568.  530.  490. 1400.  289.   40.
 515.  600.  690. 1087.  790.  519.  354.  215.  141.   39.
492. 607. 732. 922. 658. 544. 431. 297. 198.  69.
 344.  395.  417.  422.  494.  510.  546. 1311.  406.  105.
 507.  547.  685. 1178.  772.  550.  312.  217.  128.   54.
 496.  559.  728. 1079.  767.  527.  392.  211.  148.   43.
 373.  381.  425.  434.  496.  535.  490. 1368.  381.   67.
 551.  591.  677. 1086.  612.  632.  391.  229.  130.   51.
 500.  579.  699. 1151.  680.  558.  363.  249.  134.   37.
 362.  398.  376.  451.  467.  460.  584. 1307.  398.  147.
543. 578. 640. 985. 701. 496. 409. 320. 207.  71.
579. 654. 691. 914. 637. 554. 404. 304. 187.  26.
 353.  377.  425.  435.  477.  482.  558. 1321.  387.  135.
