 579.  696. 1103.  890.  625.  442.  336.  204.   73.    2.
491. 469. 548. 710. 769. 946. 567. 450.   0.   0.
460. 519. 569. 635. 714. 760. 691. 530.  72.   0.
470. 523. 574. 553. 680. 917. 949. 268.  16.   0.
852. 785. 624. 638. 571. 428. 366. 312. 267. 107.
860. 831. 755. 588. 570. 434. 380. 269. 170.  93.
541. 897. 824. 723. 549. 464. 420. 371. 157.   4.
 352.  795. 1065.  935.  723.  633.  298.  144.    5.    0.
 531. 1075.  614.  500.  512.  368.  425.  405.  345.  175.
907. 803. 657. 558. 546. 456. 424. 297. 205.  97.
438. 531. 714. 790. 834. 757. 456. 321. 109.   0.
 488.  441.  457.  566. 1182.  672.  454.  562.  128.    0.
833. 791. 745. 698. 637. 422. 301. 260. 222.  41.
834. 798. 704. 660. 584. 488. 371. 283. 174.  54.
909. 829. 794. 681. 504. 479. 320. 225. 146.  63.
977. 899. 730. 670. 541. 439. 364. 199.  83.  48.
918. 751. 714. 564. 503. 472. 430. 284. 226.  88.
923. 857. 786. 681. 526. 433. 350. 187. 148.  59.
921. 887. 755. 630. 545. 452. 373. 227. 121.  39.
878. 828. 728. 672. 509. 469. 356. 263. 155.  92.
920. 810. 764. 619. 532. 439. 392. 244. 158.  72.
948. 804. 668. 534. 515. 474. 430. 316. 192.  69.
951. 842. 743. 652. 559. 460. 323. 239. 153.  28.
906. 913. 796. 647. 590. 438. 308. 188. 112.  52.
887. 908. 761. 636. 533. 435. 380. 229. 126.  55.
902. 838. 734. 606. 524. 487. 373. 277. 122.  87.
896. 844. 751. 569. 550. 447. 380. 293. 146.  74.
962. 903. 752. 644. 539. 478. 339. 218.  95.  20.
940. 827. 751. 630. 525. 493. 354. 256. 126.  48.
939. 847. 785. 661. 565. 461. 317. 197. 133.  45.
971. 891. 707. 668. 540. 446. 361. 229. 116.  21.
937. 871. 808. 665. 566. 419. 324. 205. 106.  49.
996. 851. 744. 677. 547. 418. 377. 245.  89.   6.
964. 869. 736. 741. 565. 405. 296. 228. 120.  26.
905. 760. 693. 672. 604. 440. 315. 243. 218. 100.
919. 832. 733. 678. 607. 390. 334. 258. 158.  41.
947. 896. 757. 664. 523. 466. 329. 237.  93.  38.
950. 857. 810. 620. 559. 462. 326. 211. 132.  23.
890. 803. 743. 631. 480. 468. 400. 284. 161.  90.
940. 925. 833. 681. 537. 424. 280. 183. 110.  37.
955. 914. 815. 730. 539. 409. 292. 162.  97.  37.
917. 897. 748. 697. 578. 394. 327. 219. 123.  50.
979. 800. 649. 518. 544. 491. 454. 310. 131.  74.
887. 808. 647. 519. 491. 476. 430. 372. 197. 123.
963. 821. 739. 702. 602. 393. 320. 223. 157.  30.
900. 837. 715. 661. 573. 455. 324. 258. 171.  56.
910. 872. 753. 669. 552. 454. 327. 238. 129.  46.
881. 815. 745. 647. 536. 455. 366. 253. 173.  79.
933. 787. 632. 560. 514. 446. 420. 355. 234.  69.
918. 826. 679. 539. 513. 493. 442. 306. 178.  56.
967. 874. 831. 706. 549. 443. 229. 231. 103.  17.
961. 850. 719. 531. 547. 443. 424. 280. 162.  33.
925. 916. 743. 647. 550. 453. 366. 203. 110.  37.
893. 816. 753. 676. 516. 473. 345. 231. 160.  87.
981. 820. 762. 641. 486. 460. 375. 226. 129.  70.
922. 818. 702. 600. 540. 458. 395. 281. 205.  29.
937. 909. 769. 680. 539. 438. 300. 223. 119.  36.
938. 880. 764. 663. 540. 448. 344. 218. 130.  25.
947. 797. 751. 582. 539. 464. 392. 277. 167.  34.
915. 790. 753. 658. 530. 481. 338. 225. 184.  76.
436. 467. 518. 842. 735. 553. 573. 392. 409.  25.
 462.  450.  445.  489.  584.  724. 1342.  454.    0.    0.
935. 968. 800. 692. 582. 411. 303. 153.  84.  22.
468. 565. 679. 856. 827. 519. 449. 399. 186.   2.
 492.  512.  646. 1226.  831.  644.  378.  221.    0.    0.
 514.  729. 1090.  832.  642.  432.  258.  345.  108.    0.
946. 875. 733. 650. 547. 455. 358. 252. 104.  30.
923. 803. 702. 595. 506. 489. 403. 304. 160.  65.
 434.  475.  473.  515.  567.  752. 1194.  540.    0.    0.
 474.  427.  467.  533.  574.  809. 1231.  435.    0.    0.
