605. 467. 469. 598. 934. 846. 673. 324.  34.   0.
 669. 1065.  870.  707.  570.  413.  315.  178.  113.   50.
 437.  514.  815. 1018.  658.  555.  431.  289.  189.   44.
452. 963. 733. 548. 491. 468. 418. 386. 305. 186.
462. 743. 977. 841. 623. 531. 426. 238. 109.   0.
353. 590. 739. 958. 875. 615. 373. 295. 138.  14.
 473.  462.  450.  521.  555.  646. 1274.  569.    0.    0.
 471.  443.  447.  482.  573.  743. 1350.  441.    0.    0.
485. 652. 678. 665. 851. 820. 553. 239.   7.   0.
457. 562. 717. 877. 786. 579. 528. 354.  87.   3.
 454.  629.  709. 1018.  685.  619.  493.  252.   86.    5.
 450.  485.  502.  601. 1027. 1009.  540.  279.   57.    0.
 430.  719.  774.  899. 1056.  730.  274.   63.    5.    0.
580. 853. 966. 826. 539. 532. 359. 234.  61.   0.
497. 639. 693. 841. 986. 561. 330. 275. 128.   0.
630. 789. 730. 768. 707. 516. 402. 258. 150.   0.
986. 946. 602. 346. 343. 543. 349. 506. 317.  12.
879. 818. 671. 632. 556. 437. 428. 317. 180.  32.
762. 654. 654. 604. 588. 571. 530. 358. 224.   5.
467. 950. 767. 750. 731. 606. 419. 206.  54.   0.
641. 840. 807. 655. 579. 552. 424. 315. 110.  27.
547. 749. 753. 857. 552. 529. 407. 344. 212.   0.
