731. 940. 649. 539. 472. 454. 496. 311. 233. 125.
815. 862. 758. 665. 594. 434. 325. 243. 176.  78.
377. 399. 459. 471. 494. 838. 676. 454. 669. 113.
932. 874. 769. 630. 534. 469. 372. 209. 113.  48.
 411.  443.  487.  506.  586.  736. 1108.  468.  134.   71.
414. 669. 999. 982. 680. 548. 372. 178. 108.   0.
 449.  465.  477.  501.  548.  720. 1324.  466.    0.    0.
416. 397. 490. 514. 460. 970. 596. 442. 592.  73.
 407.  389.  446.  470.  579. 1010.  633.  665.  254.   97.
370. 446. 455. 499. 591. 996. 681. 640. 190.  82.
414. 361. 404. 511. 501. 564. 772. 967. 385.  71.
397. 392. 454. 535. 443. 631. 936. 902. 212.  48.
387. 394. 490. 562. 560. 728. 944. 679. 171.  35.
380. 419. 494. 525. 537. 913. 905. 565. 167.  45.
378. 407. 484. 393. 519. 588. 920. 929. 261.  71.
 410.  417.  496.  511.  527.  595. 1079.  780.  124.   11.
398. 439. 508. 448. 534. 837. 954. 666. 156.  10.
407. 456. 481. 547. 529. 983. 799. 585. 149.  14.
483. 489. 579. 922. 619. 509. 490. 350. 424.  85.
978. 845. 719. 689. 534. 442. 298. 266. 145.  34.
883. 884. 773. 621. 572. 415. 369. 256. 123.  54.
