460. 525. 658. 954. 719. 532. 455. 372. 238.  37.
454. 528. 627. 985. 685. 562. 405. 364. 246.  94.
417. 440. 480. 640. 727. 958. 524. 473. 291.   0.
 412.  436.  476.  529.  510.  627.  794. 1093.   73.    0.
 450.  476.  501.  689. 1250.  693.  417.  292.  182.    0.
820. 823. 766. 692. 569. 445. 405. 219. 139.  72.
387. 381. 355. 441. 515. 483. 867. 916. 412. 193.
344. 404. 435. 464. 545. 504. 935. 865. 364.  90.
504. 544. 545. 982. 866. 573. 422. 301. 188.  25.
737. 854. 745. 611. 519. 499. 378. 296. 240.  71.
470. 487. 630. 850. 917. 550. 450. 291. 276.  29.
737. 841. 758. 577. 497. 474. 426. 325. 229.  86.
416. 412. 357. 437. 563. 849. 465. 538. 632. 281.
383. 397. 442. 503. 540. 881. 483. 448. 711. 162.
