 483.  473.  426.  418.  438. 1136.  868.  447.  258.    3.
 520.  456.  448.  485.  543. 1127.  798.  447.  126.    0.
 474.  484.  510.  509.  528. 1146.  734.  380.  185.    0.
940. 808. 769. 688. 582. 405. 333. 211. 173.  41.
891. 784. 725. 604. 476. 482. 424. 287. 166. 111.
912. 769. 726. 647. 532. 469. 352. 264. 230.  49.
911. 900. 723. 638. 562. 450. 361. 243. 125.  37.
 430.  478.  490.  492.  550.  704. 1332.  474.    0.    0.
937. 870. 816. 670. 554. 448. 286. 220. 123.  26.
418. 455. 507. 921. 538. 395. 515. 329. 427. 445.
945. 838. 794. 691. 632. 404. 278. 184. 124.  60.
 432.  458.  462.  510.  590.  722. 1335.  441.    0.    0.
 350.  395.  438.  459.  488.  540.  503. 1316.  359.  102.
274. 461. 693. 742. 725. 836. 613. 423. 183.   0.
302. 561. 711. 735. 692. 755. 645. 386. 114.  49.
396. 699. 841. 671. 493. 467. 470. 505. 359.  49.
285. 690. 873. 833. 740. 578. 507. 281. 151.  12.
248. 548. 816. 900. 825. 698. 610. 196.  97.  12.
447. 650. 781. 676. 486. 505. 496. 388. 419. 102.
309. 533. 760. 775. 757. 718. 526. 426. 121.  25.
285. 566. 806. 809. 706. 675. 452. 460. 166.  25.
