 847. 1667. 1174.  617.  204.  183.  147.   86.   25.    0.
 372.  881. 1135.  967.  792.  470.  222.   93.   18.    0.
469. 882. 752. 831. 916. 765. 280.  55.   0.   0.
838. 995. 710. 577. 510. 549. 372. 287.  85.  27.
 509.  890. 1070.  893.  602.  481.  277.  114.   92.   22.
 439.  555.  525.  636.  767. 1121.  747.  160.    0.    0.
456. 683. 902. 673. 879. 628. 559. 169.   1.   0.
 515.  720. 1000.  830.  518.  517.  574.  243.   33.    0.
488. 786. 581. 664. 846. 843. 624. 118.   0.   0.
580. 604. 699. 502. 771. 749. 695. 350.   0.   0.
