 413.  425.  449.  467.  519.  614. 1070.  917.   76.    0.
421. 491. 504. 656. 733. 917. 743. 442.  43.   0.
 392.  451.  486.  510.  587.  721. 1177.  626.    0.    0.
 467.  466.  538. 1014.  906.  557.  410.  290.  241.   61.
 459.  461.  591. 1058.  705.  616.  491.  322.  213.   34.
 435.  461.  463.  531.  577.  716. 1293.  474.    0.    0.
 448.  442.  437.  522.  612.  698. 1326.  465.    0.    0.
415. 635. 863. 832. 667. 598. 477. 346. 117.   0.
490. 666. 944. 775. 661. 543. 423. 272. 149.  27.
 395.  376.  441.  442.  528.  532. 1252.  612.  311.   61.
356. 388. 417. 460. 507. 563. 981. 783. 413.  82.
341. 398. 439. 472. 495. 592. 952. 615. 526. 120.
484. 778. 633. 877. 834. 697. 482. 151.  14.   0.
507. 606. 652. 926. 920. 732. 456. 138.  13.   0.
 522.  627.  574.  878. 1096.  774.  396.   83.    0.    0.
 464.  444.  464.  536.  591.  739. 1078.  634.    0.    0.
430. 478. 484. 541. 915. 649. 493. 471. 489.   0.
