470. 680. 858. 588. 519. 453. 444. 342. 327. 269.
310. 456. 924. 814. 948. 648. 626. 166.  48.  10.
351. 436. 848. 901. 814. 581. 739. 189.  81.  10.
312. 493. 876. 938. 942. 581. 500. 247.  61.   0.
295. 535. 769. 741. 840. 804. 578. 299.  83.   6.
315. 506. 911. 838. 928. 687. 571. 193.   1.   0.
 407.  521.  563. 1041.  607.  520.  391.  389.  435.   76.
299. 459. 801. 787. 893. 703. 643. 259. 106.   0.
286. 608. 887. 808. 777. 738. 547. 232.  51.  16.
325. 454. 811. 856. 935. 640. 637. 203.  89.   0.
314. 579. 841. 917. 858. 781. 482. 125.  51.   2.
 298.  472. 1028.  897.  839.  655.  437.  311.   13.    0.
335. 531. 729. 748. 878. 823. 511. 327.  62.   6.
328. 599. 926. 908. 887. 664. 451. 178.   9.   0.
310. 519. 918. 860. 913. 716. 542. 172.   0.   0.
371. 524. 754. 643. 774. 735. 564. 429. 142.  14.
 277.  445.  858.  648. 1022.  589.  794.  254.   53.   10.
292. 489. 784. 891. 681. 873. 578. 261.  67.  34.
305. 481. 748. 810. 844. 732. 680. 206. 122.  22.
439. 540. 587. 632. 820. 772. 571. 558.  31.   0.
490. 438. 506. 898. 998. 618. 385. 530.  87.   0.
804. 885. 746. 574. 505. 466. 419. 338. 143.  70.
788. 720. 751. 677. 488. 440. 446. 285. 183. 172.
876. 948. 832. 716. 569. 412. 291. 171. 107.  28.
863. 914. 763. 708. 594. 430. 318. 205. 114.  41.
830. 771. 744. 604. 489. 515. 386. 307. 219.  85.
820. 783. 689. 613. 514. 496. 310. 301. 266. 158.
812. 822. 797. 738. 576. 450. 325. 190. 127. 113.
 468.  617.  716. 1056. 1096.  618.  302.   77.    0.    0.
 485.  662.  664. 1257. 1004.  534.  304.   40.    0.    0.
 574.  569.  541. 1059.  894.  675.  522.  116.    0.    0.
 505.  717.  732.  946. 1035.  665.  299.   51.    0.    0.
 513.  761.  785. 1063.  912.  632.  228.   56.    0.    0.
 493.  614.  719. 1205. 1043.  585.  258.   33.    0.    0.
 467.  810.  735. 1104. 1042.  539.  212.   41.    0.    0.
 515.  673.  826. 1100. 1074.  546.  194.   22.    0.    0.
 438.  788.  693. 1179. 1028.  576.  214.   34.    0.    0.
 434.  641.  699. 1157. 1071.  564.  278.  106.    0.    0.
 436.  682.  886. 1115. 1075.  543.  189.   24.    0.    0.
 480.  703.  798. 1098. 1046.  587.  198.   40.    0.    0.
 510.  592.  609. 1120. 1122.  657.  248.   92.    0.    0.
 483.  561.  772. 1142. 1095.  574.  270.   53.    0.    0.
 456.  702.  722. 1047.  973.  610.  358.   82.    0.    0.
 503.  711.  696. 1016.  957.  667.  347.   53.    0.    0.
 464.  715.  765. 1028.  997.  645.  299.   37.    0.    0.
 506.  578.  678. 1160. 1096.  576.  281.   75.    0.    0.
 475.  671.  720. 1144. 1044.  611.  249.   36.    0.    0.
 533.  654.  695. 1029.  967.  649.  367.   56.    0.    0.
529. 634. 714. 997. 984. 623. 377.  92.   0.   0.
 507.  648.  704. 1083. 1012.  684.  269.   43.    0.    0.
499. 641. 701. 992. 996. 706. 344.  71.   0.   0.
 518.  675.  780. 1194.  926.  652.  184.   21.    0.    0.
 464.  654.  706. 1190. 1029.  586.  271.   50.    0.    0.
 518.  647.  742. 1010. 1073.  659.  265.   36.    0.    0.
 432.  684.  795. 1140. 1028.  580.  251.   40.    0.    0.
 535.  494.  684. 1096. 1055.  605.  403.   78.    0.    0.
 480.  583.  790. 1071. 1031.  595.  318.   82.    0.    0.
 451.  704.  770.  982. 1118.  612.  253.   60.    0.    0.
 447.  685.  691. 1133.  952.  613.  326.  103.    0.    0.
 524.  641.  620. 1013.  885.  683.  447.  137.    0.    0.
 533.  578.  700. 1153. 1084.  669.  214.   19.    0.    0.
 546.  600.  666. 1098.  856.  633.  442.  109.    0.    0.
 481.  644.  753. 1083. 1106.  531.  284.   68.    0.    0.
 521.  662.  682. 1148. 1065.  534.  281.   57.    0.    0.
 504.  649.  762. 1036. 1007.  582.  329.   81.    0.    0.
 461.  703.  717. 1061. 1001.  657.  292.   58.    0.    0.
 498.  669.  748. 1210. 1061.  474.  233.   57.    0.    0.
 523.  622.  640. 1106. 1038.  675.  294.   52.    0.    0.
 449.  677.  736. 1158. 1076.  593.  209.   52.    0.    0.
 530.  644.  756. 1057. 1055.  604.  261.   43.    0.    0.
 517.  673.  702. 1064.  987.  661.  300.   46.    0.    0.
 542.  672.  667. 1255. 1120.  551.  126.   17.    0.    0.
 528.  550.  617. 1196.  911.  679.  405.   64.    0.    0.
 463.  650.  871. 1142. 1065.  491.  227.   41.    0.    0.
 496.  668.  693. 1084.  999.  623.  322.   65.    0.    0.
 470.  830.  764. 1195. 1028.  468.  170.   25.    0.    0.
 506.  721.  761. 1115. 1005.  661.  171.   10.    0.    0.
 447.  500.  529.  626.  722. 1082.  839.  176.   29.    0.
