 382.  393.  462.  570.  542.  571. 1023.  862.  139.    6.
422. 393. 433. 430. 551. 813. 765. 704. 423.  16.
929. 855. 767. 709. 521. 457. 319. 222. 132.  39.
901. 821. 729. 637. 526. 453. 372. 291. 175.  45.
996. 907. 790. 669. 555. 465. 315. 157.  75.  21.
922. 885. 751. 625. 547. 448. 368. 243. 123.  38.
897. 800. 737. 679. 535. 474. 329. 242. 171.  86.
373. 406. 512. 479. 508. 575. 877. 966. 221.  33.
 490. 1065.  789.  644.  525.  448.  375.  280.  164.  170.
 410.  368.  508.  478.  518.  642. 1076.  773.  170.    7.
452. 408. 437. 703. 830. 805. 845. 418.  52.   0.
931. 900. 774. 671. 568. 429. 313. 213. 117.  34.
937. 833. 742. 723. 576. 403. 305. 247. 136.  48.
907. 872. 777. 677. 540. 440. 342. 207. 142.  46.
939. 810. 731. 628. 551. 448. 361. 276. 165.  41.
996. 880. 697. 535. 506. 498. 409. 269. 126.  34.
937. 786. 637. 578. 525. 469. 384. 328. 223.  83.
420. 517. 599. 641. 778. 992. 592. 381.  30.   0.
 372.  397.  455.  566.  563.  542. 1092.  770.  189.    4.
625. 971. 830. 672. 540. 504. 303. 254. 165.  86.
 392.  413.  401.  502.  516.  574. 1135.  767.  238.   12.
437. 461. 582. 676. 723. 836. 899. 294.  42.   0.
911. 837. 733. 606. 545. 476. 356. 274. 158.  54.
881. 845. 744. 645. 544. 446. 337. 271. 165.  72.
978. 915. 759. 664. 546. 411. 300. 213. 102.  62.
933. 842. 745. 644. 533. 444. 356. 254. 147.  52.
962. 853. 771. 695. 559. 437. 292. 214. 134.  33.
372. 390. 466. 489. 563. 612. 921. 872. 243.  22.
596. 995. 700. 638. 570. 444. 357. 320. 218. 112.
 360.  440.  457.  469.  517.  559. 1020.  868.  243.   17.
884. 862. 763. 681. 581. 421. 323. 227. 141.  67.
912. 843. 724. 594. 561. 442. 395. 281. 156.  42.
936. 774. 653. 548. 491. 475. 402. 343. 245.  83.
923. 846. 704. 652. 529. 463. 385. 276. 142.  30.
925. 855. 757. 608. 553. 452. 396. 224. 141.  39.
986. 920. 812. 656. 547. 435. 305. 178.  96.  15.
384. 400. 423. 503. 541. 561. 924. 929. 270.  15.
 470. 1140.  778.  724.  634.  414.  290.  246.  162.   92.
 413.  434.  431.  490.  494.  574. 1164.  672.  262.   16.
435. 423. 547. 761. 649. 840. 790. 431.  74.   0.
408. 392. 412. 472. 559. 803. 734. 720. 408.  42.
1008.  675.  562.  663.  581.  382.  334.  421.  275.   49.
930. 845. 833. 685. 547. 447. 290. 210. 127.  36.
938. 925. 781. 746. 567. 395. 291. 151. 110.  46.
924. 882. 749. 623. 522. 442. 358. 251. 137.  62.
912. 799. 768. 710. 515. 449. 341. 207. 170.  79.
467. 865. 825. 717. 577. 510. 369. 235. 233. 152.
367. 424. 438. 485. 567. 740. 770. 858. 285.  16.
423. 952. 824. 694. 607. 450. 346. 281. 210. 163.
425. 468. 555. 682. 829. 793. 914. 276.   8.   0.
901. 821. 729. 644. 530. 444. 384. 275. 156.  66.
936. 860. 724. 592. 541. 471. 399. 261. 136.  30.
905. 800. 780. 620. 541. 443. 372. 253. 166.  70.
965. 928. 733. 633. 552. 477. 347. 199.  99.  17.
388. 430. 475. 498. 529. 568. 972. 826. 239.  25.
610. 969. 756. 654. 561. 445. 351. 277. 191. 136.
 403.  439.  416.  453.  511.  561. 1086.  807.  258.   16.
389. 392. 476. 440. 607. 805. 800. 637. 365.  39.
