264. 554. 762. 912. 895. 708. 512. 257.  71.  15.
268. 564. 491. 486. 567. 742. 941. 645. 208.  38.
318. 669. 845. 804. 798. 731. 531. 226.  28.   0.
272. 721. 769. 978. 828. 671. 416. 181. 114.   0.
447. 888. 793. 545. 512. 452. 388. 399. 297. 229.
276. 732. 794. 842. 695. 527. 432. 450. 193.   9.
383. 826. 745. 751. 637. 683. 581. 278.  66.   0.
 362.  960. 1030. 1005.  720.  464.  253.  121.   35.    0.
271. 717. 886. 847. 890. 538. 331. 312. 156.   2.
 331.  935.  949. 1072.  837.  467.  257.   89.   13.    0.
381. 962. 813. 825. 663. 455. 318. 325. 204.   4.
276. 743. 748. 941. 795. 630. 406. 281. 130.   0.
 327.  916.  992. 1001.  750.  495.  330.  129.   10.    0.
