 467.  518. 1021.  827.  668.  488.  448.  255.  258.    0.
450. 666. 755. 735. 672. 538. 676. 449.   9.   0.
474. 523. 854. 827. 650. 529. 335. 329. 380.  49.
 541.  982. 1047.  634.  535.  493.  394.  231.   87.    6.
839. 816. 704. 588. 501. 445. 421. 282. 266.  88.
893. 949. 792. 665. 556. 433. 334. 225.  91.  12.
 531. 1114.  808.  657.  524.  485.  346.  250.  161.   74.
920. 775. 784. 667. 543. 459. 364. 166. 214.  58.
460. 685. 612. 846. 900. 485. 643. 314.   5.   0.
 505. 1226.  905.  753.  614.  397.  256.  153.  111.   30.
516. 718. 667. 731. 750. 517. 604. 318. 129.   0.
362. 373. 381. 482. 561. 980. 622. 411. 591. 187.
 366.  862. 1086.  955.  850.  586.  188.   47.   10.    0.
395. 607. 725. 913. 887. 795. 506. 122.   0.   0.
 364.  656.  848. 1022.  876.  705.  431.   48.    0.    0.
 496.  636. 1061. 1013.  588.  568.  311.  264.   13.    0.
 473.  662. 1054.  945.  648.  388.  425.  330.   25.    0.
362. 895. 995. 996. 659. 518. 358. 167.   0.   0.
419. 574. 614. 680. 925. 986. 694.  58.   0.   0.
 442.  663.  654.  677. 1109. 1030.  372.    3.    0.    0.
625. 873. 914. 670. 569. 488. 494. 188. 103.  26.
 474.  692.  684.  770. 1034.  930.  353.   13.    0.    0.
613. 996. 959. 752. 599. 519. 329. 173.  10.   0.
490. 970. 845. 725. 579. 436. 338. 377. 170.  20.
 452.  616.  566.  733. 1067. 1040.  455.   21.    0.    0.
503. 827. 920. 908. 966. 574. 203.  49.   0.   0.
302. 602. 762. 928. 866. 844. 570.  76.   0.   0.
727. 985. 745. 590. 538. 442. 422. 304. 153.  44.
 340.  676.  894. 1038.  916.  737.  320.   29.    0.    0.
 482. 1073.  891.  681.  587.  501.  376.  251.  106.    2.
