 421.  476.  498.  551.  738. 1057.  721.  385.  103.    0.
576. 797. 903. 656. 551. 461. 401. 317. 212.  76.
 439.  457.  497.  567.  639. 1098.  734.  349.  170.    0.
538. 848. 940. 797. 659. 445. 288. 203. 170.  62.
1510.  941.    3.    0.    0.    0.   15.  848. 1254.  379.
495. 612. 675. 774. 971. 611. 408. 251. 113.  40.
 446.  432.  480.  518.  556.  742. 1316.  460.    0.    0.
 417.  456.  471.  502.  610.  723. 1307.  464.    0.    0.
485. 542. 704. 787. 865. 709. 451. 267. 126.  14.
 425.  483.  488.  499.  562.  686. 1327.  480.    0.    0.
 452.  442.  444.  547.  601.  697. 1325.  442.    0.    0.
 538.  565.  678.  934. 1023.  630.  443.  131.    8.    0.
 460.  435.  455.  534.  612.  704. 1300.  450.    0.    0.
 584.  573.  688. 1119. 1202.  463.  218.  101.    2.    0.
 469.  468.  451.  510.  556.  756. 1314.  426.    0.    0.
 697. 1049.  821.  709.  576.  467.  294.  219.   99.   19.
 429.  484.  504.  512.  593.  674. 1298.  456.    0.    0.
753. 682. 670. 619. 477. 504. 368. 307. 305. 265.
454. 435. 555. 984. 700. 557. 373. 416. 344. 132.
 404.  435.  500. 1244.  704.  510.  495.  300.  202.  156.
404. 418. 460. 706. 782. 525. 480. 331. 606. 238.
392. 442. 462. 658. 876. 556. 508. 412. 510. 134.
 463.  452.  499.  536.  584.  721. 1257.  438.    0.    0.
 450.  457.  463.  523.  584.  707. 1316.  450.    0.    0.
 480.  428.  445.  532.  536.  795. 1372.  362.    0.    0.
 254.  614.  672.  788. 1007.  708.  521.  278.  108.    0.
 307.  678.  659.  742. 1057.  934.  463.  100.   10.    0.
 277.  721.  694.  866. 1005.  744.  404.  212.   27.    0.
 316.  671.  698.  854. 1058.  809.  348.  196.    0.    0.
760. 859. 734. 657. 586. 478. 474. 253. 117.  32.
 596. 1063.  798.  671.  563.  438.  366.  266.  141.   48.
 504. 1097.  894.  700.  557.  458.  342.  221.  122.   55.
566. 911. 758. 592. 632. 420. 437. 347. 242.  45.
886. 792. 674. 685. 550. 426. 349. 333. 202.  53.
578. 852. 783. 712. 635. 516. 453. 321. 100.   0.
788. 756. 762. 582. 533. 456. 388. 309. 210. 166.
 489. 1066.  688.  710.  597.  414.  380.  342.  188.   76.
806. 827. 639. 550. 483. 445. 415. 348. 295. 142.
469. 991. 832. 679. 596. 458. 438. 320. 137.  30.
544. 948. 771. 595. 527. 434. 425. 347. 222. 137.
 423. 1003.  843.  660.  622.  450.  354.  296.  207.   92.
449. 889. 797. 649. 660. 508. 300. 281. 220. 197.
 492. 1032.  823.  635.  492.  519.  438.  288.  223.    8.
378. 531. 772. 860. 824. 641. 429. 354. 157.   4.
429. 486. 488. 949. 907. 638. 438. 260. 355.   0.
 679. 1022.  781.  608.  588.  431.  362.  303.  144.   32.
543. 767. 953. 607. 559. 464. 391. 370. 241.  55.
520. 629. 749. 862. 573. 472. 413. 387. 286.  59.
559. 669. 773. 836. 506. 481. 431. 281. 291. 123.
 529.  742. 1054.  754.  612.  462.  357.  253.  150.   37.
