347. 758. 789. 767. 864. 568. 497. 219. 117.  24.
374. 776. 740. 839. 883. 626. 424. 189.  97.   2.
849. 945. 762. 695. 577. 427. 341. 206. 108.  40.
 481.  444.  578.  579.  947. 1063.  553.  305.    0.    0.
462. 499. 533. 726. 874. 931. 491. 334. 100.   0.
 538.  590.  541.  553.  904. 1010.  795.   19.    0.    0.
1035. 1082.  894.  705.  443.  340.  197.   86.  102.   66.
 438.  714.  714.  867. 1060.  700.  322.  116.   19.    0.
405. 700. 710. 843. 927. 853. 472.  40.   0.   0.
277. 764. 715. 866. 887. 839. 521.  81.   0.   0.
 338.  733. 1006. 1047.  867.  617.  251.   91.    0.    0.
509. 661. 960. 718. 630. 583. 489. 297.  97.   6.
526. 808. 609. 599. 615. 685. 651. 385.  72.   0.
531. 990. 679. 644. 552. 475. 391. 348. 256.  84.
 650. 1104.  766.  702.  619.  374.  294.  260.  157.   24.
 558. 1097.  826.  672.  547.  491.  308.  253.  170.   28.
497. 915. 973. 731. 575. 498. 361. 303.  94.   3.
797. 863. 778. 609. 525. 481. 392. 279. 188.  38.
 552. 1109.  849.  682.  555.  457.  337.  217.  152.   40.
812. 874. 728. 637. 573. 432. 364. 289. 173.  68.
655. 994. 699. 656. 535. 470. 332. 324. 227.  58.
521. 924. 790. 667. 575. 492. 437. 328. 178.  38.
