1010.  872.  761.  651.  556.  395.  341.  237.  108.   19.
 497. 1092.  773.  603.  549.  471.  452.  281.  162.   70.
 444.  464.  484.  497.  584.  763. 1274.  440.    0.    0.
487. 923. 650. 590. 569. 623. 624. 484.   0.   0.
 430.  449.  470.  526.  584.  711. 1331.  449.    0.    0.
513. 965. 705. 595. 521. 519. 539. 445. 148.   0.
432. 493. 847. 742. 656. 480. 381. 284. 375. 260.
786. 951. 849. 702. 565. 408. 323. 167. 108.  91.
984. 906. 798. 656. 569. 452. 296. 189.  93.   7.
666. 940. 644. 559. 483. 449. 418. 384. 279. 128.
882. 826. 655. 590. 518. 463. 389. 339. 200.  88.
1010.  903.  736.  615.  524.  480.  367.  197.   99.   19.
946. 871. 724. 658. 560. 458. 349. 211. 132.  41.
926. 858. 820. 669. 565. 417. 331. 190. 126.  48.
886. 800. 741. 622. 543. 405. 409. 272. 162. 110.
957. 833. 658. 634. 533. 469. 353. 303. 155.  55.
 362.  430.  410.  469.  510.  517. 1044.  533.  516.  159.
