 562. 1054.  781.  727.  620.  468.  313.  221.  169.   35.
823. 862. 716. 629. 517. 484. 328. 303. 226.  62.
851. 936. 758. 604. 555. 446. 385. 257. 136.  22.
431. 463. 575. 753. 729. 600. 458. 473. 379.  89.
1013.  886.  614.  590.  580.  510.  369.  231.  128.   29.
396. 468. 487. 517. 818. 839. 533. 464. 333.  95.
414. 459. 519. 676. 781. 695. 528. 532. 295.  51.
 472.  508.  590.  922. 1011.  829.  376.  211.   31.    0.
 369.  430.  473.  532.  826. 1016.  535.  371.  358.   40.
 453.  498.  533.  712. 1004.  642.  494.  490.  124.    0.
466. 587. 617. 746. 993. 710. 682. 147.   2.   0.
564. 735. 723. 661. 598. 475. 387. 401. 266. 140.
528. 690. 770. 867. 597. 497. 428. 324. 192.  57.
 455.  514.  708. 1125.  687.  592.  443.  251.  109.   66.
508. 565. 771. 856. 787. 613. 390. 268. 156.  36.
514. 824. 935. 765. 611. 519. 361. 283. 138.   0.
 529.  633.  747. 1110.  664.  413.  504.  286.   64.    0.
 539.  702.  704. 1008.  862.  662.  331.  127.   15.    0.
 498.  861. 1078.  950.  592.  406.  271.  228.   64.    2.
476. 926. 781. 765. 641. 473. 368. 309. 164.  47.
548. 761. 786. 734. 590. 488. 341. 374. 299.  29.
 480.  647.  688. 1039.  765.  461.  366.  314.  164.   26.
530. 942. 908. 727. 556. 483. 362. 259. 146.  37.
523. 876. 856. 741. 567. 439. 347. 301. 232.  68.
462. 733. 869. 703. 480. 527. 438. 399. 279.  60.
554. 617. 856. 763. 498. 481. 424. 328. 323. 106.
515. 655. 778. 986. 671. 533. 373. 279. 134.  26.
478. 596. 819. 828. 694. 571. 403. 311. 190.  60.
528. 546. 818. 864. 679. 516. 436. 301. 168.  94.
 409.  514.  748. 1120.  664.  601.  333.  194.  258.  109.
466. 850. 871. 725. 617. 485. 365. 235. 135. 201.
439. 839. 838. 694. 599. 491. 383. 230. 248. 189.
949. 864. 754. 692. 519. 469. 340. 196. 118.  49.
919. 791. 738. 640. 533. 485. 350. 249. 182.  63.
940. 840. 710. 625. 516. 472. 385. 278. 134.  50.
969. 770. 743. 658. 622. 430. 294. 204. 191.  69.
978. 927. 752. 607. 483. 429. 363. 222. 133.  56.
989. 824. 837. 669. 572. 444. 263. 188. 138.  26.
928. 878. 849. 651. 581. 408. 319. 205.  79.  52.
899. 852. 711. 627. 522. 467. 390. 255. 158.  69.
1021.  926.  835.  748.  534.  387.  270.  161.   60.    8.
943. 814. 720. 615. 554. 453. 397. 269. 142.  43.
868. 816. 704. 608. 559. 447. 351. 294. 209.  94.
921. 893. 769. 704. 533. 454. 312. 211. 105.  48.
938. 807. 745. 628. 570. 454. 350. 287. 146.  25.
908. 790. 781. 627. 646. 408. 316. 199. 158. 117.
987. 887. 796. 648. 574. 447. 315. 200.  84.  12.
