370. 419. 429. 505. 670. 798. 844. 479. 415.  21.
 375.  370.  412.  480.  496.  478. 1028.  761.  437.  113.
 357.  412.  429.  446.  506.  475. 1041.  806.  409.   69.
486. 577. 581. 688. 901. 979. 579. 152.   7.   0.
 458. 1088.  728.  555.  481.  462.  437.  368.  228.  145.
 448. 1018.  772.  687.  567.  497.  352.  224.  211.  174.
 465. 1016.  740.  590.  524.  443.  414.  327.  262.  169.
 327.  416.  437.  436.  495.  520.  604. 1232.  390.   93.
 342.  414.  416.  409.  466.  504.  779. 1107.  407.  106.
602. 952. 720. 583. 532. 469. 397. 326. 240. 129.
637. 839. 679. 643. 561. 493. 351. 280. 222. 245.
650. 941. 694. 616. 536. 444. 379. 313. 241. 136.
673. 937. 757. 698. 535. 448. 412. 251. 142.  97.
 392.  385.  472.  464.  579.  513.  718. 1136.  226.   65.
635. 915. 667. 530. 451. 446. 458. 355. 279. 214.
626. 932. 705. 589. 504. 488. 372. 320. 228. 186.
583. 955. 708. 625. 561. 449. 374. 309. 242. 144.
627. 913. 829. 577. 544. 486. 316. 353. 160. 145.
