 459.  499.  519.  536.  611.  813. 1407.  106.    0.    0.
 452.  465.  473.  546.  603.  768. 1501.  142.    0.    0.
 445.  469.  517.  468.  575.  707. 1317.  452.    0.    0.
 456.  499.  487.  540.  568.  678. 1264.  458.    0.    0.
 482.  505.  500.  516.  593.  687. 1273.  394.    0.    0.
 453.  448.  531.  477.  544.  688. 1309.  500.    0.    0.
 426.  444.  479.  518.  573.  756. 1285.  469.    0.    0.
 442.  455.  471.  520.  582.  693. 1330.  457.    0.    0.
 453.  440.  469.  504.  591.  733. 1330.  430.    0.    0.
 458.  455.  472.  491.  544.  758. 1369.  403.    0.    0.
 478.  411.  491.  545.  536.  722. 1320.  447.    0.    0.
 444.  443.  467.  522.  594.  731. 1301.  448.    0.    0.
 488.  461.  500.  502.  554.  716. 1285.  444.    0.    0.
 452.  458.  481.  490.  549.  751. 1314.  455.    0.    0.
 431.  442.  489.  515.  565.  737. 1324.  447.    0.    0.
 379.  400.  427.  463.  465.  562.  550. 1264.  364.   76.
 376.  351.  474.  441.  479.  476.  588. 1309.  379.   77.
382. 429. 446. 584. 979. 600. 411. 380. 425. 314.
904. 895. 777. 711. 551. 446. 290. 182. 144.  50.
931. 843. 721. 693. 594. 424. 331. 219. 162.  32.
934. 856. 694. 652. 505. 469. 374. 281. 150.  35.
892. 851. 780. 660. 585. 446. 304. 217. 171.  44.
