722. 670. 638. 574. 557. 549. 430. 382. 320. 108.
 431.  454.  487.  525.  589.  698. 1309.  457.    0.    0.
 460.  463.  486.  499.  591.  687. 1304.  460.    0.    0.
 480.  430.  477.  481.  616.  671. 1338.  457.    0.    0.
 446.  440.  481.  552.  568.  729. 1334.  400.    0.    0.
 443.  488.  473.  500.  548.  680. 1329.  489.    0.    0.
 757. 1067.  544.  202.  377.  286.  662.  732.  317.    6.
 496.  560.  634.  896. 1201.  811.  348.    4.    0.    0.
 449.  432.  446.  531.  637.  692. 1418.  345.    0.    0.
778. 922. 791. 669. 544. 435. 382. 223. 129.  77.
 430.  455.  444.  555.  564.  715. 1326.  461.    0.    0.
 563.  506.  472.  464.  529.  633. 1578.  205.    0.    0.
938. 735. 724. 657. 533. 449. 346. 259. 249.  60.
949. 742. 609. 537. 446. 470. 535. 276. 277. 109.
 461.  447.  466.  487.  603.  746. 1273.  467.    0.    0.
 438.  433.  485.  522.  589.  715. 1325.  443.    0.    0.
 547.  515.  463.  483.  405.  495. 1072.  970.    0.    0.
