 384.  393.  475.  440.  505.  505. 1044.  849.  340.   15.
389. 380. 439. 451. 461. 561. 984. 816. 410.  59.
 374.  371.  442.  545.  479.  546. 1153.  658.  345.   37.
 427.  424.  527.  522.  555.  761. 1036.  377.  213.  108.
 406.  488.  457.  500.  619.  884. 1116.  316.  133.   31.
 363.  472.  497.  560.  540.  924. 1047.  349.  152.   46.
 501. 1052. 1319.  981.  624.  377.   96.    0.    0.    0.
 387.  368.  405.  509.  485.  533.  763. 1098.  348.   54.
 349.  406.  427.  489.  542.  561.  704. 1149.  278.   45.
 387.  387.  392.  443.  466.  496.  762. 1092.  367.  158.
369. 400. 413. 407. 441. 527. 829. 989. 475. 100.
 355.  393.  411.  501.  544.  498.  609. 1252.  302.   85.
 361.  397.  454.  379.  472.  554.  633. 1256.  362.   82.
