 459.  425.  475.  538.  679. 1070.  592.  469.  243.    0.
 444.  467.  515.  623. 1004.  776.  571.  403.  147.    0.
 430.  502.  504.  556.  653. 1071.  705.  473.   56.    0.
490. 421. 551. 495. 602. 907. 684. 733.  67.   0.
482. 450. 524. 568. 946. 722. 479. 391. 388.   0.
 434.  484.  482.  554.  738. 1283.  575.  308.   92.    0.
 430.  478.  483.  579.  718. 1089.  579.  453.  141.    0.
476. 471. 513. 561. 579. 786. 709. 787.  68.   0.
 530.  960. 1379.  991.  575.  339.  125.   51.    0.    0.
 445.  459.  477.  560.  769. 1014.  667.  396.  163.    0.
 553.  545.  527.  640. 1374.  580.  338.  241.  145.    7.
568. 969. 763. 691. 593. 475. 311. 292. 191.  97.
 522. 1120.  806.  742.  581.  437.  409.  266.   67.    0.
591. 998. 613. 748. 636. 413. 320. 357. 234.  40.
563. 994. 785. 612. 645. 429. 331. 362. 156.  73.
 518. 1073.  861.  715.  641.  434.  332.  283.   93.    0.
623. 947. 832. 691. 565. 473. 338. 267. 185.  29.
 508. 1190.  868.  690.  596.  438.  319.  194.  147.    0.
 511. 1186.  894.  724.  579.  432.  316.  198.  110.    0.
 519. 1186.  883.  720.  550.  464.  324.  167.  137.    0.
 509. 1248.  814.  671.  545.  469.  326.  250.  118.    0.
5.310e+02 1.018e+03 8.090e+02 7.170e+02 5.560e+02 4.850e+02 3.620e+02
 2.440e+02 2.270e+02 1.000e+00
 549. 1071.  835.  692.  542.  496.  369.  227.  169.    0.
 565. 1069.  878.  718.  533.  475.  295.  221.  170.   26.
455. 885. 905. 615. 539. 474. 473. 305. 232.  67.
560. 973. 679. 661. 554. 447. 398. 352. 205. 121.
550. 978. 881. 672. 580. 467. 369. 242. 165.  46.
522. 928. 826. 583. 502. 520. 540. 312. 205.  12.
 526. 1114.  884.  659.  577.  469.  327.  226.  144.   24.
 474. 1060.  792.  638.  585.  458.  384.  303.  194.   62.
 487. 1055.  656.  601.  587.  413.  403.  379.  260.  109.
 474. 1091.  806.  668.  589.  429.  382.  274.  178.   59.
 473. 1079.  868.  718.  586.  468.  313.  215.  198.   32.
 508. 1018.  823.  674.  655.  446.  295.  294.  177.   60.
 518. 1058.  925.  691.  671.  402.  299.  199.  148.   39.
