275. 576. 739. 748. 782. 663. 571. 413. 144.  39.
283. 537. 706. 808. 760. 711. 521. 444. 142.  38.
558. 740. 869. 968. 823. 669. 233.  90.   0.   0.
495. 636. 839. 920. 945. 832. 251.  32.   0.   0.
412. 438. 511. 777. 901. 565. 438. 445. 441.  22.
 500.  471.  485.  517.  554.  753. 1137.  533.    0.    0.
5.030e+02 5.250e+02 9.590e+02 1.035e+03 6.900e+02 5.480e+02 3.360e+02
 3.530e+02 1.000e+00 0.000e+00
387. 407. 442. 514. 562. 667. 975. 749. 247.   0.
423. 470. 903. 953. 684. 547. 530. 368.  72.   0.
663. 924. 765. 628. 558. 477. 380. 329. 191.  35.
506. 962. 852. 599. 516. 446. 420. 334. 207. 108.
580. 864. 783. 627. 574. 570. 450. 380. 122.   0.
461. 561. 748. 901. 807. 618. 485. 267. 102.   0.
473. 479. 952. 958. 665. 538. 375. 244. 266.   0.
462. 585. 810. 804. 598. 530. 340. 383. 322. 116.
 349.  742.  950. 1062.  690.  493.  353.  205.   90.   16.
411. 674. 649. 831. 743. 580. 515. 353. 190.   4.
 542.  575. 1107.  734.  589.  480.  463.  427.   33.    0.
493. 614. 884. 864. 822. 626. 395. 196.  56.   0.
301. 594. 972. 911. 997. 598. 376. 201.   0.   0.
490. 523. 600. 826. 738. 548. 413. 306. 472.  34.
 409.  476.  497.  545.  624. 1113.  669.  490.  127.    0.
 477.  490.  507.  479.  575.  655. 1237.  530.    0.    0.
443. 487. 471. 540. 624. 888. 934. 563.   0.   0.
464. 486. 486. 532. 614. 872. 838. 590.  68.   0.
 416.  449.  502.  511.  590.  727. 1327.  428.    0.    0.
442. 440. 487. 511. 630. 848. 999. 593.   0.   0.
389. 440. 420. 397. 460. 778. 818. 572. 516. 160.
373. 374. 461. 446. 526. 698. 813. 423. 720. 116.
432. 354. 413. 502. 522. 819. 776. 371. 702.  59.
366. 379. 434. 482. 498. 787. 916. 507. 517.  64.
