 419.  463.  775. 1033.  659.  559.  429.  218.  280.  115.
508. 553. 662. 867. 413. 443. 485. 457. 331. 231.
576. 934. 847. 727. 472. 518. 382. 216. 181.  97.
 536. 1086.  797.  658.  523.  488.  378.  276.  134.   74.
631. 989. 709. 603. 574. 415. 414. 309. 227.  79.
950. 976. 855. 717. 565. 381. 259. 154.  69.  24.
445. 502. 663. 897. 496. 461. 498. 340. 364. 284.
 431.  539. 1084.  794. 1074.  726.  258.   44.    0.    0.
 530. 1196.  801.  764.  649.  370.  297.  186.  108.   49.
399. 478. 940. 703. 998. 943. 367. 122.   0.   0.
 593. 1061.  762.  713.  592.  432.  344.  265.  147.   41.
 547. 1042.  784.  676.  530.  491.  354.  283.  180.   63.
 818. 1027.  815.  698.  552.  396.  323.  216.   85.   20.
670. 956. 799. 607. 573. 467. 357. 285. 155.  81.
643. 968. 795. 671. 545. 472. 359. 244. 170.  83.
 550. 1041.  787.  661.  597.  419.  393.  267.  170.   65.
675. 964. 692. 584. 467. 510. 438. 323. 208.  89.
612. 999. 777. 662. 520. 443. 377. 255. 210.  95.
750. 982. 772. 613. 544. 481. 387. 264. 107.  50.
 587. 1080.  753.  629.  578.  470.  389.  271.  142.   51.
 767. 1004.  848.  691.  558.  448.  330.  182.   95.   27.
 421.  546. 1003.  823. 1080.  800.  252.   25.    0.    0.
