425. 467. 527. 753. 961. 670. 513. 383. 251.   0.
542. 951. 905. 494. 438. 429. 443. 421. 196. 131.
732. 741. 952. 514. 479. 517. 422. 307. 218.  68.
794. 983. 648. 624. 558. 480. 417. 259. 144.  43.
452. 478. 546. 604. 999. 750. 562. 328. 231.   0.
580. 997. 912. 563. 520. 465. 404. 298. 159.  52.
710. 762. 873. 501. 440. 473. 406. 451. 256.  78.
846. 889. 559. 547. 464. 370. 400. 407. 370.  98.
 437.  487.  442.  518.  577.  726. 1313.  450.    0.    0.
685. 639. 503. 493. 486. 460. 523. 564. 597.   0.
 423.  439.  488.  495.  616.  749. 1284.  456.    0.    0.
 442.  434.  482.  512.  592.  723. 1325.  440.    0.    0.
 418.  454.  464.  532.  574.  743. 1325.  440.    0.    0.
 487.  435.  493.  531.  533.  786. 1268.  417.    0.    0.
900. 726. 652. 543. 483. 460. 418. 414. 306.  48.
 468.  447.  463.  499.  575.  716. 1281.  501.    0.    0.
906. 749. 655. 534. 488. 554. 491. 354. 173.  46.
 421.  465.  463.  546.  573.  705. 1310.  467.    0.    0.
449. 437. 593. 784. 767. 678. 538. 411. 293.   0.
548. 815. 773. 904. 625. 576. 391. 237.  77.   4.
738. 720. 720. 789. 612. 426. 363. 383. 195.   4.
751. 765. 795. 746. 500. 512. 411. 241. 223.   6.
 438.  469.  553.  630. 1023.  768.  528.  366.  175.    0.
567. 758. 783. 841. 634. 465. 390. 334. 162.  16.
800. 756. 723. 939. 509. 541. 425. 202.  47.   8.
678. 655. 662. 999. 643. 489. 352. 298. 134.  40.
401. 452. 480. 532. 639. 851. 958. 495. 130.  12.
 410.  425.  464.  524.  632.  663. 1244.  429.  132.   27.
411. 461. 575. 681. 951. 643. 563. 386. 279.   0.
488. 525. 605. 966. 788. 637. 439. 301. 168.  33.
582. 641. 581. 771. 644. 501. 437. 464. 289.  40.
470. 547. 588. 666. 924. 768. 452. 331. 204.   0.
633. 740. 739. 778. 701. 583. 609. 165.   2.   0.
664. 672. 764. 648. 863. 618. 450. 268.   3.   0.
704. 704. 779. 633. 790. 406. 355. 470. 109.   0.
 424.  496.  472.  624. 1108.  685.  454.  406.  281.    0.
589. 830. 923. 786. 673. 481. 402. 251.  15.   0.
681. 653. 647. 777. 916. 528. 430. 289.  29.   0.
683. 645. 739. 834. 714. 548. 461. 302.  24.   0.
