454. 534. 584. 674. 902. 709. 866. 219.   8.   0.
455. 562. 603. 712. 944. 869. 477. 318.  10.   0.
485. 997. 803. 637. 607. 514. 457. 303. 147.   0.
628. 652. 912. 700. 630. 490. 384. 386. 168.   0.
536. 849. 730. 647. 587. 529. 428. 367. 269.   8.
 454.  891.  962. 1137.  793.  394.  189.  113.   17.    0.
588. 777. 640. 649. 881. 726. 434. 237.  18.   0.
 434.  752. 1077. 1127.  885.  451.  196.   28.    0.    0.
394. 909. 835. 772. 729. 507. 407. 281. 116.   0.
504. 819. 981. 708. 552. 521. 381. 283. 170.  31.
 520.  549.  696. 1089.  842.  566.  281.  245.  160.    2.
483. 561. 916. 779. 580. 450. 345. 440. 396.   0.
455. 449. 565. 905. 854. 624. 561. 276. 252.   9.
 455.  574.  580.  772. 1003.  718.  392.  307.  145.    4.
480. 525. 690. 561. 900. 692. 516. 383. 197.   6.
399. 438. 605. 842. 803. 695. 436. 468. 264.   0.
 440.  491.  503.  550.  673. 1130.  614.  529.   20.    0.
486. 436. 430. 561. 638. 997. 871. 521.  10.   0.
490. 488. 586. 756. 824. 696. 593. 266. 251.   0.
513. 549. 669. 957. 645. 562. 554. 345. 156.   0.
434. 477. 583. 956. 993. 570. 440. 326. 165.   6.
466. 504. 678. 821. 679. 522. 517. 455. 226.  82.
866. 796. 697. 562. 529. 424. 420. 332. 224. 100.
887. 847. 759. 645. 574. 449. 368. 247. 125.  49.
867. 839. 668. 609. 545. 467. 339. 345. 200.  71.
541. 932. 684. 781. 688. 511. 468. 280.  65.   0.
766. 864. 726. 670. 526. 507. 345. 277. 186.  83.
906. 820. 715. 664. 563. 450. 348. 302. 139.  43.
 468.  490.  516.  574.  685. 1250.  529.  346.   90.    2.
891. 774. 702. 682. 591. 437. 326. 254. 235.  58.
939. 845. 814. 638. 566. 444. 324. 188. 137.  55.
531. 898. 797. 728. 645. 404. 371. 316. 260.   0.
 461.  658. 1164.  762.  686.  438.  324.  244.  172.   41.
944. 737. 771. 699. 490. 508. 447. 163. 131.  60.
850. 823. 715. 631. 540. 466. 393. 304. 176.  52.
719. 659. 577. 545. 486. 550. 516. 560. 338.   0.
832. 772. 657. 608. 532. 523. 431. 403. 170.  22.
 253.  779.  945. 1005.  843.  684.  362.   79.    0.    0.
725. 913. 807. 703. 621. 502. 385. 188. 101.   5.
727. 833. 753. 671. 485. 558. 457. 287. 149.  30.
763. 831. 671. 653. 580. 498. 426. 307. 168.  53.
600. 904. 847. 658. 616. 479. 370. 286. 142.  48.
667. 938. 736. 664. 531. 469. 387. 350. 171.  37.
824. 892. 836. 670. 532. 485. 368. 184. 121.  38.
781. 878. 855. 663. 584. 442. 366. 221. 149.  11.
844. 870. 862. 696. 594. 455. 335. 176.  92.  26.
850. 797. 795. 716. 587. 469. 303. 260. 154.  19.
734. 830. 703. 682. 526. 463. 363. 332. 240.  77.
858. 856. 756. 673. 525. 433. 417. 274. 117.  41.
629. 976. 716. 602. 511. 457. 440. 325. 201.  93.
832. 879. 695. 549. 500. 500. 409. 360. 186.  40.
 541. 1108.  782.  601.  517.  453.  432.  315.  183.   18.
669. 953. 787. 690. 531. 460. 367. 258. 169.  66.
 711. 1027.  824.  719.  556.  431.  321.  224.   93.   44.
661. 963. 882. 658. 559. 449. 331. 255. 137.  55.
 616. 1059.  791.  593.  542.  458.  435.  287.  154.   15.
607. 912. 803. 596. 505. 528. 474. 330. 178.  17.
547. 977. 829. 590. 522. 565. 456. 307. 143.  14.
446. 486. 569. 949. 960. 722. 536. 276.   6.   0.
445. 490. 553. 557. 679. 947. 989. 290.   0.   0.
463. 898. 888. 717. 674. 476. 385. 287. 162.   0.
471. 540. 760. 768. 791. 599. 475. 267. 243.  36.
 464. 1031.  776.  712.  555.  472.  373.  297.  223.   47.
 574. 1008.  818.  580.  539.  486.  407.  294.  147.   97.
481. 632. 677. 969. 806. 509. 447. 280. 149.   0.
428. 625. 884. 806. 862. 502. 520. 269.  54.   0.
463. 531. 699. 834. 849. 899. 268. 371.  36.   0.
476. 502. 544. 676. 897. 681. 640. 478.  56.   0.
 496.  633.  723. 1049.  754.  645.  401.  232.   17.    0.
480. 549. 557. 721. 998. 674. 544. 352.  75.   0.
 601. 1076.  765.  669.  570.  455.  383.  275.  141.   15.
620. 983. 839. 780. 517. 512. 333. 193. 156.  17.
585. 692. 850. 668. 757. 527. 312. 230. 267.  62.
518. 560. 750. 963. 801. 478. 470. 214. 171.  25.
 470.  454.  531.  567.  621.  949. 1227.  131.    0.    0.
536. 928. 861. 666. 663. 411. 370. 260. 232.  23.
4.900e+02 1.038e+03 7.050e+02 7.270e+02 6.040e+02 4.520e+02 3.720e+02
 3.560e+02 2.050e+02 1.000e+00
 607. 1022.  808.  727.  562.  466.  331.  235.  155.   37.
364. 440. 468. 599. 841. 892. 524. 456. 343.  23.
881. 812. 706. 669. 567. 521. 352. 273. 141.  28.
852. 823. 707. 650. 596. 428. 356. 282. 197.  59.
938. 922. 849. 699. 547. 424. 302. 170.  82.  17.
773. 748. 762. 724. 507. 478. 329. 285. 265.  79.
816. 819. 786. 727. 561. 470. 352. 227. 150.  42.
392. 360. 355. 483. 568. 769. 729. 487. 642. 165.
384. 409. 449. 879. 859. 577. 473. 385. 186. 349.
