479. 457. 429. 488. 677. 901. 853. 666.   0.   0.
 544.  742.  993. 1183.  761.  419.  247.   61.    0.    0.
 443.  561.  590.  757. 1155.  497.  350.  278.  260.   59.
431. 667. 813. 848. 655. 609. 544. 304.  79.   0.
507. 729. 993. 713. 539. 540. 491. 296. 138.   4.
 460.  531.  847. 1003.  655.  547.  430.  269.  198.   10.
519. 952. 839. 625. 537. 474. 435. 323. 206.  40.
696. 855. 925. 786. 691. 556. 256. 183.   2.   0.
475. 650. 836. 896. 672. 606. 680. 135.   0.   0.
 491.  566.  502.  788. 1007.  508.  403.  366.  302.   17.
 516. 1083. 1039.  821.  626.  410.  276.  128.   51.    0.
 429.  656. 1017. 1005.  722.  491.  283.  197.  135.   15.
 378.  366.  468.  406.  471.  497.  627. 1343.  340.   54.
301. 568. 701. 749. 670. 649. 471. 447. 394.   0.
316. 464. 662. 788. 762. 684. 584. 405. 176. 109.
369. 655. 832. 792. 563. 520. 365. 442. 335.  77.
323. 700. 803. 835. 706. 536. 463. 320. 261.   3.
233. 571. 826. 839. 890. 696. 611. 201.  66.  17.
453. 646. 965. 944. 580. 529. 399. 173. 217.  44.
290. 583. 961. 877. 776. 667. 389. 298.  97.  12.
313. 608. 870. 899. 817. 592. 304. 373. 156.  18.
