 467.  431.  464.  516.  562.  732. 1315.  463.    0.    0.
 430.  457.  453.  533.  589.  694. 1346.  448.    0.    0.
 440.  499.  525.  481.  592.  687. 1280.  446.    0.    0.
 453.  412.  482.  513.  605.  689. 1369.  427.    0.    0.
 369.  417.  387.  425.  458.  566.  577. 1294.  381.   76.
 336.  379.  443.  397.  505.  491.  552. 1288.  419.  140.
 367.  360.  406.  488.  447.  454.  519. 1335.  406.  168.
 341.  417.  372.  478.  521.  504.  510. 1357.  356.   94.
671. 962. 785. 665. 587. 427. 322. 243. 156. 132.
890. 830. 732. 642. 559. 442. 362. 259. 183.  51.
633. 973. 768. 650. 531. 451. 371. 290. 198.  85.
910. 864. 786. 694. 561. 431. 305. 188. 136.  75.
 487.  501. 1176.  660.  511.  527.  460.  401.  227.    0.
 449.  509. 1142.  891.  544.  556.  413.  214.  232.    0.
4.780e+02 4.860e+02 1.194e+03 8.510e+02 6.100e+02 5.130e+02 3.340e+02
 3.070e+02 1.760e+02 1.000e+00
 407.  477. 1051.  669.  512.  483.  423.  462.  225.  241.
429. 484. 893. 692. 461. 449. 481. 489. 300. 272.
397. 457. 914. 792. 653. 521. 402. 336. 285. 193.
