 338.  370.  421.  505.  550.  504.  529. 1326.  327.   80.
 405.  551.  543.  648.  585. 1137. 1004.   77.    0.    0.
 416.  527.  520.  602.  702. 1006. 1044.  133.    0.    0.
461. 506. 604. 632. 895. 758. 586. 388. 120.   0.
 538.  564.  624. 1006.  841.  482.  315.  325.  210.   45.
536. 586. 929. 934. 623. 491. 393. 299. 124.  35.
 465.  630.  864. 1004.  684.  527.  351.  260.  147.   18.
513. 599. 665. 964. 629. 586. 343. 302. 270.  79.
 446.  507.  553.  549.  643. 1019. 1181.   52.    0.    0.
 401.  542.  568.  555.  764. 1031.  930.  159.    0.    0.
 427.  566.  542.  553.  708. 1056. 1053.   45.    0.    0.
 521.  469.  550.  705. 1156.  925.  443.  126.   55.    0.
627. 881. 672. 624. 579. 452. 444. 357. 244.  70.
583. 887. 755. 695. 548. 484. 408. 337. 201.  52.
835. 798. 707. 648. 572. 471. 371. 274. 183.  91.
 515. 1117.  762.  614.  503.  546.  386.  279.  204.   24.
 354.  756.  794. 1154. 1058.  546.  241.   47.    0.    0.
 478.  711.  965. 1176.  707.  417.  231.  204.   61.    0.
 567. 1028.  697.  639.  524.  437.  443.  235.  238.  142.
251. 665. 777. 989. 893. 608. 295. 325. 145.   2.
306. 572. 597. 821. 818. 759. 562. 356. 156.   3.
291. 626. 595. 910. 864. 505. 287. 489. 312.  71.
279. 704. 748. 921. 971. 662. 442. 169.  54.   0.
354. 738. 881. 923. 794. 507. 373. 268. 112.   0.
 629. 1013.  815.  658.  503.  511.  376.  233.  161.   51.
 343.  815.  762. 1093. 1038.  540.  297.   62.    0.    0.
 271.  794.  975. 1125.  781.  542.  358.  104.    0.    0.
 294.  837. 1005.  978.  845.  530.  329.  132.    0.    0.
 456. 1154.  849.  763.  604.  493.  370.  202.   59.    0.
