438. 425. 554. 572. 757. 799. 548. 762.  95.   0.
 452.  533.  528.  537.  681.  909. 1032.  267.   11.    0.
914. 856. 744. 666. 576. 446. 333. 239. 132.  44.
 488.  530.  574. 1087.  904.  651.  362.  229.  111.   14.
793. 781. 740. 644. 620. 560. 409. 255. 120.  28.
919. 794. 671. 599. 551. 459. 403. 312. 193.  49.
561. 600. 820. 789. 657. 479. 355. 315. 276.  98.
879. 873. 763. 690. 602. 422. 313. 243. 136.  29.
863. 879. 734. 613. 547. 455. 396. 282. 125.  56.
 397.  566.  599.  563.  616.  781. 1076.  341.   11.    0.
 549. 1012.  798.  731.  691.  431.  335.  230.  142.   31.
996. 911. 847. 696. 576. 377. 290. 129.  90.  38.
437. 645. 866. 914. 726. 649. 407. 288.  18.   0.
942. 732. 673. 706. 634. 425. 264. 248. 233.  93.
639. 761. 890. 668. 566. 507. 367. 288. 213.  51.
577. 842. 790. 620. 563. 462. 472. 318. 265.  41.
 493.  555.  738. 1135.  818.  546.  378.  205.   73.    9.
 459.  522.  583.  653. 1273.  584.  430.  269.  175.    2.
460. 481. 526. 614. 874. 997. 522. 282. 194.   0.
 506.  613. 1007.  788.  558.  556.  403.  297.  184.   38.
844. 901. 834. 666. 591. 434. 329. 202.  98.  51.
 545.  520. 1136. 1053.  714.  466.  277.  154.   77.    8.
 461.  499.  504.  526.  681. 1155.  541.  478.  105.    0.
 435.  461.  490.  507.  594.  723. 1290.  450.    0.    0.
497. 595. 960. 861. 712. 488. 317. 267. 192.  61.
 502.  530. 1221.  900.  662.  464.  371.  142.  131.   27.
841. 893. 768. 676. 529. 473. 376. 222. 139.  33.
 524.  652. 1258.  928.  657.  429.  297.  165.   38.    2.
470. 468. 535. 541. 584. 698. 758. 895.   1.   0.
 428.  439.  501.  495.  576.  751. 1304.  456.    0.    0.
455. 611. 988. 765. 614. 508. 406. 329. 194.  80.
460. 517. 642. 726. 973. 625. 453. 329. 223.   2.
439. 501. 508. 568. 782. 926. 495. 506. 225.   0.
