416. 467. 492. 539. 671. 905. 765. 488. 207.   0.
 449.  506.  487.  562. 1202.  870.  403.  330.  141.    0.
446. 470. 491. 536. 624. 875. 805. 638.  65.   0.
 456.  452.  445.  564.  633. 1081.  707.  547.   65.    0.
 448.  467.  519.  602. 1119.  769.  455.  391.  180.    0.
 427.  479.  494.  540.  751. 1118.  625.  366.  150.    0.
 460.  452.  509.  570.  725. 1183.  490.  424.  137.    0.
425. 462. 499. 535. 677. 970. 815. 524.  43.   0.
 538. 1102. 1381. 1066.  539.  243.   70.    9.    2.    0.
 444.  467.  500.  539.  762. 1205.  589.  328.  116.    0.
 475.  521.  567.  683. 1029.  596.  477.  370.  216.   16.
 528. 1152.  881.  740.  611.  381.  357.  195.   70.   35.
 513. 1059.  831.  577.  515.  531.  440.  325.  159.    0.
 536. 1129.  792.  673.  596.  477.  357.  274.   79.   37.
 516. 1235.  850.  717.  599.  449.  322.  177.   72.   13.
 510. 1071.  826.  639.  579.  451.  414.  310.  150.    0.
 526. 1019.  846.  611.  613.  445.  445.  254.  111.   80.
 502. 1105.  778.  673.  598.  451.  340.  262.  241.    0.
5.120e+02 1.174e+03 8.680e+02 6.850e+02 5.370e+02 4.790e+02 3.350e+02
 2.340e+02 1.250e+02 1.000e+00
 533. 1094.  752.  620.  528.  466.  426.  321.  210.    0.
 522. 1217.  866.  767.  590.  393.  288.  199.  106.    2.
4.950e+02 1.132e+03 8.150e+02 7.140e+02 6.100e+02 4.800e+02 2.750e+02
 2.430e+02 1.850e+02 1.000e+00
 568. 1133.  910.  673.  624.  370.  329.  174.  167.    2.
 506. 1044.  831.  723.  622.  421.  341.  254.  129.   79.
482. 980. 919. 671. 535. 472. 425. 252. 162.  52.
 521. 1001.  798.  650.  597.  459.  393.  268.  187.   76.
 550. 1028.  807.  722.  612.  451.  311.  248.  188.   33.
543. 917. 818. 707. 590. 432. 337. 285. 283.  38.
550. 976. 803. 721. 619. 424. 329. 295. 194.  39.
 542. 1014.  700.  567.  608.  431.  434.  332.  249.   73.
 441. 1068.  754.  659.  563.  473.  366.  297.  231.   98.
 489. 1035.  856.  654.  667.  413.  351.  244.  144.   97.
 466. 1056.  810.  673.  549.  461.  403.  279.  162.   91.
 522. 1130.  752.  605.  521.  419.  351.  321.  219.  110.
 517. 1206.  894.  680.  598.  421.  325.  198.   83.   28.
