379. 763. 811. 845. 807. 665. 478. 190.  12.   0.
394. 475. 493. 499. 900. 730. 549. 563. 347.   0.
473. 649. 736. 992. 708. 507. 398. 321. 142.  24.
474. 793. 923. 711. 710. 517. 386. 253. 161.  22.
787. 814. 713. 665. 616. 488. 388. 267. 157.  55.
433. 831. 986. 707. 658. 461. 420. 279. 153.  22.
435. 601. 910. 899. 690. 531. 419. 317. 135.  13.
447. 762. 973. 828. 607. 534. 410. 233. 145.  11.
477. 775. 925. 665. 589. 494. 495. 300. 210.  20.
 466.  453.  449.  525.  635. 1080.  774.  487.   81.    0.
463. 465. 469. 557. 681. 721. 801. 706.  87.   0.
 442.  452.  500.  510.  611.  779. 1184.  472.    0.    0.
 440.  448.  485.  532.  621. 1182.  791.  402.   49.    0.
 484.  472.  513.  561.  601. 1202.  607.  461.   49.    0.
 435.  462.  486.  491.  605.  792. 1322.  357.    0.    0.
413. 677. 722. 917. 945. 592. 377. 251.  56.   0.
417. 409. 551. 489. 952. 796. 559. 455. 322.   0.
492. 547. 962. 920. 674. 543. 380. 255. 166.  11.
 469.  745. 1029.  719.  583.  594.  398.  262.  138.   13.
834. 732. 659. 597. 623. 521. 362. 289. 260.  73.
467. 774. 983. 648. 576. 534. 485. 338. 133.  12.
943. 767. 785. 637. 450. 517. 390. 214. 210.  37.
 380.  385.  446.  444.  459.  497.  520. 1300.  404.  115.
 334.  400.  426.  415.  439.  525.  522. 1331.  427.  131.
 481.  441.  465.  577.  633.  901. 1007.  427.   18.    0.
 465.  456.  470.  516.  676. 1297.  596.  380.   94.    0.
 441.  456.  467.  520.  613.  773. 1340.  340.    0.    0.
 448.  465.  491.  524.  639. 1051.  823.  447.   62.    0.
456. 463. 454. 524. 710. 969. 862. 469.  43.   0.
 460.  444.  471.  525.  617.  769. 1280.  384.    0.    0.
428. 475. 487. 554. 606. 856. 834. 622.  88.   0.
 446.  436.  501.  534.  660. 1300.  629.  383.   61.    0.
 452.  435.  479.  470.  686.  738. 1213.  477.    0.    0.
 434.  456.  464.  531.  637. 1104.  670.  628.   26.    0.
 449.  477.  489.  494.  605. 1031.  687.  588.  130.    0.
 431.  453.  471.  540.  592.  752. 1245.  466.    0.    0.
