 376.  752. 1147. 1065.  741.  537.  242.   90.    0.    0.
 347.  737. 1130. 1015.  789.  603.  228.  101.    0.    0.
 579. 1024. 1302. 1058.  566.  303.  102.   16.    0.    0.
 404.  876. 1236. 1104.  669.  459.  165.   37.    0.    0.
 448.  633. 1149. 1081.  706.  571.  261.  101.    0.    0.
 420.  758. 1130. 1082.  789.  488.  180.  103.    0.    0.
 390.  719. 1034. 1146.  750.  466.  342.  103.    0.    0.
 370.  720. 1240. 1032.  755.  543.  231.   59.    0.    0.
 452.  777. 1313. 1184.  646.  438.  133.    7.    0.    0.
 368.  736. 1079. 1150.  763.  578.  224.   52.    0.    0.
265. 627. 677. 971. 912. 679. 447. 246. 126.   0.
 244.  728.  847. 1033.  749.  633.  383.  217.  116.    0.
393. 377. 423. 459. 430. 832. 847. 597. 509.  83.
397. 398. 429. 444. 465. 751. 778. 522. 676.  90.
362. 420. 444. 446. 508. 775. 819. 495. 605.  76.
354. 403. 448. 504. 476. 641. 757. 588. 725.  54.
