 439.  439.  476.  540.  582.  731. 1285.  458.    0.    0.
 439.  433.  459.  528.  591.  720. 1316.  464.    0.    0.
 444.  431.  517.  541.  543.  743. 1298.  433.    0.    0.
 437.  470.  478.  542.  614.  767. 1555.   87.    0.    0.
541. 964. 776. 689. 597. 442. 403. 315. 182.  41.
550. 998. 845. 732. 580. 478. 373. 244. 123.  27.
497. 651. 851. 936. 662. 549. 412. 280. 108.   4.
462. 682. 977. 921. 679. 499. 354. 267. 109.   0.
 479.  688. 1115.  728.  587.  538.  411.  279.  108.   17.
486. 707. 881. 693. 617. 563. 415. 339. 208.  41.
 434.  467.  480.  567.  801. 1048.  538.  341.  274.    0.
 442.  468.  483.  555.  691. 1022.  786.  404.   99.    0.
442. 471. 532. 529. 647. 938. 651. 602. 138.   0.
480. 485. 501. 533. 583. 835. 675. 753. 105.   0.
484. 483. 515. 531. 646. 866. 721. 586. 118.   0.
 440.  472.  482.  515.  612.  726. 1290.  413.    0.    0.
 437.  475.  505.  567.  764. 1169.  469.  409.  155.    0.
448. 456. 484. 539. 698. 996. 806. 462.  61.   0.
 439.  423.  521.  552.  657. 1072.  728.  447.  111.    0.
 468.  449.  469.  559.  649. 1320.  613.  367.   56.    0.
 449.  478.  474.  533.  716. 1005.  739.  476.   80.    0.
 477.  476.  480.  530.  581.  712. 1335.  359.    0.    0.
 444.  464.  491.  616.  748. 1038.  612.  429.  108.    0.
 446.  456.  474.  514.  609.  730. 1246.  475.    0.    0.
 445.  433.  471.  513.  609.  723. 1305.  451.    0.    0.
 439.  453.  481.  535.  551.  690. 1347.  454.    0.    0.
 469.  467.  468.  500.  611.  752. 1537.  146.    0.    0.
642. 986. 716. 629. 538. 423. 379. 402. 200.  35.
559. 892. 810. 592. 547. 494. 418. 339. 201.  98.
486. 586. 963. 833. 588. 564. 448. 289. 173.  20.
497. 589. 960. 936. 650. 546. 351. 296. 121.   4.
580. 918. 801. 700. 532. 522. 352. 309. 184.  52.
 897. 1111.  886.  724.  551.  390.  221.  125.   36.    9.
819. 842. 771. 657. 574. 464. 338. 247. 197.  41.
641. 889. 735. 611. 550. 478. 409. 361. 227.  49.
453. 464. 502. 531. 982. 930. 503. 404. 181.   0.
 440.  490.  475.  561.  579.  740. 1185.  480.    0.    0.
 440.  456.  500.  518.  582.  715. 1225.  514.    0.    0.
 442.  445.  460.  545.  597.  767. 1236.  458.    0.    0.
 433.  464.  480.  516.  558.  821. 1255.  423.    0.    0.
 445.  444.  489.  529.  598.  761. 1143.  541.    0.    0.
420. 448. 523. 504. 624. 823. 973. 635.   0.   0.
 445.  455.  442.  512.  623.  748. 1316.  409.    0.    0.
 517.  460.  498.  515.  566.  697. 1340.  357.    0.    0.
 460.  404.  487.  519.  609.  785. 1281.  405.    0.    0.
 465.  422.  484.  550.  562.  769. 1237.  461.    0.    0.
 437.  469.  470.  530.  603.  825. 1135.  481.    0.    0.
476. 437. 505. 517. 587. 796. 997. 635.   0.   0.
