478. 719. 815. 923. 639. 516. 367. 280. 171.  42.
 432.  463.  474.  537.  590.  709. 1320.  425.    0.    0.
472. 749. 868. 853. 628. 569. 388. 258. 140.  25.
 594.  648.  878. 1062.  646.  418.  330.  315.   59.    0.
 543.  871. 1037.  837.  647.  405.  311.  170.  129.    0.
664. 934. 768. 675. 579. 466. 350. 275. 172.  67.
551. 794. 915. 952. 682. 488. 336. 171.  53.   8.
676. 639. 676. 758. 653. 435. 434. 375. 266.  38.
573. 865. 872. 718. 596. 579. 405. 248.  94.   0.
 553.  673. 1067.  893.  595.  530.  305.  184.  109.   41.
662. 973. 824. 678. 612. 471. 303. 231. 145.  51.
 575.  786. 1104.  895.  682.  444.  309.  131.   24.    0.
549. 681. 921. 874. 548. 516. 368. 303. 173.  17.
 424.  464.  478.  508.  588.  728. 1314.  446.    0.    0.
515. 709. 809. 815. 636. 539. 386. 318. 180.  43.
644. 708. 857. 765. 593. 564. 474. 305.  40.   0.
 557.  837. 1027.  765.  613.  444.  348.  201.  141.   17.
709. 953. 696. 598. 543. 499. 405. 300. 185.  62.
552. 673. 996. 858. 637. 515. 358. 209. 135.  17.
 596.  720. 1007.  761.  587.  477.  392.  273.  131.    6.
597. 739. 964. 854. 650. 406. 334. 303. 103.   0.
542. 742. 846. 742. 613. 524. 403. 282. 170.  86.
 630. 1018.  824.  728.  499.  500.  350.  206.  137.   58.
570. 709. 952. 804. 616. 521. 405. 226. 133.  14.
547. 690. 857. 836. 609. 472. 365. 342. 210.  22.
 469.  448.  453.  538.  549.  713. 1334.  446.    0.    0.
 486.  604.  894. 1143.  656.  482.  357.  192.   92.   44.
 581.  762. 1028.  878.  654.  479.  341.  194.   33.    0.
622. 792. 981. 760. 570. 486. 393. 273.  73.   0.
 691. 1009.  792.  681.  614.  441.  338.  209.  136.   39.
 519.  738. 1019.  862.  648.  476.  337.  237.  106.    8.
 548.  684. 1023.  850.  613.  498.  351.  230.  121.   32.
 546.  797. 1186.  861.  631.  415.  326.  164.   24.    0.
548. 757. 898. 801. 610. 502. 434. 227. 119.  54.
640. 976. 849. 686. 582. 467. 303. 244. 140.  63.
 589.  840. 1023.  768.  610.  506.  346.  177.   84.    7.
 544.  671. 1028.  862.  576.  522.  344.  297.  102.    4.
