 734. 1059.  797.  636.  516.  454.  376.  241.  107.   30.
358. 392. 465. 414. 416. 927. 847. 537. 473. 121.
559. 795. 922. 796. 645. 465. 311. 312. 143.   2.
565. 768. 856. 723. 694. 634. 335. 337.  38.   0.
417. 882. 696. 658. 580. 636. 552. 368. 161.   0.
699. 731. 623. 556. 588. 514. 465. 400. 333.  41.
756. 967. 763. 592. 604. 510. 397. 246.  91.  24.
810. 750. 710. 643. 578. 493. 492. 302. 156.  16.
487. 559. 605. 960. 579. 596. 502. 363. 257.  42.
493. 494. 765. 778. 605. 500. 478. 437. 288. 112.
 461.  501.  572. 1316.  805.  538.  370.  212.  135.   40.
 362.  423.  433.  540.  567.  552. 1187.  579.  272.   35.
 447.  512.  628. 1017.  652.  575.  483.  300.  275.   61.
864. 922. 737. 691. 529. 452. 304. 263. 147.  41.
