 462.  453.  477.  498.  587.  760. 1295.  418.    0.    0.
592. 614. 821. 852. 667. 710. 687.   7.   0.   0.
396. 510. 506. 599. 657. 904. 825. 489.  64.   0.
885. 788. 684. 548. 557. 464. 415. 336. 180.  93.
876. 761. 703. 610. 543. 401. 499. 255. 265.  37.
879. 844. 723. 662. 559. 495. 330. 205. 168.  85.
875. 843. 748. 672. 502. 484. 360. 230. 160.  76.
906. 823. 775. 661. 561. 450. 327. 254. 157.  36.
889. 829. 704. 633. 511. 470. 390. 282. 187.  55.
768. 752. 728. 716. 623. 539. 291. 273. 225.  35.
564. 855. 773. 611. 561. 522. 431. 369. 232.  32.
 515.  586. 1011.  827.  678.  448.  366.  266.  182.   71.
488. 550. 576. 862. 719. 620. 455. 405. 247.  28.
 455.  447.  482.  523.  610.  871. 1117.  445.    0.    0.
 441.  440.  493.  526.  556.  843. 1073.  578.    0.    0.
