 356.  568. 1047. 1076.  810.  521.  510.   62.    0.    0.
 384.  451.  350.  393.  468.  491.  566. 1264.  436.  147.
 458.  470.  477.  483.  540.  728. 1323.  471.    0.    0.
 471.  450.  495.  469.  588.  745. 1436.  296.    0.    0.
508. 617. 839. 850. 776. 578. 353. 281. 143.   5.
890. 802. 669. 674. 552. 481. 277. 298. 208.  99.
728. 930. 770. 736. 566. 436. 330. 220. 179.  55.
923. 841. 760. 663. 534. 470. 298. 273. 129.  59.
460. 831. 906. 644. 547. 487. 414. 337. 250.  74.
584. 963. 702. 694. 625. 465. 347. 268. 193. 109.
 543.  516.  509.  492.  599.  871. 1305.  115.    0.    0.
841. 736. 714. 662. 546. 513. 367. 284. 220.  67.
732. 820. 711. 656. 588. 477. 329. 255. 234. 148.
 787. 1017.  860.  682.  557.  455.  287.  191.   82.   32.
802. 914. 666. 546. 495. 523. 436. 311. 178.  79.
