 414.  464.  457.  548.  587.  732. 1300.  448.    0.    0.
526. 685. 731. 817. 798. 892. 487.  14.   0.   0.
 354.  567.  777. 1020.  850.  730.  558.   94.    0.    0.
441. 477. 464. 525. 706. 951. 853. 468.  65.   0.
881. 763. 713. 608. 549. 450. 405. 268. 232.  81.
833. 820. 772. 634. 655. 445. 342. 260. 131.  58.
853. 769. 728. 678. 504. 507. 398. 221. 205.  87.
903. 805. 700. 673. 566. 434. 352. 300. 185.  32.
880. 789. 599. 654. 568. 400. 362. 321. 243. 134.
922. 890. 812. 664. 532. 470. 299. 207. 109.  45.
747. 710. 691. 597. 533. 576. 367. 373. 238. 118.
 468.  828. 1020.  774.  626.  511.  307.  237.  156.   23.
480. 696. 953. 786. 594. 521. 398. 271. 189.  62.
477. 482. 590. 936. 854. 623. 521. 299. 142.  26.
 443.  469.  483.  521.  615.  822. 1014.  583.    0.    0.
 458.  465.  491.  499.  601.  899. 1179.  358.    0.    0.
