410. 475. 515. 565. 603. 971. 841. 524.  46.   0.
 426.  449.  528.  549.  696. 1143.  733.  400.   26.    0.
 565.  785. 1035.  811.  613.  466.  377.  206.   83.    9.
401. 416. 512. 905. 848. 581. 496. 334. 454.   3.
 460.  464.  469.  508.  531.  733. 1335.  450.    0.    0.
 426.  435.  525.  464.  603.  715. 1326.  456.    0.    0.
320. 531. 831. 829. 940. 768. 502. 225.   4.   0.
765. 817. 659. 594. 530. 460. 424. 371. 244.  86.
708. 854. 829. 678. 578. 476. 372. 259. 176.  20.
761. 858. 696. 649. 583. 471. 388. 344. 179.  21.
520. 911. 853. 725. 648. 428. 348. 283. 187.  47.
509. 957. 902. 617. 553. 547. 416. 272. 151.  26.
805. 765. 732. 664. 566. 485. 437. 331. 148.  17.
 490.  508. 1095.  674.  557.  451.  489.  271.  305.  110.
 477.  530. 1156.  813.  640.  455.  357.  304.  179.   39.
4.750e+02 5.780e+02 6.050e+02 1.008e+03 8.360e+02 5.820e+02 5.180e+02
 2.850e+02 6.200e+01 1.000e+00
 554.  605.  605.  783. 1134.  569.  354.  230.  116.    0.
440. 678. 964. 739. 546. 544. 498. 354. 167.  20.
