318. 464. 708. 981. 816. 538. 498. 408. 206.  13.
233. 608. 644. 788. 763. 870. 601. 291. 110.  42.
 309.  626.  588.  648.  794. 1098.  669.  218.    0.    0.
495. 765. 848. 711. 710. 480. 512. 409.  20.   0.
296. 566. 787. 926. 792. 709. 426. 322. 104.  22.
 400.  463. 1102.  797.  656.  488.  400.  279.  218.  147.
402. 762. 820. 996. 699. 675. 514.  82.   0.   0.
493. 739. 820. 738. 744. 559. 513. 327.  17.   0.
338. 449. 555. 937. 912. 535. 425. 461. 296.  42.
472. 584. 855. 754. 664. 464. 470. 418. 232.  37.
417. 602. 777. 610. 563. 562. 520. 537. 305.  57.
277. 546. 608. 699. 808. 818. 702. 379. 113.   0.
298. 670. 704. 840. 839. 639. 533. 410.  17.   0.
510. 929. 854. 661. 545. 617. 472. 328.  34.   0.
514. 974. 825. 670. 478. 548. 575. 355.  11.   0.
447. 413. 674. 850. 694. 476. 416. 351. 585.  44.
442. 528. 539. 869. 922. 530. 535. 466. 119.   0.
465. 554. 780. 950. 796. 546. 354. 425.  80.   0.
846. 855. 716. 737. 544. 482. 354. 246. 136.  34.
463. 421. 526. 532. 611. 976. 634. 488. 262.  37.
433. 495. 499. 579. 776. 811. 631. 470. 256.   0.
 378.  344.  405.  496.  501.  487.  492. 1368.  346.  133.
 339.  414.  397.  497.  465.  508.  560. 1321.  372.   77.
395. 418. 476. 508. 871. 653. 477. 398. 413. 341.
 361.  404.  439.  440.  469.  574.  820. 1004.  373.   66.
 344.  370.  429.  437.  464.  533.  734. 1109.  405.  125.
 346.  398.  422.  418.  468.  520.  806. 1072.  409.   91.
354. 369. 420. 481. 452. 461. 887. 962. 420. 144.
370. 403. 367. 427. 448. 459. 987. 913. 438. 138.
370. 365. 455. 464. 465. 497. 804. 850. 559. 121.
396. 384. 358. 468. 533. 850. 840. 439. 543. 139.
332. 413. 413. 437. 439. 509. 830. 978. 453. 146.
389. 398. 407. 417. 455. 940. 719. 560. 566.  99.
 352.  395.  432.  461.  512.  540.  557. 1269.  365.   67.
 335.  375.  428.  481.  486.  519.  493. 1347.  394.   92.
260. 533. 850. 901. 768. 679. 523. 311. 125.   0.
288. 678. 924. 894. 754. 683. 383. 239.  93.  14.
357. 738. 811. 741. 467. 483. 478. 426. 374.  75.
 309.  845. 1122.  876.  796.  485.  273.  172.   70.    2.
250. 607. 845. 894. 836. 734. 534. 173.  53.  24.
406. 705. 945. 777. 504. 552. 508. 171. 279. 103.
300. 543. 754. 819. 800. 656. 584. 395.  94.   5.
343. 614. 792. 767. 717. 692. 527. 350. 125.  23.
