 429.  521.  555.  551. 1073.  689.  578.  430.  124.    0.
 447.  540.  460.  521. 1147.  718.  550.  472.   95.    0.
 430.  469.  554.  552. 1095.  766.  600.  455.   29.    0.
449. 528. 483. 572. 944. 761. 612. 482. 119.   0.
 429.  475.  557.  585. 1102.  768.  493.  459.   82.    0.
 443.  528.  539.  617. 1028.  637.  467.  529.  162.    0.
 505.  514. 1088.  869.  586.  549.  373.  363.  103.    0.
885. 793. 696. 612. 544. 434. 358. 307. 206. 115.
515. 469. 558. 699. 812. 634. 554. 482. 227.   0.
 415.  471.  496.  554.  671. 1083.  723.  471.   66.    0.
 444.  462.  480.  579.  724. 1112.  687.  373.   89.    0.
748. 791. 714. 688. 554. 528. 337. 317. 257.  16.
 425.  462.  503.  559.  671. 1081.  676.  442.  131.    0.
450. 494. 509. 555. 706. 856. 694. 484. 202.   0.
451. 456. 515. 539. 739. 969. 699. 495.  87.   0.
452. 469. 521. 562. 677. 992. 634. 643.   0.   0.
 450.  440.  495.  541.  556.  791. 1248.  429.    0.    0.
 452.  471.  527.  636. 1225.  712.  425.  299.  203.    0.
456. 494. 552. 738. 922. 738. 577. 473.   0.   0.
481. 490. 483. 548. 658. 791. 797. 616.  86.   0.
 440.  472.  472.  531.  693. 1005.  880.  396.   61.    0.
 419.  455.  508.  553.  630. 1119.  637.  546.   83.    0.
758. 689. 652. 655. 717. 522. 428. 376. 153.   0.
 433.  450.  466.  536.  527.  648. 1152.  738.    0.    0.
744. 710. 769. 597. 565. 509. 390. 390. 210.  66.
772. 754. 707. 677. 568. 551. 411. 342. 164.   4.
460. 449. 516. 567. 684. 795. 696. 483. 300.   0.
428. 467. 487. 536. 648. 990. 750. 554.  90.   0.
 462.  448.  471.  486.  676. 1074.  732.  549.   52.    0.
 447.  456.  469.  549.  703. 1070.  806.  420.   30.    0.
436. 454. 460. 567. 906. 849. 548. 396. 334.   0.
 439.  474.  497.  574.  694. 1030.  584.  464.  194.    0.
866. 855. 751. 617. 454. 446. 425. 310. 193.  33.
427. 490. 476. 566. 616. 950. 995. 400.  30.   0.
 456.  529.  549. 1020.  884.  559.  350.  292.  294.   17.
533. 940. 800. 661. 565. 468. 446. 320. 164.  53.
694. 815. 770. 603. 589. 437. 440. 332. 224.  46.
 475.  430.  483.  500.  656.  902. 1031.  473.    0.    0.
 567. 1050.  699.  629.  553.  459.  384.  320.  227.   62.
 488. 1056.  934.  725.  598.  460.  327.  209.  110.   43.
910. 824. 799. 665. 610. 433. 307. 192. 182.  28.
800. 844. 791. 710. 630. 449. 301. 216. 155.  54.
 436.  457.  482.  562.  676. 1019.  743.  472.  103.    0.
 444.  473.  508.  591. 1213.  791.  390.  354.  186.    0.
435. 422. 446. 505. 557. 725. 960. 794. 106.   0.
 438.  443.  431.  513.  579.  644. 1146.  756.    0.    0.
472. 484. 500. 509. 633. 765. 833. 617. 137.   0.
751. 708. 658. 576. 517. 467. 456. 405. 348.  64.
 492.  634. 1041.  975.  630.  578.  376.  204.   20.    0.
459. 480. 488. 965. 751. 638. 507. 444. 216.   2.
918. 902. 819. 669. 550. 403. 339. 166. 120.  64.
517. 992. 764. 630. 631. 412. 340. 277. 295.  92.
 441.  550. 1057.  759.  589.  492.  346.  394.  305.   17.
461. 509. 452. 968. 714. 585. 539. 290. 417.  15.
 470.  470.  506.  567.  603. 1154.  596.  509.   75.    0.
454. 485. 515. 572. 852. 951. 610. 388. 123.   0.
 457.  448.  500.  540.  694. 1054.  637.  464.  156.    0.
728. 802. 778. 854. 829. 582. 296.  81.   0.   0.
 472.  565.  534. 1116.  737.  525.  426.  370.  205.    0.
 428.  516.  534. 1062.  782.  561.  451.  311.  305.    0.
 446.  501.  545. 1182.  818.  485.  467.  269.  237.    0.
485. 528. 570. 761. 554. 473. 515. 424. 626.  14.
 461.  506.  513. 1120.  806.  484.  465.  337.  258.    0.
1036.  894.  887.  717.  522.  431.  220.  131.   92.   20.
437. 459. 485. 534. 640. 845. 973. 577.   0.   0.
 462.  455.  454.  517.  677.  850. 1042.  493.    0.    0.
 599. 1015.  753.  669.  607.  426.  355.  286.  196.   44.
480. 525. 738. 611. 737. 955. 684. 194.  26.   0.
475. 565. 744. 866. 757. 569. 417. 305. 203.  49.
565. 822. 866. 672. 569. 461. 359. 287. 245. 104.
 711. 1037.  791.  757.  596.  381.  287.  227.  134.   29.
716. 802. 720. 658. 488. 459. 436. 259. 229. 183.
605. 986. 817. 671. 547. 459. 394. 218. 197.  56.
724. 810. 921. 861. 568. 477. 343. 175.  66.   5.
441. 590. 701. 961. 697. 556. 399. 303. 186. 116.
583. 829. 954. 703. 716. 368. 282. 270. 219.  26.
710. 949. 802. 711. 540. 473. 314. 253. 129.  69.
 685. 1077.  784.  653.  551.  459.  348.  233.  122.   38.
629. 896. 826. 518. 559. 415. 501. 297. 170. 139.
575. 726. 824. 787. 597. 470. 439. 258. 206.  68.
369. 433. 440. 477. 551. 734. 683. 428. 728. 107.
