438. 482. 503. 566. 803. 952. 604. 408. 194.   0.
631. 978. 770. 663. 519. 489. 352. 293. 210.  45.
 683. 1028.  661.  516.  486.  522.  479.  370.  170.   35.
 438.  549.  554.  699.  575. 1021. 1014.  100.    0.    0.
 630. 1096.  880.  720.  550.  457.  298.  188.   94.   37.
 467.  463.  506.  493.  598.  684. 1371.  368.    0.    0.
 423.  454.  483.  505.  600.  742. 1363.  380.    0.    0.
 451.  457.  524. 1051.  729.  609.  450.  371.  281.   27.
 415.  451.  504.  562.  657. 1034.  782.  500.   45.    0.
 446.  442.  476.  510.  606.  889. 1079.  502.    0.    0.
 364.  423.  441.  425.  487. 1111.  644.  489.  498.   68.
421. 432. 423. 496. 556. 879. 704. 423. 474. 142.
416. 453. 621. 948. 509. 467. 415. 440. 377. 304.
404. 442. 503. 946. 541. 506. 415. 443. 390. 360.
671. 908. 786. 607. 551. 480. 363. 313. 175.  96.
914. 799. 722. 709. 622. 374. 312. 290. 173.  35.
 588. 1109.  842.  698.  561.  439.  310.  215.  122.   66.
726. 954. 689. 629. 544. 446. 394. 343. 176.  49.
659. 971. 787. 659. 529. 464. 369. 278. 182.  52.
878. 857. 729. 614. 491. 471. 387. 270. 184.  69.
 612. 1175.  858.  694.  587.  408.  333.  178.   84.   21.
662. 981. 703. 663. 560. 433. 334. 327. 222.  65.
667. 995. 797. 635. 544. 472. 356. 306. 153.  25.
 658. 1028.  789.  676.  555.  460.  352.  248.  123.   61.
 593. 1067.  806.  728.  591.  432.  301.  234.  145.   53.
 639. 1017.  743.  676.  534.  466.  377.  294.  157.   47.
734. 937. 673. 724. 567. 389. 389. 349. 158.  30.
 638. 1081.  803.  640.  486.  441.  328.  258.  195.   80.
846. 845. 716. 636. 524. 451. 357. 306. 187.  82.
698. 932. 782. 623. 513. 494. 378. 323. 176.  31.
 621. 1051.  756.  696.  590.  441.  335.  250.  160.   50.
 663. 1019.  783.  564.  516.  477.  434.  275.  167.   52.
678. 935. 706. 618. 540. 495. 347. 327. 234.  70.
643. 929. 758. 638. 584. 466. 350. 261. 245.  76.
 647. 1008.  766.  648.  561.  464.  370.  266.  152.   68.
643. 998. 756. 622. 498. 517. 409. 279. 160.  68.
 452.  426.  506.  498.  590.  782. 1333.  363.    0.    0.
 470.  457.  507.  506.  590.  709. 1184.  527.    0.    0.
 431.  482.  496.  497.  547.  692. 1507.  298.    0.    0.
 438.  421.  516.  515.  615.  788. 1129.  528.    0.    0.
 451.  468.  479.  536.  627. 1118.  859.  389.   23.    0.
 476.  438.  479.  535.  546.  729. 1256.  491.    0.    0.
 447.  457.  481.  512.  620.  727. 1337.  369.    0.    0.
 473.  443.  463.  503.  549.  749. 1332.  438.    0.    0.
 425.  432.  486.  527.  602.  714. 1327.  437.    0.    0.
 466.  476.  444.  493.  576.  747. 1339.  409.    0.    0.
 432.  589.  615.  618. 1192. 1007.  489.    8.    0.    0.
 450.  515.  630.  576. 1232.  838.  671.   38.    0.    0.
632. 961. 734. 655. 555. 456. 391. 345. 181.  40.
 540.  953. 1009.  726.  561.  490.  314.  200.  104.   53.
488. 433. 497. 540. 568. 912. 825. 648.  39.   0.
436. 441. 516. 512. 650. 876. 986. 533.   0.   0.
 499.  587. 1123.  830.  659.  467.  377.  243.  129.   36.
 468.  634. 1015.  712.  640.  497.  363.  310.  199.  112.
 469.  470.  466.  558.  658. 1112.  663.  463.   91.    0.
444. 442. 505. 563. 699. 891. 854. 428. 124.   0.
 438.  481.  519.  685. 1246.  743.  414.  288.  136.    0.
 474.  471.  548.  634. 1073.  779.  463.  337.  171.    0.
 432.  485.  477.  508.  582.  732. 1015.  719.    0.    0.
 503.  459.  428.  565.  583.  780. 1270.  362.    0.    0.
 445.  439.  536.  609.  825. 1016.  502.  401.  177.    0.
 433.  455.  465.  521.  607.  800. 1160.  509.    0.    0.
