503. 969. 638. 614. 508. 440. 390. 338. 294. 256.
440. 486. 997. 859. 563. 506. 512. 211. 179. 197.
 436. 1066.  778.  694.  579.  483.  340.  237.  200.  137.
376. 410. 500. 627. 920. 586. 496. 337. 323. 375.
431. 451. 957. 763. 714. 481. 410. 290. 282. 171.
368. 379. 494. 514. 465. 943. 539. 436. 691. 121.
384. 438. 448. 470. 469. 845. 584. 518. 690. 104.
267. 469. 763. 764. 822. 728. 613. 409. 115.   0.
342. 663. 791. 910. 783. 671. 568. 210.  12.   0.
355. 567. 696. 672. 799. 834. 588. 417.  22.   0.
330. 457. 701. 726. 737. 588. 333. 469. 490. 119.
282. 483. 739. 817. 786. 877. 470. 400.  96.   0.
288. 423. 650. 727. 721. 802. 638. 377. 270.  54.
 485. 1188.  794.  689.  527.  497.  366.  229.  137.   38.
 420.  461.  508. 1083.  808.  558.  358.  323.  296.  135.
 455.  498.  524. 1086.  729.  571.  435.  300.  257.   95.
 451.  456.  579. 1011.  766.  475.  467.  326.  316.  103.
 420.  422.  500. 1150.  734.  565.  432.  320.  295.  112.
 461.  437.  559. 1010.  508.  455.  514.  446.  366.  194.
 430.  466.  505. 1083.  824.  537.  373.  306.  244.  182.
431. 462. 519. 998. 616. 536. 464. 429. 390. 105.
 410.  477.  526. 1051.  643.  537.  488.  368.  322.  128.
 408.  453.  526. 1077.  688.  550.  454.  359.  287.  148.
 399.  486.  526. 1088.  672.  549.  463.  406.  205.  156.
 439.  468.  512. 1014.  712.  534.  433.  335.  364.  139.
423. 422. 505. 543. 851. 567. 446. 390. 731.  72.
 444.  500.  577. 1012.  792.  553.  530.  336.  166.   40.
496. 468. 586. 847. 733. 552. 484. 343. 407.  34.
 537.  626.  635. 1027.  791.  536.  425.  287.   86.    0.
477. 615. 987. 645. 432. 469. 518. 469. 295.  43.
 395.  452.  520.  545.  637.  772. 1052.  553.   24.    0.
 385.  482.  511.  515.  555.  787. 1117.  572.   26.    0.
415. 434. 425. 588. 665. 879. 733. 542. 269.   0.
 493.  565. 1113.  923.  627.  525.  308.  227.  141.   28.
363. 424. 420. 465. 872. 730. 513. 443. 553. 167.
 488.  592. 1005.  913.  672.  484.  339.  255.  159.   43.
376. 449. 411. 410. 766. 722. 542. 518. 541. 215.
 503.  633. 1060.  737.  627.  497.  364.  334.  175.   20.
 368.  433.  435.  462. 1026.  706.  449.  418.  427.  226.
535. 527. 957. 809. 699. 506. 331. 318. 232.  36.
400. 414. 450. 524. 564. 675. 499. 516. 720. 188.
475. 721. 962. 665. 532. 514. 479. 359. 171.  72.
 375.  414.  443.  476. 1132.  743.  496.  352.  335.  184.
393. 470. 478. 546. 675. 849. 583. 486. 470.   0.
456. 562. 829. 712. 614. 509. 438. 323. 306. 201.
458. 497. 903. 807. 710. 509. 344. 270. 286. 166.
423. 456. 449. 527. 827. 954. 644. 409. 261.   0.
477. 665. 821. 707. 560. 485. 362. 349. 311. 213.
446. 534. 941. 707. 490. 520. 492. 451. 212. 157.
820. 823. 731. 668. 558. 469. 329. 247. 202. 103.
916. 798. 727. 659. 530. 480. 338. 255. 188.  59.
805. 894. 725. 689. 575. 435. 335. 251. 143.  98.
873. 857. 747. 639. 530. 448. 349. 252. 157.  98.
660. 896. 658. 621. 541. 460. 330. 342. 287. 155.
658. 894. 764. 658. 550. 464. 388. 225. 212. 137.
454. 561. 612. 695. 691. 692. 767. 452.  26.   0.
 551.  843. 1017.  794.  605.  449.  342.  235.  101.   13.
408. 657. 559. 545. 503. 521. 766. 825. 166.   0.
853. 750. 828. 711. 619. 534. 327. 217.  87.  24.
 479. 1119.  821.  717.  607.  436.  338.  244.  142.   47.
 479.  719. 1266.  873.  727.  367.  290.  133.   92.    4.
 408.  398.  366.  495. 1068.  796.  493.  334.  424.  168.
364. 452. 476. 478. 817. 607. 506. 436. 650. 164.
471. 840. 823. 671. 574. 413. 455. 256. 261. 186.
451. 809. 958. 668. 567. 459. 460. 302. 153. 123.
 437.  502.  596.  739.  719.  690. 1060.  207.    0.    0.
451. 572. 605. 830. 767. 733. 753. 239.   0.   0.
574. 782. 993. 775. 601. 437. 372. 244. 135.  37.
 593.  943. 1148.  827.  575.  424.  241.  135.   52.   12.
559. 732. 833. 638. 560. 497. 384. 383. 240. 124.
660. 774. 884. 581. 531. 478. 518. 330. 174.  20.
635. 738. 938. 633. 517. 524. 416. 341. 168.  40.
583. 650. 963. 849. 606. 425. 392. 311. 137.  34.
570. 711. 984. 791. 551. 513. 341. 225. 203.  61.
627. 751. 851. 649. 484. 556. 374. 375. 239.  44.
 535.  674. 1088.  819.  566.  484.  400.  227.  132.   25.
522. 714. 908. 705. 561. 509. 381. 314. 244.  92.
 536.  714. 1021.  702.  613.  434.  438.  212.  202.   78.
482. 968. 816. 727. 520. 503. 356. 243. 209. 126.
374. 402. 400. 473. 484. 542. 899. 960. 361.  55.
 476. 1045.  784.  708.  576.  520.  287.  226.  162.  166.
893. 819. 697. 682. 577. 433. 334. 274. 168.  73.
863. 872. 741. 643. 542. 439. 364. 292. 141.  53.
 737. 1158.  991.  704.  597.  358.  249.  102.   47.    7.
894. 882. 713. 645. 516. 435. 381. 297. 151.  36.
375. 408. 406. 464. 439. 593. 933. 817. 390. 125.
 411.  457.  494. 1114.  757.  572.  375.  365.  301.  104.
 402.  384.  448.  513.  524. 1069.  609.  515.  447.   39.
469. 654. 679. 767. 883. 647. 501. 283.  67.   0.
492. 540. 912. 899. 641. 528. 377. 330. 200.  31.
374. 420. 439. 473. 547. 911. 746. 583. 397.  60.
384. 395. 395. 459. 507. 857. 839. 452. 536. 126.
493. 860. 757. 643. 595. 430. 409. 292. 242. 229.
 421.  467.  469. 1111.  696.  581.  421.  378.  204.  202.
584. 898. 905. 772. 598. 434. 366. 252. 116.  25.
415. 535. 653. 834. 709. 676. 889. 239.   0.   0.
 468.  463.  538. 1041.  692.  542.  446.  405.  206.  149.
 463.  420.  461. 1105.  697.  516.  477.  338.  330.  143.
 465. 1095.  848.  713.  607.  431.  313.  268.  148.   62.
 475. 1007.  833.  700.  549.  481.  363.  254.  181.  107.
598. 785. 997. 823. 590. 563. 325. 187.  72.  10.
574. 684. 948. 739. 640. 531. 391. 254. 166.  23.
477. 790. 937. 643. 612. 485. 366. 330. 170. 140.
 416.  480.  476. 1002.  801.  603.  353.  268.  278.  273.
469. 951. 753. 702. 586. 471. 365. 236. 241. 176.
 437. 1028.  796.  656.  536.  485.  384.  300.  218.  110.
513. 903. 666. 631. 636. 506. 281. 265. 281. 268.
