449. 920. 859. 851. 538. 477. 425. 253. 141.  37.
 390.  400.  404.  447.  475.  480.  555. 1348.  387.   64.
 315.  588.  574.  920. 1027.  620.  412.  376.  118.    0.
339. 807. 785. 840. 930. 662. 402. 168.  17.   0.
290. 766. 563. 690. 863. 947. 668. 163.   0.   0.
 468. 1035.  773.  708.  497.  471.  431.  266.  138.  163.
398. 954. 861. 671. 476. 525. 474. 369. 138.  84.
 231.  623.  781. 1023.  828.  673.  508.  273.   10.    0.
944. 905. 735. 647. 567. 478. 333. 217. 100.  24.
845. 846. 767. 630. 542. 450. 355. 268. 183.  64.
901. 900. 804. 709. 555. 440. 288. 203. 117.  33.
368. 433. 433. 490. 452. 957. 631. 466. 586. 134.
 463.  489. 1012.  682.  585.  527.  341.  330.  251.  270.
886. 831. 784. 672. 557. 436. 331. 226. 148.  79.
929. 754. 727. 635. 548. 440. 352. 300. 200.  65.
918. 775. 715. 486. 513. 435. 506. 305. 221.  76.
1021. 1001.  864.  703.  541.  341.  241.  147.   74.   17.
