 423.  465.  500.  526.  650. 1185.  709.  472.   20.    0.
437. 473. 479. 550. 643. 947. 749. 605.  67.   0.
461. 503. 549. 977. 872. 704. 517. 367.   0.   0.
 492.  461.  472.  616. 1268.  710.  509.  422.    0.    0.
427. 433. 455. 554. 884. 766. 620. 704. 107.   0.
442. 533. 568. 586. 771. 618. 585. 775.  72.   0.
412. 454. 485. 601. 970. 694. 649. 685.   0.   0.
438. 490. 511. 724. 972. 760. 578. 477.   0.   0.
463. 463. 539. 708. 952. 626. 735. 464.   0.   0.
468. 469. 551. 722. 928. 742. 748. 322.   0.   0.
672. 958. 826. 743. 568. 452. 316. 215. 141.  59.
536. 721. 969. 784. 530. 513. 370. 241. 195.  91.
435. 479. 592. 703. 990. 735. 565. 451.   0.   0.
415. 455. 488. 566. 674. 976. 762. 425. 189.   0.
429. 441. 458. 566. 608. 931. 934. 580.   3.   0.
509. 594. 695. 947. 639. 578. 521. 333. 134.   0.
669. 914. 759. 672. 530. 504. 364. 280. 214.  44.
572. 724. 882. 691. 523. 435. 414. 335. 291.  83.
734. 830. 774. 704. 618. 520. 371. 288. 111.   0.
 419.  480.  482.  539.  690. 1081.  756.  400.  103.    0.
 449.  500.  543. 1005.  814.  611.  472.  389.  167.    0.
462. 539. 787. 733. 943. 558. 316. 487. 125.   0.
382. 489. 764. 942. 881. 595. 418. 358. 121.   0.
492. 718. 917. 723. 674. 452. 296. 340. 338.   0.
 466.  468.  681. 1176.  802.  503.  423.  170.  219.   42.
512. 692. 841. 794. 570. 494. 482. 340. 205.  20.
481. 596. 727. 789. 578. 533. 519. 414. 295.  18.
 409.  473.  471.  513.  600.  686. 1288.  510.    0.    0.
 456.  491.  586. 1069.  786.  597.  402.  315.  206.   42.
385. 499. 550. 829. 917. 658. 518. 360. 234.   0.
 494.  624. 1284.  799.  579.  511.  315.  216.  119.    9.
 569. 1083.  865.  710.  562.  440.  318.  233.  150.   20.
436. 531. 565. 662. 985. 843. 540. 327.  61.   0.
460. 438. 524. 677. 852. 683. 623. 513. 180.   0.
435. 469. 530. 636. 665. 875. 615. 522. 203.   0.
