406. 440. 482. 592. 910. 637. 500. 382. 595.   6.
388. 451. 472. 602. 941. 708. 538. 409. 416.  25.
 421.  462.  490.  499.  599.  922. 1007.  550.    0.    0.
420. 438. 502. 542. 630. 998. 913. 507.   0.   0.
856. 825. 732. 643. 551. 459. 370. 300. 170.  44.
 498.  630.  512.  851. 1053.  627.  425.  251.  100.    3.
506. 638. 683. 959. 945. 612. 322. 209.  71.   5.
363. 637. 697. 645. 802. 835. 731. 237.   3.   0.
443. 470. 500. 596. 604. 969. 811. 504.  53.   0.
829. 746. 690. 620. 529. 468. 378. 271. 245. 174.
877. 923. 773. 687. 570. 425. 341. 193. 117.  44.
859. 781. 749. 620. 462. 501. 430. 234. 197. 117.
859. 859. 751. 622. 509. 446. 355. 281. 185.  83.
853. 757. 696. 630. 593. 453. 325. 275. 239. 129.
836. 885. 708. 609. 539. 465. 394. 265. 164.  85.
922. 718. 561. 535. 508. 391. 354. 421. 358. 182.
869. 856. 704. 619. 495. 495. 384. 301. 165.  62.
840. 832. 731. 665. 546. 442. 350. 265. 208.  71.
830. 833. 697. 653. 540. 459. 328. 277. 190. 143.
845. 775. 748. 670. 556. 466. 344. 228. 176. 142.
880. 754. 714. 691. 468. 461. 401. 269. 194. 118.
829. 825. 718. 698. 546. 449. 347. 260. 175. 103.
880. 747. 625. 565. 514. 418. 396. 354. 300. 151.
891. 818. 687. 694. 607. 435. 297. 269. 177.  75.
896. 879. 799. 689. 574. 407. 325. 229. 113.  39.
847. 739. 723. 636. 559. 431. 369. 275. 253. 118.
859. 887. 769. 671. 522. 435. 327. 224. 161.  95.
842. 852. 724. 661. 525. 463. 339. 260. 207.  77.
869. 787. 659. 673. 593. 490. 285. 254. 192. 148.
880. 834. 739. 590. 561. 481. 366. 274. 164.  61.
851. 783. 708. 579. 502. 488. 390. 310. 246.  93.
848. 846. 717. 583. 557. 430. 385. 295. 173. 116.
871. 842. 743. 642. 551. 416. 357. 270. 184.  74.
848. 804. 714. 607. 515. 461. 430. 262. 202. 107.
889. 872. 745. 737. 549. 442. 313. 226. 119.  58.
871. 792. 700. 560. 560. 435. 416. 312. 205.  99.
887. 850. 683. 576. 553. 436. 404. 311. 195.  55.
841. 770. 709. 630. 456. 471. 392. 301. 233. 147.
870. 870. 803. 644. 563. 422. 347. 229. 146.  56.
913. 889. 789. 621. 595. 416. 348. 200. 134.  45.
869. 902. 763. 663. 540. 462. 340. 238. 113.  60.
874. 875. 735. 685. 517. 468. 366. 244. 136.  50.
843. 972. 782. 701. 567. 402. 318. 189. 107.  69.
845. 783. 745. 623. 498. 453. 385. 275. 227. 116.
862. 860. 772. 656. 554. 448. 342. 242. 159.  55.
850. 848. 760. 658. 548. 454. 370. 236. 170.  56.
833. 813. 682. 639. 545. 451. 347. 291. 210. 139.
912. 952. 831. 661. 523. 437. 296. 193. 105.  40.
851. 819. 797. 678. 560. 434. 316. 247. 156.  92.
844. 858. 680. 578. 504. 483. 396. 321. 206.  80.
899. 829. 630. 509. 478. 458. 466. 383. 200.  98.
864. 813. 682. 633. 591. 432. 336. 301. 208.  90.
873. 806. 833. 659. 586. 443. 294. 237. 122.  97.
885. 924. 837. 679. 564. 421. 300. 195.  92.  53.
810. 824. 743. 622. 566. 437. 349. 303. 187. 109.
899. 769. 677. 722. 616. 405. 304. 276. 207.  75.
845. 744. 707. 615. 476. 434. 449. 291. 189. 200.
857. 774. 667. 561. 443. 466. 434. 342. 236. 170.
904. 818. 743. 679. 572. 428. 348. 258. 140.  60.
842. 791. 662. 656. 556. 459. 316. 340. 216. 112.
848. 809. 701. 638. 519. 447. 420. 289. 170. 109.
827. 805. 713. 644. 581. 417. 364. 295. 210.  94.
859. 836. 763. 621. 549. 450. 396. 230. 175.  71.
848. 851. 767. 685. 554. 476. 312. 191. 159. 107.
837. 818. 688. 628. 585. 461. 298. 261. 219. 155.
879. 879. 682. 579. 519. 522. 399. 311. 123.  57.
853. 823. 657. 597. 501. 467. 365. 338. 235. 114.
853. 782. 717. 702. 552. 477. 305. 249. 187. 126.
921. 796. 603. 576. 495. 456. 396. 388. 234.  85.
851. 860. 719. 604. 549. 414. 354. 266. 205. 128.
865. 795. 718. 587. 543. 459. 386. 316. 188.  93.
868. 830. 753. 600. 565. 440. 335. 281. 179.  99.
822. 851. 717. 618. 535. 447. 379. 302. 169. 110.
442. 430. 773. 961. 603. 586. 430. 349. 349.  27.
458. 453. 983. 763. 588. 515. 341. 402. 316. 131.
446. 744. 753. 679. 580. 549. 530. 478. 191.   0.
