543. 711. 998. 968. 717. 419. 389. 166.  39.   0.
536. 682. 934. 862. 538. 452. 429. 337. 180.   0.
672. 837. 796. 570. 504. 479. 462. 296. 254.  80.
 524.  575.  724. 1078.  698.  523.  454.  319.   55.    0.
869. 899. 826. 649. 580. 422. 346. 179. 137.  43.
 557. 1036.  780.  714.  648.  488.  314.  247.  141.   25.
539. 956. 829. 767. 600. 485. 399. 252. 122.   1.
 462.  550.  643. 1116.  747.  561.  435.  303.  133.    0.
521. 871. 848. 723. 539. 495. 550. 315.  88.   0.
553. 651. 876. 969. 633. 462. 470. 251.  85.   0.
615. 957. 751. 577. 504. 496. 422. 283. 272.  73.
472. 987. 870. 700. 655. 472. 351. 315. 128.   0.
596. 809. 834. 683. 700. 428. 372. 269. 199.  60.
820. 823. 648. 723. 634. 427. 342. 312. 190.  31.
444. 438. 470. 558. 767. 889. 544. 535. 305.   0.
 421.  456.  488.  486.  591.  724. 1335.  449.    0.    0.
 452.  479.  474.  484.  577.  689. 1317.  478.    0.    0.
975. 852. 779. 695. 604. 409. 272. 214. 115.  35.
987. 855. 847. 683. 568. 413. 262. 175. 129.  31.
1029.  809.  684.  717.  610.  433.  289.  234.  112.   33.
897. 871. 785. 639. 577. 439. 318. 217. 138.  69.
 422.  437.  466.  553.  598.  677. 1211.  556.   30.    0.
482. 628. 930. 705. 572. 474. 424. 346. 240. 149.
472. 628. 999. 837. 623. 513. 401. 305. 151.  21.
