481. 901. 696. 614. 630. 395. 372. 405. 311. 145.
767. 804. 695. 668. 548. 486. 336. 255. 260. 131.
812. 926. 796. 680. 504. 475. 316. 235. 157.  49.
 528. 1037.  688.  634.  564.  427.  349.  316.  283.  124.
 390.  416.  443.  471.  509.  527. 1065.  871.  224.   34.
 517. 1020.  745.  692.  567.  458.  374.  240.  179.  158.
886. 784. 720. 564. 553. 425. 409. 344. 196.  69.
936. 870. 762. 660. 581. 486. 285. 191. 133.  46.
789. 834. 730. 640. 531. 482. 342. 281. 206. 115.
545. 653. 794. 767. 589. 461. 479. 450. 195.  17.
 496.  482.  604. 1049.  747.  509.  418.  307.  335.    3.
513. 652. 988. 609. 617. 544. 416. 342. 196.  73.
877. 868. 814. 668. 585. 432. 304. 242. 107.  53.
801. 833. 739. 648. 503. 504. 339. 282. 208.  93.
864. 926. 784. 675. 558. 455. 316. 208. 108.  56.
476. 710. 778. 542. 569. 487. 360. 394. 316. 318.
 452.  456. 1139.  735.  530.  506.  442.  318.  222.  150.
 434.  475. 1026.  689.  618.  490.  380.  366.  226.  246.
456. 695. 977. 623. 570. 491. 438. 356. 240. 104.
 438.  452. 1285.  743.  692.  470.  340.  263.  185.   82.
 459.  550. 1192.  767.  573.  489.  363.  336.  150.   71.
863. 766. 687. 723. 615. 427. 269. 298. 218.  84.
624. 904. 773. 600. 636. 431. 333. 300. 200. 149.
 542. 1084. 1045.  810.  585.  403.  232.  169.   75.    5.
