 405.  421.  465. 1034.  708.  548.  449.  375.  288.  257.
403. 416. 432. 958. 758. 537. 418. 387. 286. 355.
395. 412. 451. 994. 740. 620. 357. 359. 276. 346.
 451.  431.  493.  510.  734. 1211.  659.  410.   51.    0.
346. 592. 632. 951. 617. 523. 423. 441. 317. 108.
986. 903. 775. 694. 562. 412. 323. 200.  81.  14.
957. 798. 702. 715. 592. 406. 307. 287. 154.  32.
385. 362. 423. 411. 493. 509. 867. 747. 564. 189.
 406.  443.  462. 1210.  696.  517.  436.  334.  245.  201.
 452.  540.  487. 1210.  671.  558.  414.  394.  224.    0.
 429.  480.  521. 1321.  735.  553.  383.  292.  236.    0.
 448.  463.  522. 1182.  733.  508.  416.  399.  279.    0.
 489.  497.  500. 1106.  626.  549.  440.  384.  359.    0.
 448.  503.  512. 1079.  507.  548.  453.  423.  475.    2.
 492.  462.  556. 1252.  700.  539.  401.  281.  267.    0.
 440.  497.  485. 1086.  724.  504.  383.  447.  384.    0.
 477.  553.  689. 1018.  602.  518.  508.  352.  233.    0.
 442.  499.  687. 1165.  774.  463.  481.  247.  192.    0.
 458.  501.  664. 1145.  712.  544.  384.  312.  230.    0.
 472.  526.  652. 1046.  512.  558.  473.  438.  273.    0.
 447.  522.  650. 1127.  736.  491.  429.  355.  193.    0.
 460.  546.  676. 1025.  663.  519.  506.  349.  206.    0.
 485.  516.  731. 1058.  656.  495.  498.  325.  186.    0.
 455.  507.  664. 1100.  703.  518.  376.  349.  278.    0.
 393.  427.  427. 1070.  710.  536.  485.  374.  322.  206.
 379.  452.  480. 1016.  712.  546.  465.  366.  303.  231.
495. 472. 512. 859. 525. 424. 410. 394. 414. 445.
416. 447. 516. 900. 534. 414. 461. 457. 350. 455.
 380.  436.  456. 1034.  702.  541.  431.  362.  255.  353.
 391.  415.  454. 1014.  682.  498.  534.  322.  292.  348.
 409.  425.  471. 1001.  748.  554.  468.  363.  248.  263.
423. 505. 456. 971. 722. 561. 359. 336. 322. 295.
 396.  433.  511. 1045.  759.  580.  402.  352.  231.  241.
 384.  423.  449. 1017.  741.  586.  440.  309.  229.  372.
 388.  392.  477. 1051.  772.  547.  481.  324.  199.  319.
405. 404. 470. 958. 626. 481. 522. 356. 330. 398.
408. 407. 492. 964. 704. 520. 434. 465. 257. 299.
405. 439. 482. 992. 607. 475. 447. 450. 358. 295.
473. 904. 778. 588. 587. 454. 418. 319. 260. 169.
473. 943. 871. 675. 545. 499. 371. 305. 166. 102.
