420. 585. 933. 898. 754. 579. 510. 266.   5.   0.
 448.  450. 1068.  710.  568.  484.  420.  381.  253.  168.
290. 477. 684. 778. 814. 733. 651. 321. 101. 101.
306. 451. 678. 825. 842. 555. 432. 498. 289.  74.
381. 837. 800. 943. 805. 604. 440. 140.   0.   0.
242. 634. 634. 851. 786. 735. 633. 296. 122.  17.
262. 528. 747. 798. 774. 888. 583. 328.  42.   0.
246. 657. 857. 895. 738. 616. 489. 326.  97.  29.
298. 546. 558. 606. 777. 899. 727. 415. 124.   0.
319. 548. 726. 837. 762. 599. 510. 617.  32.   0.
396. 470. 980. 717. 594. 488. 433. 309. 263. 300.
363. 553. 544. 609. 756. 948. 850. 327.   0.   0.
 481. 1145.  665.  482.  472.  424.  424.  425.  264.  168.
446. 473. 508. 524. 798. 804. 712. 581. 104.   0.
312. 693. 891. 941. 885. 659. 391. 178.   0.   0.
786. 904. 787. 671. 586. 462. 356. 232. 121.  45.
 432.  699.  895. 1193.  677.  499.  316.  139.   92.    8.
700. 857. 888. 806. 593. 427. 330. 307.  42.   0.
413. 436. 500. 465. 923. 589. 556. 481. 571.  16.
 331.  397.  442.  417.  450.  539.  523. 1291.  439.  121.
244. 491. 852. 796. 862. 714. 528. 327. 136.   0.
325. 629. 892. 925. 794. 676. 419. 206.  73.  11.
461. 921. 870. 500. 335. 436. 448. 561. 359.  59.
327. 668. 839. 699. 747. 542. 569. 384. 173.   2.
228. 569. 864. 843. 824. 701. 554. 265.  68.  34.
423. 630. 832. 801. 496. 565. 469. 195. 375. 164.
328. 517. 670. 758. 776. 580. 617. 503. 181.  20.
284. 674. 879. 870. 736. 678. 411. 306.  94.  18.
