 561. 1020.  749.  695.  539.  469.  337.  261.  286.   33.
554. 733. 986. 613. 556. 526. 499. 374. 109.   0.
937. 891. 805. 698. 560. 402. 303. 211.  92.  51.
 500.  605.  621. 1380.  920.  489.  334.   87.   14.    0.
798. 868. 708. 650. 572. 481. 434. 259. 112.  68.
484. 958. 798. 629. 486. 518. 415. 329. 286.  47.
883. 837. 655. 500. 448. 450. 437. 401. 224. 115.
628. 977. 800. 773. 664. 415. 320. 222. 116.  35.
644. 909. 731. 651. 520. 445. 410. 354. 232.  54.
 507.  909. 1046.  739.  581.  490.  365.  212.   99.    2.
 560.  571. 1260.  940.  598.  460.  266.  214.   81.    0.
877. 786. 829. 567. 639. 380. 357. 241. 265.   9.
878. 871. 739. 626. 549. 466. 376. 258. 125.  62.
887. 815. 726. 610. 533. 479. 369. 285. 181.  65.
860. 795. 671. 672. 584. 427. 300. 316. 266.  59.
890. 802. 739. 620. 535. 441. 384. 286. 197.  56.
 502.  900. 1001.  739.  565.  446.  366.  281.  144.    6.
 591.  538. 1135.  994.  686.  351.  364.  222.   69.    0.
837. 824. 692. 612. 554. 457. 383. 317. 255.  19.
905. 883. 738. 694. 561. 445. 325. 247. 131.  21.
886. 790. 737. 606. 626. 423. 368. 222. 169. 123.
798. 853. 736. 623. 537. 454. 399. 290. 197.  63.
939. 767. 695. 637. 522. 452. 373. 317. 205.  43.
518. 873. 920. 690. 584. 450. 393. 275. 244.   3.
 520.  605. 1259.  856.  619.  472.  300.  230.   89.    0.
833. 832. 682. 638. 521. 442. 423. 314. 245.  20.
949. 941. 752. 644. 525. 460. 358. 216.  86.  19.
916. 812. 716. 563. 514. 516. 381. 310. 136.  86.
911. 857. 751. 724. 590. 461. 255. 218. 140.  43.
951. 825. 754. 630. 552. 432. 353. 225. 156.  72.
475. 977. 982. 686. 545. 541. 360. 255. 121.   8.
 501.  633. 1182.  809.  560.  546.  393.  235.   91.    0.
850. 877. 762. 622. 536. 465. 314. 260. 247.  17.
892. 945. 738. 653. 528. 481. 317. 262. 106.  28.
903. 747. 664. 702. 449. 536. 325. 284. 258.  82.
859. 843. 807. 685. 532. 492. 294. 243. 171.  24.
903. 831. 719. 667. 607. 437. 318. 224. 170.  74.
509. 916. 968. 684. 578. 480. 394. 283. 137.   1.
 517.  616. 1240.  779.  654.  497.  349.  267.   31.    0.
888. 773. 696. 568. 551. 428. 468. 295. 263.  20.
932. 840. 715. 629. 588. 449. 355. 275. 150.  17.
887. 855. 723. 628. 573. 429. 369. 274. 168.  44.
812. 866. 681. 576. 533. 484. 355. 376. 207.  60.
991. 901. 815. 655. 581. 384. 334. 197.  85.   7.
 520.  846. 1008.  748.  581.  459.  356.  265.  159.    8.
 512.  600. 1235.  838.  614.  485.  387.  230.   49.    0.
854. 808. 802. 673. 646. 413. 306. 188. 243.  17.
906. 844. 698. 692. 570. 396. 360. 319. 149.  16.
890. 816. 745. 667. 493. 476. 379. 215. 210.  59.
866. 818. 678. 618. 567. 460. 379. 312. 193.  59.
