 372.  357.  426.  422.  521.  494.  593. 1268.  392.  105.
 465.  770.  803.  983. 1221.  619.   89.    0.    0.    0.
 325.  781. 1093. 1115.  715.  574.  227.  100.   20.    0.
 456.  481.  592.  613.  668.  968. 1021.  151.    0.    0.
726. 674. 708. 679. 633. 668. 483. 279. 100.   0.
767. 657. 674. 657. 720. 531. 331. 356. 229.  28.
512. 875. 834. 732. 625. 541. 348. 305. 140.  38.
618. 716. 780. 641. 712. 555. 342. 261. 260.  65.
510. 569. 635. 827. 822. 712. 445. 321. 109.   0.
753. 842. 732. 599. 569. 444. 357. 320. 271.  63.
453. 775. 976. 644. 575. 515. 414. 347. 221.  30.
 488.  797. 1027.  756.  611.  454.  399.  255.  163.    0.
784. 758. 648. 584. 565. 495. 499. 456. 156.   5.
