378. 497. 514. 540. 606. 790. 972. 653.   0.   0.
 399.  493.  476.  465.  587.  739. 1022.  769.    0.    0.
405. 543. 617. 990. 794. 733. 706. 162.   0.   0.
431. 471. 627. 859. 744. 718. 700. 392.   8.   0.
 453.  437.  566. 1023.  851.  617.  700.  300.    3.    0.
482. 537. 640. 913. 804. 542. 393. 304. 283.  52.
410. 453. 498. 536. 639. 916. 913. 566.  19.   0.
441. 508. 581. 746. 685. 864. 690. 435.   0.   0.
 480.  546. 1069.  722.  581.  482.  423.  339.  174.  134.
 452.  495.  567. 1009.  906.  560.  405.  328.  211.   17.
392. 808. 637. 622. 659. 805. 702. 325.   0.   0.
772. 873. 691. 632. 557. 437. 378. 331. 200.  79.
813. 795. 724. 626. 518. 488. 357. 303. 258.  68.
 435.  494.  556. 1046.  837.  521.  464.  347.  250.    0.
 448.  516.  530. 1011.  697.  492.  573.  347.  336.    0.
665. 677. 622. 585. 640. 622. 666. 430.  43.   0.
390. 890. 717. 724. 749. 779. 476. 225.   0.   0.
646. 701. 589. 571. 626. 630. 614. 496.  77.   0.
 488.  423.  474.  514.  541.  713. 1292.  505.    0.    0.
 454.  480.  474.  455.  608.  665. 1356.  458.    0.    0.
 424.  447.  496.  503.  599.  701. 1327.  453.    0.    0.
 441.  464.  459.  538.  594.  670. 1381.  403.    0.    0.
 434.  455.  490.  538.  552.  737. 1304.  440.    0.    0.
