 460.  459.  550.  734. 1083.  611.  475.  361.  213.    4.
446. 458. 903. 780. 592. 435. 363. 415. 306. 252.
498. 452. 590. 619. 847. 997. 447. 450.  50.   0.
463. 501. 790. 729. 898. 935. 411. 199.  24.   0.
456. 495. 602. 667. 703. 889. 528. 523.  87.   0.
505. 602. 699. 582. 804. 992. 521. 240.   5.   0.
529. 631. 818. 788. 718. 451. 406. 352. 243.  14.
 457.  431.  540.  519.  580.  907. 1112.  404.    0.    0.
408. 667. 694. 510. 539. 394. 673. 491. 496.  78.
953. 833. 685. 613. 490. 461. 398. 281. 166.  70.
889. 792. 667. 625. 598. 455. 369. 327. 196.  32.
430. 451. 567. 850. 734. 574. 458. 382. 416.  88.
 428.  465.  880. 1008.  664.  509.  394.  233.  269.  100.
900. 739. 658. 549. 520. 453. 410. 296. 267. 158.
855. 790. 727. 663. 514. 477. 432. 250. 167.  75.
709. 966. 796. 663. 528. 472. 362. 256. 166.  32.
826. 855. 764. 598. 560. 471. 380. 278. 155.  63.
908. 770. 715. 657. 586. 465. 310. 287. 167.  85.
510. 696. 847. 793. 587. 541. 431. 329. 180.  36.
477. 628. 678. 954. 729. 651. 442. 276. 113.   2.
462. 592. 601. 583. 760. 887. 652. 375.  38.   0.
 471.  455.  666.  766.  851. 1028.  340.  364.    9.    0.
449. 503. 675. 747. 757. 958. 487. 331.  43.   0.
534. 589. 620. 730. 868. 759. 387. 419.  44.   0.
 431.  477.  495.  517.  585.  753. 1334.  358.    0.    0.
603. 966. 698. 623. 544. 445. 395. 384. 229.  63.
475. 639. 801. 879. 736. 615. 432. 253. 109.  11.
480. 684. 807. 759. 634. 553. 417. 350. 195.  71.
432. 597. 598. 721. 800. 792. 586. 281. 128.  15.
442. 804. 941. 609. 554. 469. 389. 368. 220. 154.
917. 871. 765. 612. 522. 473. 371. 233. 119.  67.
929. 865. 634. 549. 530. 507. 434. 303. 147.  52.
883. 854. 788. 676. 549. 454. 320. 231. 144.  51.
864. 829. 764. 671. 589. 422. 321. 232. 146. 112.
511. 631. 728. 911. 757. 477. 427. 331. 177.   0.
909. 801. 807. 701. 483. 467. 378. 196. 142.  66.
899. 850. 738. 625. 521. 484. 351. 290. 140.  52.
489. 474. 594. 824. 702. 927. 857.  83.   0.   0.
792. 893. 719. 723. 587. 385. 367. 268. 178.  38.
884. 876. 653. 535. 520. 513. 430. 333. 146.  60.
511. 541. 707. 675. 830. 790. 411. 441.  44.   0.
812. 886. 651. 678. 601. 375. 383. 298. 184.  82.
869. 899. 760. 696. 527. 471. 334. 211. 140.  43.
540. 558. 666. 881. 708. 546. 384. 389. 278.   0.
902. 807. 790. 624. 545. 454. 371. 277. 101.  79.
969. 755. 709. 537. 460. 525. 362. 375. 221.  37.
525. 632. 847. 990. 758. 408. 385. 293. 106.   6.
880. 853. 757. 612. 528. 498. 346. 272. 170.  34.
862. 798. 722. 644. 540. 467. 364. 255. 208.  90.
