438. 421. 664. 791. 607. 892. 546. 240. 351.   0.
 388.  485.  636. 1041.  617.  553.  442.  427.  263.   98.
412. 504. 550. 916. 634. 468. 483. 428. 434. 121.
407. 431. 726. 832. 648. 581. 591. 217. 365. 152.
392. 449. 679. 753. 504. 740. 462. 384. 513.  74.
 371.  369.  454.  480.  435.  454. 1000.  588.  689.  110.
 391.  383.  470.  452. 1002.  698.  466.  355.  467.  266.
 367.  441.  478. 1008.  615.  501.  461.  429.  353.  297.
 412.  462. 1010.  784.  569.  511.  487.  281.  260.  174.
 340.  377.  407.  471.  457.  483.  533. 1363.  383.  136.
357. 413. 417. 784. 702. 558. 592. 829. 226.  72.
 368.  423.  446.  468. 1011.  722.  524.  423.  368.  197.
347. 422. 504. 850. 700. 665. 551. 722. 162.  27.
418. 419. 416. 396. 988. 618. 580. 485. 433. 197.
