 686. 1040.  769.  656.  539.  478.  366.  249.  115.   52.
507. 669. 768. 792. 729. 565. 387. 293. 184.  56.
 453.  473.  558.  853. 1062.  650.  396.  477.   28.    0.
476. 520. 504. 642. 927. 771. 474. 516. 120.   0.
463. 681. 891. 768. 564. 532. 430. 385. 194.  42.
 538. 1089.  880.  722.  600.  416.  342.  223.  118.   22.
 559. 1007.  789.  663.  560.  481.  409.  231.  184.   67.
537. 785. 836. 611. 501. 464. 491. 424. 290.  11.
613. 960. 776. 554. 481. 507. 447. 362. 175.  75.
 736. 1021.  778.  679.  603.  422.  304.  213.  145.   49.
 419.  485.  613.  746. 1105.  667.  443.  450.   22.    0.
 505.  723. 1224.  831.  592.  479.  296.  192.   81.   27.
459. 858. 907. 682. 578. 477. 392. 299. 231.  67.
613. 709. 980. 749. 576. 495. 403. 265. 136.  24.
941. 761. 704. 690. 490. 539. 343. 192. 181. 109.
602. 702. 545. 496. 720. 589. 653. 465. 173.   5.
857. 842. 670. 641. 544. 459. 367. 286. 226.  58.
911. 845. 795. 659. 560. 446. 331. 228. 139.  36.
500. 703. 856. 918. 688. 500. 374. 252. 126.  33.
896. 850. 699. 675. 534. 441. 359. 301. 126.  69.
459. 452. 432. 520. 795. 617. 608. 791. 214.  62.
423. 547. 464. 617. 926. 661. 382. 540. 320.  70.
581. 625. 730. 811. 721. 501. 373. 339. 212.  57.
445. 466. 544. 915. 771. 669. 441. 452. 247.   0.
389. 485. 564. 541. 874. 672. 532. 679. 193.  21.
 415.  447.  465.  568.  538.  761. 1321.  435.    0.    0.
 454.  428.  525.  504.  598.  702. 1283.  456.    0.    0.
 458.  478.  454.  489.  573.  687. 1331.  480.    0.    0.
 439.  442.  473.  511.  592.  738. 1290.  465.    0.    0.
 442.  478.  547.  534. 1054.  694.  527.  581.   93.    0.
 450.  484.  471.  534. 1118.  751.  458.  566.  118.    0.
 484.  493.  461.  582. 1291.  766.  338.  433.  102.    0.
 427.  514.  482.  470. 1008.  662.  634.  649.  104.    0.
 411.  458.  556.  545. 1068.  656.  505.  644.  107.    0.
 441.  471.  556.  480. 1050.  658.  556.  596.  142.    0.
 409.  464.  503.  559. 1050.  673.  452.  706.  134.    0.
 420.  483.  492.  548. 1011.  653.  492.  717.  134.    0.
444. 458. 469. 511. 986. 629. 610. 671. 172.   0.
 439.  441.  469.  583. 1027.  690.  549.  639.  113.    0.
 405.  468.  566.  603. 1037.  710.  497.  587.   77.    0.
448. 482. 502. 566. 914. 604. 662. 685.  87.   0.
470. 481. 544. 596. 933. 661. 505. 680.  80.   0.
422. 478. 563. 542. 913. 619. 528. 781. 104.   0.
 416.  475.  498.  595. 1123.  743.  472.  539.   89.    0.
428. 471. 573. 529. 946. 677. 539. 677. 110.   0.
 449.  506.  535.  538. 1050.  681.  513.  610.   68.    0.
 402.  479.  461.  552. 1054.  638.  551.  661.  152.    0.
 414.  474.  529.  563. 1229.  757.  444.  475.   65.    0.
 440.  483.  451.  505. 1146.  740.  492.  570.  123.    0.
431. 496. 548. 554. 895. 662. 514. 766.  84.   0.
 398.  448.  602.  507. 1110.  721.  524.  575.   65.    0.
 433.  445.  508.  524. 1219.  758.  531.  460.   72.    0.
 404.  497.  515.  508. 1026.  668.  586.  640.  106.    0.
 444.  466.  518.  537. 1000.  633.  574.  675.  103.    0.
 450.  486.  507.  531. 1026.  705.  541.  621.   83.    0.
 397.  478.  527.  515. 1173.  710.  512.  537.  101.    0.
443. 468. 598. 541. 996. 682. 481. 596. 145.   0.
432. 484. 497. 565. 941. 665. 592. 667. 107.   0.
454. 518. 519. 525. 901. 669. 560. 682. 122.   0.
 410.  445.  548.  539. 1084.  696.  433.  681.  114.    0.
430. 462. 525. 520. 957. 648. 494. 770. 144.   0.
452. 500. 514. 577. 928. 558. 435. 826. 160.   0.
 415.  452.  548.  535. 1198.  771.  514.  448.   69.    0.
 421.  451.  541.  516. 1051.  676.  517.  628.  149.    0.
 461.  498.  549.  540. 1215.  747.  497.  387.   56.    0.
 404.  460.  544.  541. 1103.  719.  513.  580.   86.    0.
380. 399. 463. 482. 796. 839. 529. 411. 575.  76.
373. 402. 468. 481. 722. 826. 548. 457. 604.  69.
389. 372. 446. 503. 781. 924. 521. 418. 501.  95.
395. 435. 438. 499. 718. 922. 592. 468. 430.  53.
386. 387. 473. 517. 729. 952. 574. 336. 529.  67.
404. 461. 512. 507. 634. 689. 542. 476. 680.  45.
406. 420. 459. 486. 800. 931. 521. 345. 493.  89.
379. 457. 438. 448. 774. 890. 551. 406. 541.  66.
463. 474. 537. 571. 957. 607. 504. 761.  76.   0.
 411.  456.  577.  564. 1076.  719.  464.  612.   71.    0.
 414.  454.  553.  569. 1077.  717.  487.  619.   60.    0.
 442.  461.  530.  495. 1026.  647.  563.  677.  109.    0.
 419.  476.  531.  503. 1130.  726.  543.  542.   80.    0.
 431.  488.  484.  504. 1272.  768.  470.  410.  123.    0.
478. 486. 501. 531. 822. 544. 507. 917. 164.   0.
 430.  455.  513.  592. 1163.  751.  445.  550.   51.    0.
 441.  450.  544.  603. 1008.  659.  424.  722.   99.    0.
505. 520. 469. 510. 888. 532. 579. 796. 151.   0.
427. 465. 537. 499. 930. 628. 578. 735. 151.   0.
 448.  502.  545.  581. 1315.  741.  433.  379.    6.    0.
 472.  510.  488.  576. 1256.  744.  438.  440.   26.    0.
 419.  504.  544.  598. 1027.  696.  519.  630.   13.    0.
 436.  467.  520.  643. 1145.  644.  433.  621.   41.    0.
 464.  475.  552.  546. 1009.  630.  583.  630.   61.    0.
 430.  510.  572.  525. 1207.  692.  559.  442.   13.    0.
 467.  490.  524.  650. 1097.  596.  493.  564.   69.    0.
 446.  500.  537.  586. 1021.  623.  489.  685.   63.    0.
 442.  447.  492.  534. 1168.  715.  518.  568.   66.    0.
 470.  501.  553.  554. 1286.  760.  443.  374.    9.    0.
 428.  512.  566.  612. 1164.  610.  453.  583.   22.    0.
 500.  493.  500.  545. 1156.  728.  510.  479.   39.    0.
506. 529. 695. 705. 856. 965. 502. 182.  10.   0.
433. 504. 516. 547. 710. 796. 640. 535. 269.   0.
 446.  469.  505.  545.  650. 1176.  677.  417.   65.    0.
776. 747. 701. 554. 520. 464. 485. 363. 272.  68.
449. 483. 568. 992. 808. 611. 427. 396. 188.  28.
821. 774. 739. 684. 582. 493. 398. 249. 163.  47.
443. 489. 483. 536. 705. 911. 690. 552. 141.   0.
 481.  570.  633.  799.  762. 1077.  575.   53.    0.    0.
517. 691. 703. 890. 620. 605. 458. 338. 128.   0.
601. 862. 941. 637. 656. 367. 403. 227. 218.  38.
 478.  511. 1119.  874.  602.  560.  313.  238.  205.   50.
993. 846. 631. 667. 566. 515. 298. 202. 162.  70.
906. 848. 766. 646. 537. 453. 361. 242. 136.  55.
503. 623. 546. 785. 929. 939. 488. 121.  16.   0.
 444.  418.  452.  558.  648. 1201.  633.  445.  151.    0.
 447.  500.  483.  533.  659. 1291.  637.  349.   51.    0.
794. 679. 679. 586. 630. 480. 374. 328. 313.  87.
 494.  485.  588. 1073.  707.  608.  497.  291.  186.   21.
766. 655. 672. 595. 620. 470. 456. 271. 291. 154.
 441.  438.  535.  535.  710. 1098.  628.  377.  188.    0.
 503.  620.  615.  748.  787. 1042.  596.   39.    0.    0.
646. 818. 888. 697. 583. 488. 277. 300. 220.  33.
