336. 585. 955. 991. 917. 520. 305. 226. 115.   0.
 338.  571.  857.  975. 1019.  644.  293.  193.   60.    0.
533. 799. 885. 928. 680. 468. 341. 231.  80.   5.
466. 829. 819. 639. 519. 464. 405. 330. 260. 219.
696. 870. 750. 535. 609. 411. 423. 315. 213. 128.
913. 852. 731. 590. 556. 479. 394. 252. 129.  54.
369. 609. 993. 922. 886. 524. 447. 170.  30.   0.
 395.  913. 1210.  949.  686.  450.  205.  109.   33.    0.
 541.  992. 1017.  936.  669.  382.  178.  152.   75.    8.
472. 702. 947. 622. 544. 467. 436. 391. 300.  69.
973. 848. 864. 673. 498. 469. 300. 179. 112.  34.
585. 769. 812. 553. 471. 495. 360. 422. 247. 236.
438. 530. 518. 945. 887. 641. 469. 232. 215.  75.
831. 827. 694. 589. 503. 463. 426. 316. 212.  89.
 533. 1046.  788.  644.  565.  481.  402.  282.  155.   54.
889. 816. 673. 659. 568. 454. 307. 280. 237.  67.
 444.  446.  522.  646. 1030.  788.  548.  425.  101.    0.
