1015.  731.  668.  629.  491.  483.  382.  273.  205.   73.
 356.  390.  441.  459.  468.  467.  584. 1304.  405.   76.
 374.  392.  419.  447.  445.  508.  556. 1342.  383.   84.
528. 597. 857. 684. 570. 429. 447. 407. 297. 134.
 311.  614. 1001. 1106.  791.  646.  459.   22.    0.    0.
 441.  428.  465.  529.  591.  710. 1325.  461.    0.    0.
 465.  506.  675.  671.  953. 1131.  521.   28.    0.    0.
537. 696. 643. 643. 679. 699. 830. 223.   0.   0.
 439.  440.  459.  523.  584.  734. 1291.  480.    0.    0.
806. 766. 778. 868. 545. 461. 356. 253.  86.  31.
422. 481. 466. 595. 716. 850. 684. 571. 165.   0.
464. 412. 486. 618. 736. 771. 723. 493. 247.   0.
401. 448. 472. 815. 943. 668. 457. 283. 176. 287.
