485. 546. 629. 608. 702. 846. 998. 136.   0.   0.
 446.  527.  570.  622.  711.  871. 1080.  123.    0.    0.
916. 777. 652. 533. 477. 460. 462. 343. 272.  58.
943. 917. 808. 700. 561. 422. 270. 193. 103.  33.
917. 756. 668. 658. 614. 436. 313. 299. 198.  91.
875. 840. 728. 651. 547. 466. 356. 283. 165.  39.
974. 945. 842. 691. 555. 412. 272. 157.  77.  25.
888. 795. 707. 629. 519. 475. 405. 289. 159.  84.
 453.  405.  487.  545.  566.  723. 1304.  467.    0.    0.
422. 459. 517. 549. 642. 978. 653. 601. 129.   0.
 471.  410.  490.  601.  644. 1092.  649.  499.   94.    0.
 420.  484.  486.  516.  572.  719. 1302.  451.    0.    0.
 461.  441.  477.  494.  575.  736. 1352.  414.    0.    0.
 507.  438.  450.  550.  644.  677. 1285.  399.    0.    0.
 430.  469.  496.  558.  728. 1079.  751.  368.   71.    0.
 449.  442.  538.  558.  669. 1165.  605.  426.   98.    0.
 458.  446.  469.  558.  575.  711. 1275.  458.    0.    0.
 454.  454.  469.  508.  571.  712. 1354.  428.    0.    0.
555. 591. 529. 682. 886. 786. 502. 391.  28.   0.
 446.  487.  550.  575.  716. 1020.  800.  332.   24.    0.
900. 773. 764. 616. 544. 446. 385. 262. 180.  80.
693. 662. 613. 622. 509. 434. 476. 423. 312. 206.
741. 645. 583. 551. 476. 471. 426. 401. 481. 175.
362. 460. 557. 564. 636. 904. 940. 490.  37.   0.
872. 851. 656. 588. 548. 473. 422. 333. 159.  48.
853. 755. 685. 654. 523. 502. 402. 306. 197.  73.
 464.  470.  497.  524.  722. 1375.  521.  301.   76.    0.
820. 760. 707. 610. 583. 463. 409. 299. 226.  73.
878. 813. 760. 670. 551. 471. 345. 229. 188.  45.
409. 483. 489. 532. 706. 987. 607. 516. 221.   0.
447. 485. 519. 728. 773. 741. 643. 472. 142.   0.
 474.  588. 1014.  687.  561.  535.  478.  322.  247.   44.
411. 647. 719. 656. 774. 589. 482. 429. 243.   0.
 453.  562. 1061.  772.  597.  548.  424.  314.  200.   19.
