252. 648. 799. 994. 792. 718. 439. 268.  38.   2.
258. 651. 803. 974. 860. 737. 428. 188.  51.   0.
 425.  484.  490.  530. 1108.  904.  512.  380.  117.    0.
 392.  432.  479.  512.  790. 1026.  529.  459.  323.    8.
 385.  472.  508.  557.  619. 1148.  718.  459.   82.    2.
 417.  377.  469.  536.  592.  499. 1005.  834.  165.   56.
375. 500. 490. 480. 546. 772. 917. 635. 204.  31.
 414.  397.  432.  539.  604. 1031.  616.  760.  157.    0.
 440.  475.  527.  541.  618. 1174.  734.  339.   97.    5.
 384.  428.  414.  490.  439.  515.  749. 1115.  342.   74.
371. 408. 434. 491. 553. 626. 994. 845. 219.   9.
 383.  479.  521.  517.  592. 1049.  827.  479.   99.    4.
409. 436. 470. 575. 581. 919. 859. 527. 166.   8.
 394.  439.  428.  488.  557. 1248.  607.  475.  307.    7.
391. 425. 458. 485. 571. 924. 619. 806. 271.   0.
378. 421. 489. 540. 508. 975. 910. 526. 154.  49.
388. 415. 511. 471. 527. 950. 653. 773. 232.  30.
 394.  418.  472.  474.  588.  649. 1003.  871.   81.    0.
425. 496. 462. 557. 997. 567. 396. 452. 409. 189.
 432.  473.  533. 1034.  839.  594.  484.  382.  171.    8.
431. 503. 800. 874. 611. 516. 423. 371. 294. 127.
399. 466. 519. 545. 638. 913. 589. 457. 364.  60.
386. 383. 424. 455. 454. 480. 813. 963. 445. 147.
352. 417. 449. 482. 493. 839. 628. 475. 691. 124.
 451.  532. 1140.  745.  595.  496.  426.  235.  177.  153.
443. 975. 799. 673. 561. 483. 385. 286. 212. 133.
 369.  381.  451.  461.  567. 1004.  678.  354.  561.  124.
457. 985. 941. 686. 591. 472. 335. 242. 145.  96.
979. 775. 719. 559. 473. 518. 416. 295. 178.  38.
