4.580e+02 4.920e+02 5.440e+02 9.700e+02 1.007e+03 6.840e+02 4.210e+02
 2.790e+02 9.400e+01 1.000e+00
 457.  584.  698.  873. 1087.  432.  430.  248.  141.    0.
923. 803. 676. 541. 536. 452. 418. 323. 192.  86.
431. 840. 715. 736. 658. 620. 551. 283. 114.   2.
735. 840. 741. 689. 575. 501. 389. 312. 156.  12.
676. 740. 670. 602. 569. 514. 467. 391. 286.  35.
437. 472. 471. 573. 789. 812. 552. 704. 125.  15.
402. 374. 457. 507. 528. 830. 615. 899. 302.  36.
433. 470. 525. 488. 485. 741. 739. 832. 228.   9.
 376.  433.  526.  464.  564.  592. 1238.  567.  173.   17.
 393.  442.  454.  478.  570.  686. 1063.  780.   84.    0.
 427.  430.  452.  510.  512.  658. 1147.  774.   40.    0.
 410.  395.  486.  479.  544.  650. 1100.  804.   82.    0.
791. 711. 670. 555. 518. 487. 484. 423. 281.  30.
716. 713. 665. 569. 540. 492. 450. 440. 326.  39.
384. 507. 633. 708. 799. 757. 435. 583. 144.   0.
989. 909. 675. 585. 515. 452. 374. 282. 131.  38.
995. 823. 653. 479. 541. 497. 481. 281. 155.  45.
 712. 1018.  988.  711.  597.  416.  232.  172.   70.   34.
801. 767. 716. 662. 628. 547. 390. 235. 162.  42.
951. 892. 680. 575. 548. 501. 404. 255. 119.  25.
 597.  660.  578.  601.  796. 1043.  606.   69.    0.    0.
971. 829. 712. 644. 532. 471. 312. 260. 164.  55.
1012.  894.  762.  618.  507.  454.  339.  210.  122.   32.
912. 828. 735. 623. 549. 445. 373. 267. 168.  50.
878. 856. 696. 657. 565. 427. 326. 290. 168.  87.
903. 844. 788. 631. 525. 489. 334. 239. 146.  51.
931. 883. 725. 698. 577. 440. 298. 226. 127.  45.
959. 911. 794. 734. 584. 394. 313. 174.  79.   8.
753. 737. 617. 589. 609. 537. 362. 406. 309.  31.
756. 791. 657. 581. 584. 469. 444. 432. 222.  14.
513. 978. 740. 614. 525. 478. 395. 352. 241. 114.
652. 969. 718. 608. 542. 453. 400. 308. 224.  76.
 549. 1026.  928.  719.  555.  517.  358.  200.   82.   16.
539. 924. 716. 542. 550. 459. 345. 369. 263. 243.
917. 765. 688. 675. 543. 461. 324. 280. 231.  66.
