 474.  466. 1150.  753.  735.  424.  341.  275.  253.   79.
 473.  494. 1282.  724.  602.  541.  394.  251.  146.   43.
 597. 1064.  834.  645.  579.  411.  375.  232.  163.   50.
394. 455. 982. 687. 663. 492. 349. 375. 339. 214.
447. 499. 950. 770. 699. 559. 329. 296. 148. 253.
388. 491. 492. 435. 822. 409. 456. 544. 370. 543.
 382.  372.  494.  484. 1066.  606.  565.  376.  254.  351.
490. 849. 729. 673. 606. 496. 364. 234. 240. 269.
479. 974. 774. 511. 493. 512. 453. 389. 214. 151.
383. 417. 415. 448. 877. 835. 539. 384. 509. 143.
 377.  363.  420.  508.  482. 1022.  546.  400.  629.  203.
390. 417. 411. 501. 837. 720. 509. 468. 531. 166.
389. 369. 385. 461. 502. 492. 987. 813. 454.  98.
482. 870. 806. 668. 603. 478. 359. 257. 180. 247.
440. 908. 822. 619. 568. 415. 423. 324. 239. 192.
387. 406. 421. 501. 482. 512. 870. 806. 498.  67.
 390.  439.  475.  477. 1164.  644.  477.  332.  250.  302.
388. 444. 527. 833. 678. 540. 401. 437. 368. 334.
384. 378. 420. 495. 499. 726. 641. 481. 810. 116.
339. 394. 443. 463. 493. 821. 744. 496. 658.  99.
371. 421. 412. 422. 396. 770. 634. 573. 797. 154.
 465.  500.  494.  518.  555.  691. 1242.  485.    0.    0.
933. 876. 739. 742. 541. 437. 291. 195. 144.  52.
 462.  446.  454.  543.  592.  700. 1465.  288.    0.    0.
 437.  452.  499.  501.  587.  720. 1365.  389.    0.    0.
 506.  467.  422.  480.  599.  735. 1397.  344.    0.    0.
 427.  469.  480.  495.  597.  742. 1301.  439.    0.    0.
372. 408. 412. 491. 982. 637. 491. 421. 374. 362.
386. 441. 417. 465. 906. 613. 476. 425. 338. 483.
359. 391. 422. 449. 516. 503. 908. 840. 459. 103.
460. 953. 792. 586. 559. 503. 403. 303. 224. 167.
406. 929. 805. 671. 554. 478. 399. 297. 221. 190.
363. 372. 454. 470. 483. 540. 867. 819. 476. 106.
386. 420. 533. 491. 905. 487. 525. 447. 344. 412.
369. 456. 471. 841. 722. 526. 437. 341. 401. 386.
337. 410. 410. 478. 468. 777. 694. 516. 727. 133.
392. 383. 454. 444. 462. 786. 703. 504. 701. 121.
349. 394. 414. 493. 509. 863. 708. 454. 626. 140.
 469.  435.  489.  529.  548.  683. 1215.  582.    0.    0.
951. 826. 781. 667. 592. 407. 305. 230. 154.  37.
 439.  427.  484.  514.  593.  674. 1226.  593.    0.    0.
 440.  461.  480.  507.  557.  719. 1186.  600.    0.    0.
 433.  432.  462.  554.  551.  702. 1193.  623.    0.    0.
 494.  422.  456.  553.  510.  656. 1139.  720.    0.    0.
 378.  442.  475.  460. 1025.  625.  486.  409.  408.  242.
416. 471. 451. 488. 873. 500. 467. 390. 496. 398.
464. 452. 579. 804. 890. 574. 494. 390. 257.  46.
 513. 1078.  834.  671.  576.  457.  345.  256.  156.   64.
461. 494. 596. 887. 976. 628. 471. 314. 115.   8.
 467. 1077.  683.  537.  437.  462.  442.  364.  306.  175.
 463.  482.  554.  977. 1054.  620.  413.  238.  144.    5.
 510. 1120.  820.  707.  533.  462.  320.  235.  144.   99.
452. 476. 544. 850. 981. 597. 447. 350. 229.  24.
 449. 1062.  700.  597.  479.  469.  405.  345.  272.  172.
710. 877. 709. 659. 541. 444. 378. 321. 186. 125.
751. 929. 801. 697. 568. 442. 309. 237. 140.  76.
 446.  462. 1024.  852.  672.  494.  356.  306.  233.  105.
463. 528. 572. 952. 982. 623. 297. 270. 201.  62.
448. 513. 569. 894. 807. 586. 458. 353. 249.  73.
