396. 406. 404. 423. 457. 781. 713. 549. 664. 157.
454. 439. 757. 816. 641. 523. 414. 261. 260. 385.
278. 620. 664. 693. 762. 773. 629. 361. 141.  29.
 366.  637.  579.  684.  956. 1084.  568.   76.    0.    0.
489. 755. 723. 744. 973. 802. 372.  83.   9.   0.
 418.  854.  998. 1052.  724.  528.  285.   88.    3.    0.
 267.  649.  805. 1102.  827.  537.  506.  257.    0.    0.
 375.  625.  518.  636.  672. 1051.  885.  188.    0.    0.
392. 621. 580. 599. 694. 963. 896. 205.   0.   0.
387. 871. 840. 816. 775. 539. 382. 280.  60.   0.
 511. 1098.  829.  575.  569.  436.  345.  298.  170.  119.
391. 806. 846. 880. 824. 700. 382. 115.   6.   0.
 384.  462.  457.  507.  571.  653. 1000.  742.  174.    0.
454. 686. 822. 988. 980. 660. 306.  54.   0.   0.
 422.  756. 1106. 1021.  683.  554.  229.  122.   57.    0.
 445.  515.  608.  841. 1007.  886.  396.  178.   59.   15.
 532.  676.  785. 1107.  908.  501.  386.   55.    0.    0.
923. 811. 763. 616. 555. 450. 416. 250. 130.  36.
899. 801. 699. 708. 535. 478. 337. 209. 183. 101.
886. 818. 704. 584. 501. 457. 416. 309. 197.  78.
877. 784. 739. 567. 544. 489. 403. 328. 168.  51.
954. 811. 713. 634. 545. 422. 376. 325. 146.  24.
925. 817. 677. 581. 550. 462. 392. 332. 161.  53.
1012.  938.  892.  697.  536.  408.  227.  144.   65.   31.
938. 881. 785. 691. 617. 385. 281. 221. 113.  38.
865. 805. 770. 701. 499. 467. 372. 230. 129. 112.
911. 872. 708. 637. 540. 465. 378. 274. 130.  35.
897. 770. 669. 676. 574. 427. 327. 313. 208.  89.
794. 777. 699. 626. 562. 497. 417. 327. 182.  69.
441. 607. 661. 825. 962. 704. 489. 197.  64.   0.
873. 818. 725. 653. 546. 472. 318. 248. 193. 104.
685. 667. 603. 611. 663. 771. 634. 253.  63.   0.
946. 840. 677. 540. 512. 495. 453. 298. 149.  40.
960. 901. 750. 689. 525. 466. 345. 181.  97.  36.
1009.  817.  812.  703.  585.  493.  324.  138.   67.    2.
874. 828. 650. 582. 533. 485. 396. 338. 198.  66.
933. 889. 788. 734. 612. 394. 265. 183. 109.  43.
397. 706. 985. 786. 827. 663. 294. 243.  49.   0.
 418.  591. 1000.  955.  911.  606.  231.  214.   24.    0.
 393.  749. 1031.  886.  535.  659.  291.  257.  149.    0.
 423.  737. 1058.  886. 1045.  537.  228.   36.    0.    0.
 416.  666.  919. 1051.  919.  565.  236.  168.   10.    0.
 424.  442.  451.  525.  565.  760. 1003.  612.  168.    0.
 414.  772. 1066.  803.  917.  658.  204.  116.    0.    0.
 430.  443.  426.  503.  617. 1060.  764.  523.  184.    0.
 413.  770. 1044.  876.  684.  563.  275.  209.  116.    0.
 449.  746. 1122.  901. 1082.  506.  119.   25.    0.    0.
372. 448. 458. 512. 573. 788. 916. 684. 199.   0.
380. 708. 855. 906. 732. 667. 324. 225. 153.   0.
448. 556. 545. 681. 948. 928. 506. 230.  80.  28.
464. 676. 952. 868. 577. 891. 325. 150.  47.   0.
394. 581. 835. 835. 874. 644. 421. 305.  61.   0.
 401.  683. 1073.  827.  979.  690.  183.  114.    0.    0.
412. 622. 872. 853. 958. 642. 329. 256.   6.   0.
398. 431. 460. 540. 605. 914. 824. 618. 160.   0.
450. 457. 515. 460. 536. 880. 932. 475. 245.   0.
 417.  421.  487.  531.  556. 1010.  802.  518.  208.    0.
