375. 450. 748. 942. 903. 543. 445. 278. 266.   0.
366. 465. 637. 926. 822. 540. 439. 440. 315.   0.
386. 433. 475. 538. 902. 509. 543. 502. 313. 349.
371. 409. 493. 508. 937. 724. 514. 353. 411. 230.
377. 426. 469. 474. 853. 521. 473. 543. 548. 266.
 370.  441.  485. 1063.  720.  559.  519.  357.  230.  206.
402. 419. 432. 920. 764. 571. 389. 345. 300. 408.
 428.  473.  493.  504.  608.  709. 1294.  441.    0.    0.
 463.  462.  479.  540.  556.  694. 1292.  464.    0.    0.
 464.  472.  502.  522.  548.  730. 1265.  447.    0.    0.
 425.  462.  498.  538.  582.  719. 1288.  438.    0.    0.
 425.  437.  493.  472.  500.  668. 1046.  830.   79.    0.
 418.  454.  459.  500.  571.  600. 1229.  703.   16.    0.
 429.  449.  465.  451.  535.  737. 1184.  663.   37.    0.
 388.  465.  446.  537.  550.  658. 1076.  789.   41.    0.
413. 403. 454. 482. 586. 979. 815. 593. 225.   0.
407. 440. 460. 525. 620. 947. 740. 667. 144.   0.
 513.  648.  829. 1017.  740.  587.  365.  205.   46.    0.
496. 700. 806. 948. 717. 603. 440. 203.  37.   0.
583. 725. 635. 703. 772. 571. 548. 354.  59.   0.
537. 621. 829. 946. 783. 564. 363. 195. 111.   1.
 381.  524.  707.  581.  718. 1217.  566.  256.    0.    0.
 414.  498.  775.  660.  831. 1056.  576.  140.    0.    0.
