468. 790. 990. 666. 572. 476. 405. 284. 198. 101.
 319.  389.  847.  805. 1031.  442.  825.  292.    0.    0.
 446.  477.  464.  537.  639.  780. 1495.  112.    0.    0.
 461.  416.  454.  519.  610.  722. 1355.  413.    0.    0.
720. 695. 612. 599. 565. 554. 528. 497. 180.   0.
715. 722. 701. 673. 599. 571. 466. 384. 119.   0.
714. 642. 565. 514. 531. 567. 504. 573. 340.   0.
 493.  850. 1180.  739.  700.  454.  406.  102.   26.    0.
 491.  792. 1092.  695.  706.  434.  517.  166.   57.    0.
 489.  495.  581.  802. 1048.  592.  434.  286.  205.   18.
 558.  902. 1105.  783.  634.  387.  351.  168.   62.    0.
853. 769. 657. 624. 611. 441. 409. 313. 217.  56.
434. 509. 530. 561. 615. 753. 562. 591. 395.   0.
962. 815. 695. 676. 540. 402. 316. 246. 211.  87.
1020.  809.  647.  544.  527.  512.  454.  259.  136.   42.
 566.  943. 1220.  762.  569.  463.  316.   93.   18.    0.
 514.  831. 1053.  797.  658.  499.  324.  175.   99.    0.
 461.  490.  466.  788. 1194.  653.  398.  232.  259.    9.
 493.  802. 1026.  840.  549.  533.  427.  197.   83.    0.
865. 756. 813. 659. 562. 496. 284. 306. 186.  23.
455. 471. 485. 593. 810. 925. 527. 456. 228.   0.
913. 806. 729. 639. 567. 455. 338. 287. 168.  48.
957. 774. 738. 590. 530. 482. 377. 302. 171.  29.
 433.  453.  472.  516.  575.  754. 1295.  452.    0.    0.
 422.  501.  509.  527.  568.  776. 1516.  131.    0.    0.
 446.  449.  502.  497.  559.  715. 1482.  300.    0.    0.
 436.  449.  521.  532.  604.  773. 1486.  149.    0.    0.
 453.  470.  480.  527.  583.  744. 1524.  169.    0.    0.
 451.  474.  492.  524.  606.  783. 1479.  141.    0.    0.
