 479. 1141.  874.  706.  614.  448.  297.  203.  131.   57.
541. 725. 628. 626. 710. 912. 539. 211.  58.   0.
875. 849. 778. 663. 517. 473. 357. 240. 122.  76.
896. 780. 718. 698. 583. 430. 308. 285. 204.  48.
 416.  826. 1023.  976.  667.  510.  307.  179.   43.    3.
731. 877. 826. 586. 544. 469. 368. 295. 170.  84.
517. 623. 782. 762. 911. 731. 330. 233.  61.   0.
 548. 1009.  778.  698.  654.  442.  279.  270.  196.   76.
540. 787. 733. 620. 748. 808. 481. 168.  65.   0.
881. 880. 727. 650. 575. 442. 339. 242. 144.  70.
851. 839. 783. 638. 566. 428. 371. 244. 162.  68.
 423.  737. 1114.  927.  641.  511.  346.  177.   64.   10.
733. 960. 798. 676. 643. 432. 282. 193. 152.  81.
523. 696. 624. 679. 801. 693. 612. 279.  43.   0.
535. 942. 799. 663. 496. 491. 409. 259. 248. 108.
552. 727. 726. 587. 623. 829. 575. 265.  66.   0.
872. 828. 785. 672. 518. 473. 346. 228. 157.  71.
861. 784. 711. 667. 538. 453. 330. 270. 234. 102.
 419.  806. 1088.  968.  709.  535.  276.  118.   25.    6.
733. 879. 712. 626. 592. 433. 316. 282. 241. 136.
 510.  607.  853. 1000.  844.  594.  324.  163.   55.    0.
610. 954. 675. 593. 557. 472. 367. 328. 271. 123.
590. 792. 734. 702. 786. 828. 380. 108.  30.   0.
896. 858. 720. 621. 508. 504. 377. 267. 150.  49.
828. 763. 737. 649. 477. 492. 376. 269. 228. 131.
 405.  802. 1027.  951.  719.  543.  341.  132.   28.    2.
723. 857. 619. 486. 511. 425. 403. 404. 267. 255.
568. 664. 437. 555. 756. 851. 618. 387. 114.   0.
