672. 852. 645. 549. 471. 517. 510. 423. 284.  27.
 575. 1070.  840.  690.  600.  465.  341.  220.  127.   22.
667. 956. 773. 666. 582. 485. 365. 263. 148.  45.
664. 798. 650. 605. 559. 558. 403. 358. 316.  39.
654. 873. 717. 595. 566. 498. 457. 392. 166.  32.
576. 931. 742. 665. 569. 501. 424. 303. 192.  47.
606. 932. 785. 653. 572. 489. 422. 291. 175.  25.
597. 983. 781. 691. 561. 520. 381. 248. 160.  28.
628. 879. 714. 613. 572. 497. 432. 336. 231.  48.
502. 696. 519. 614. 662. 960. 779. 218.   0.   0.
433. 519. 530. 813. 614. 612. 481. 494. 454.   0.
500. 526. 597. 593. 747. 656. 488. 515. 260.  68.
 461.  456.  479.  551.  611.  807. 1346.  239.    0.    0.
660. 972. 953. 660. 649. 620. 349.  81.   6.   0.
 470.  486.  524.  533.  614. 1075.  928.  320.    0.    0.
 451.  481.  474.  502.  542.  743. 1501.  256.    0.    0.
 443.  437.  490.  519.  608.  723. 1350.  380.    0.    0.
 508.  849. 1047.  767.  611.  525.  386.  164.   89.    4.
522. 798. 964. 651. 556. 524. 459. 314. 141.  21.
 411.  641.  766. 1116.  783.  664.  488.   81.    0.    0.
408. 669. 827. 942. 754. 502. 357. 320. 161.  10.
476. 751. 859. 841. 876. 561. 430. 156.   0.   0.
366. 569. 623. 737. 816. 905. 522. 341.  71.   0.
 411.  700. 1013. 1087.  695.  461.  270.  182.  128.    3.
 499.  598. 1262. 1051.  684.  456.  278.  109.   13.    0.
451. 619. 887. 951. 916. 412. 401. 225.  88.   0.
