403. 488. 592. 617. 763. 902. 683. 380. 122.   0.
 501.  553.  764. 1031.  738.  613.  395.  254.  101.    0.
502. 606. 876. 788. 711. 546. 394. 241. 205.  81.
 807. 1254. 1028.  750.  516.  315.  179.   53.   36.   12.
 457.  453.  480.  524.  557.  747. 1298.  434.    0.    0.
 493.  453.  500.  700. 1085.  721.  494.  294.  210.    0.
 530.  868. 1112.  978.  829.  471.  150.   12.    0.    0.
546. 566. 915. 973. 704. 550. 349. 213. 108.  26.
 471.  568.  763. 1051.  693.  520.  408.  260.  152.   64.
 486.  537.  606. 1234.  806.  541.  325.  216.  150.   49.
528. 613. 814. 918. 676. 488. 389. 317. 172.  35.
494. 679. 673. 736. 580. 564. 551. 410. 214.  49.
508. 608. 786. 805. 582. 533. 512. 376. 178.  62.
 497.  560.  662. 1089.  759.  542.  394.  251.  144.   52.
455. 483. 554. 950. 778. 598. 504. 307. 223.  98.
522. 593. 963. 972. 744. 453. 361. 207. 112.  23.
506. 606. 736. 923. 638. 477. 440. 303. 234.  87.
495. 629. 868. 873. 585. 553. 425. 315. 175.  32.
497. 548. 790. 948. 689. 509. 414. 290. 189.  76.
 458.  552.  703. 1125.  732.  570.  399.  232.  142.   37.
479. 490. 571. 827. 990. 666. 413. 291. 172.  51.
547. 514. 877. 997. 653. 493. 411. 230. 179.  49.
 446.  885. 1072. 1027.  864.  448.  162.   41.    5.    0.
4.240e+02 8.390e+02 1.071e+03 9.710e+02 8.810e+02 4.900e+02 1.780e+02
 8.000e+01 1.500e+01 1.000e+00
 452.  929. 1067. 1074.  801.  495.  128.    4.    0.    0.
 437.  472.  472.  477.  606.  786. 1178.  514.    8.    0.
940. 742. 700. 606. 551. 447. 347. 329. 238.  50.
936. 844. 731. 650. 583. 394. 362. 262. 163.  25.
514. 571. 823. 966. 565. 570. 402. 294. 188.  57.
 477.  606.  720. 1025.  729.  534.  422.  259.  146.   32.
 500.  539.  726. 1067.  732.  543.  375.  265.  171.   32.
 464.  539.  734. 1033.  757.  537.  411.  267.  140.   68.
 475.  534.  765. 1090.  789.  554.  370.  227.  111.   35.
 514.  540.  661. 1065.  726.  541.  375.  259.  176.   93.
516. 554. 740. 998. 720. 544. 422. 260. 158.  38.
465. 498. 588. 764. 856. 621. 503. 324. 257.  74.
503. 580. 923. 894. 614. 565. 405. 237. 177.  52.
531. 650. 774. 963. 730. 540. 406. 235. 111.  10.
 554.  548.  595. 1158.  754.  567.  298.  237.  212.   27.
517. 675. 730. 946. 634. 555. 394. 322. 149.  28.
 514.  614.  725. 1157.  698.  517.  364.  245.  107.    9.
476. 580. 625. 910. 740. 608. 470. 348. 183.  10.
499. 581. 643. 960. 683. 559. 399. 334. 223.  69.
553. 560. 763. 967. 762. 526. 420. 251. 144.   4.
507. 598. 665. 783. 584. 511. 487. 422. 294.  99.
 468.  578.  601. 1077.  759.  555.  391.  279.  182.   60.
492. 615. 801. 866. 678. 550. 461. 287. 150.  50.
 483.  606.  759. 1016.  744.  541.  377.  264.  129.   31.
 464.  445.  668.  802. 1040.  599.  427.  258.  157.   90.
548. 695. 847. 787. 596. 519. 489. 267. 166.  36.
563. 617. 743. 799. 573. 626. 436. 396. 179.  18.
512. 691. 801. 839. 632. 529. 446. 321. 152.  27.
 488.  630.  743. 1015.  681.  532.  368.  294.  154.   45.
 506.  591.  670. 1137.  721.  531.  372.  242.  142.   38.
 512.  516.  547. 1237.  862.  662.  331.  185.   92.    6.
