471. 561. 893. 864. 652. 465. 400. 347. 221.  76.
 447.  676.  644.  797. 1227.  805.  333.   21.    0.    0.
 533.  683. 1125.  959.  908.  391.  233.  112.    6.    0.
 489.  572.  745.  791. 1249.  764.  327.   13.    0.    0.
519. 945. 884. 678. 595. 429. 399. 244. 187.  70.
450. 535. 488. 997. 846. 614. 454. 335. 201.  30.
888. 876. 781. 672. 570. 421. 341. 181. 144.  76.
 479. 1125.  853.  729.  566.  462.  283.  263.  131.   59.
 450. 1110.  786.  680.  630.  444.  307.  258.  237.   48.
420. 615. 982. 784. 636. 476. 402. 221. 258. 156.
428. 466. 978. 782. 606. 494. 428. 260. 240. 268.
 397.  470.  537.  565.  629. 1056.  724.  373.  163.   36.
296. 677. 747. 774. 965. 902. 495.  94.   0.   0.
 476.  436.  416.  527.  606.  760. 1209.  520.    0.    0.
 464.  487.  454.  492.  594.  745. 1297.  417.    0.    0.
 441.  460.  457.  499.  587.  724. 1317.  465.    0.    0.
 463.  435.  489.  506.  566.  730. 1320.  441.    0.    0.
 440.  442.  486.  510.  587.  736. 1305.  444.    0.    0.
 446.  473.  509.  501.  619.  671. 1299.  432.    0.    0.
 455.  499.  475.  508.  634.  712. 1230.  437.    0.    0.
 426.  477.  478.  501.  558.  698. 1337.  475.    0.    0.
 453.  464.  468.  497.  578.  700. 1354.  436.    0.    0.
 461.  445.  482.  497.  575.  734. 1342.  414.    0.    0.
352. 687. 675. 701. 961. 909. 556. 109.   0.   0.
 481.  460.  478.  549.  569.  706. 1249.  458.    0.    0.
 425.  460.  467.  520.  594.  707. 1338.  439.    0.    0.
 446.  476.  438.  510.  580.  721. 1311.  468.    0.    0.
 442.  451.  482.  514.  570.  713. 1295.  483.    0.    0.
 427.  465.  481.  528.  568.  709. 1310.  462.    0.    0.
 441.  461.  500.  504.  594.  714. 1299.  437.    0.    0.
 443.  465.  491.  491.  581.  725. 1305.  449.    0.    0.
 422.  439.  479.  523.  590.  726. 1301.  470.    0.    0.
 446.  469.  488.  503.  586.  679. 1386.  393.    0.    0.
 436.  419.  494.  502.  613.  714. 1324.  448.    0.    0.
 456.  497.  478.  631. 1076.  637.  432.  405.  277.   61.
447. 450. 468. 575. 716. 914. 921. 443.  16.   0.
485. 577. 670. 754. 581. 571. 559. 450. 224.  79.
466. 667. 886. 954. 681. 637. 365. 221.  71.   2.
959. 773. 768. 649. 578. 480. 324. 172. 168.  79.
893. 819. 737. 662. 525. 465. 353. 272. 168.  56.
1005.  846.  736.  634.  553.  464.  365.  256.   88.    3.
