928. 835. 768. 657. 590. 450. 310. 229. 118.  65.
579. 999. 692. 636. 570. 408. 390. 348. 255.  73.
 474. 1154.  726.  656.  515.  461.  399.  357.  167.   41.
 472.  531.  607. 1005.  856.  631.  766.   82.    0.    0.
545. 600. 752. 913. 981. 507. 416. 234.   2.   0.
480. 968. 795. 740. 596. 558. 443. 240. 112.  18.
430. 699. 649. 733. 853. 835. 483. 205.  63.   0.
481. 955. 730. 617. 586. 430. 430. 247. 188. 286.
753. 849. 706. 580. 498. 475. 389. 347. 205. 148.
924. 779. 670. 655. 587. 484. 315. 230. 188. 118.
870. 813. 727. 605. 579. 401. 402. 274. 183.  96.
963. 864. 808. 635. 595. 411. 340. 223.  94.  17.
923. 797. 735. 666. 580. 420. 328. 278. 173.  50.
917. 866. 756. 650. 538. 457. 351. 231. 139.  45.
946. 798. 790. 677. 530. 446. 361. 215. 156.  31.
939. 896. 793. 669. 542. 440. 317. 212. 110.  32.
944. 777. 798. 674. 545. 434. 342. 204. 177.  55.
989. 886. 725. 667. 570. 387. 303. 265. 130.  28.
913. 821. 732. 693. 514. 478. 330. 229. 187.  53.
883. 828. 729. 613. 545. 446. 340. 274. 203.  89.
942. 806. 662. 594. 494. 507. 396. 295. 186.  68.
974. 822. 680. 521. 506. 419. 448. 285. 214.  81.
960. 861. 724. 650. 559. 444. 367. 235. 128.  22.
907. 843. 749. 667. 565. 428. 328. 245. 168.  50.
918. 869. 770. 698. 521. 462. 297. 227. 136.  52.
951. 856. 732. 589. 555. 483. 396. 246.  99.  43.
921. 884. 780. 718. 561. 418. 302. 212. 115.  39.
1014.  882.  727.  691.  542.  469.  350.  181.   70.   24.
933. 815. 756. 694. 586. 442. 274. 233. 167.  50.
927. 840. 784. 626. 513. 499. 351. 222. 169.  19.
890. 842. 781. 618. 569. 434. 373. 246. 124.  73.
950. 756. 726. 571. 473. 493. 409. 272. 246.  54.
934. 833. 737. 621. 504. 488. 400. 240. 143.  50.
899. 729. 743. 667. 493. 513. 334. 246. 226. 100.
942. 830. 651. 619. 510. 501. 361. 312. 172.  52.
950. 814. 723. 623. 507. 472. 358. 237. 178.  88.
904. 822. 743. 621. 576. 438. 337. 299. 147.  63.
891. 802. 730. 622. 468. 498. 376. 272. 194.  97.
