 385.  378.  363.  507.  480.  459.  768. 1122.  379.  109.
4.220e+02 4.870e+02 4.870e+02 5.240e+02 6.220e+02 8.390e+02 1.041e+03
 5.270e+02 1.000e+00 0.000e+00
 431.  461.  486.  511.  679. 1000.  970.  412.    0.    0.
 431.  485.  482.  527.  647.  863. 1196.  319.    0.    0.
 453.  466.  493.  515.  534.  688. 1268.  533.    0.    0.
587. 715. 796. 767. 674. 522. 471. 266. 152.   0.
 450.  447.  476.  541.  565.  744. 1084.  643.    0.    0.
 421.  457.  496.  501.  609.  733. 1314.  419.    0.    0.
 495.  590.  688.  758. 1037.  636.  440.  236.   70.    0.
552. 923. 984. 793. 635. 444. 313. 189.  85.  32.
 535.  717. 1041.  745.  644.  474.  357.  230.  165.   42.
 430.  500.  512.  661. 1126.  728.  472.  302.  219.    0.
 456.  512.  540.  627. 1083.  723.  460.  358.  191.    0.
 457.  492.  443.  548.  577.  758. 1086.  589.    0.    0.
 474.  409.  491.  512.  611.  821. 1160.  472.    0.    0.
479. 528. 981. 899. 666. 478. 360. 317. 214.  28.
435. 520. 520. 637. 664. 875. 625. 502. 172.   0.
 464.  445.  481.  539.  656.  878. 1131.  356.    0.    0.
459. 962. 710. 633. 598. 505. 322. 299. 239. 223.
455. 983. 888. 747. 546. 477. 369. 229. 168.  88.
790. 868. 721. 658. 580. 417. 361. 305. 185.  65.
938. 901. 766. 673. 560. 443. 330. 234.  92.  13.
904. 745. 714. 530. 497. 490. 397. 332. 275.  66.
4.420e+02 4.720e+02 5.630e+02 8.150e+02 1.157e+03 6.510e+02 4.230e+02
 3.080e+02 1.180e+02 1.000e+00
472. 448. 541. 805. 866. 667. 549. 320. 263.  19.
902. 823. 771. 686. 537. 461. 313. 237. 173.  47.
454. 540. 672. 758. 834. 928. 696.  68.   0.   0.
 522.  523.  581.  718.  705. 1023.  848.   30.    0.    0.
