 517.  629.  671. 1118. 1093.  449.  272.  181.   20.    0.
533. 582. 584. 614. 637. 849. 769. 298.  84.   0.
839. 909. 778. 697. 523. 452. 365. 219. 117.  51.
779. 875. 681. 539. 494. 468. 402. 385. 195. 132.
780. 837. 702. 605. 562. 469. 372. 279. 245.  99.
 486. 1032.  725.  661.  573.  461.  348.  308.  243.  113.
836. 940. 720. 641. 537. 451. 393. 273. 127.  32.
802. 871. 774. 630. 507. 488. 368. 291. 153.  66.
854. 851. 751. 636. 522. 486. 375. 283. 148.  44.
 521. 1082.  744.  709.  629.  444.  311.  270.  181.   59.
809. 960. 792. 662. 544. 435. 340. 227. 125.  56.
476. 922. 882. 647. 555. 484. 432. 278. 203.  71.
808. 803. 594. 585. 570. 402. 382. 352. 288. 166.
776. 952. 774. 715. 658. 451. 334. 192.  92.   6.
 544.  670.  843. 1141.  857.  520.  281.   88.    6.    0.
 487.  552.  494.  758. 1274.  625.  407.  264.   84.    5.
 433.  522.  590.  792. 1085.  616.  493.  250.  127.   42.
 452.  537.  579.  714. 1044.  598.  469.  333.  181.   43.
462. 512. 674. 667. 908. 574. 519. 381. 186.  67.
469. 541. 565. 660. 855. 642. 549. 361. 270.  38.
 485.  478.  532.  752. 1148.  713.  480.  186.  120.   56.
 465.  484.  606.  588. 1038.  684.  532.  306.  172.   75.
462. 528. 635. 654. 952. 720. 488. 312. 159.  40.
463. 488. 625. 777. 813. 579. 635. 346. 179.  45.
460. 517. 608. 736. 830. 625. 513. 379. 187.  95.
487. 539. 549. 721. 839. 658. 540. 316. 254.  47.
463. 528. 674. 646. 803. 575. 584. 406. 187.  84.
470. 490. 697. 707. 740. 667. 633. 363. 148.  35.
471. 540. 641. 688. 890. 685. 586. 322. 106.  21.
461. 468. 684. 713. 839. 640. 561. 347. 175.  62.
452. 511. 584. 786. 936. 671. 541. 271. 136.  62.
465. 489. 637. 730. 882. 583. 559. 366. 167.  72.
471. 558. 621. 557. 723. 586. 589. 473. 253. 119.
 422.  542.  633.  644. 1165.  637.  489.  266.  123.   29.
465. 494. 556. 698. 951. 678. 555. 318. 174.  61.
462. 472. 541. 746. 987. 737. 527. 248. 171.  59.
430. 484. 612. 777. 866. 660. 570. 337. 140.  74.
435. 526. 505. 940. 998. 696. 440. 232. 121.  57.
467. 542. 581. 710. 968. 657. 460. 305. 189.  71.
 493.  521.  631. 1173.  710.  596.  395.  311.  120.    0.
 543.  510. 1229.  904.  664.  426.  278.  256.  140.    0.
 491. 1106.  840.  706.  575.  439.  338.  278.  142.   35.
501. 848. 844. 731. 640. 516. 365. 223. 226.  56.
 488. 1045.  830.  705.  609.  445.  317.  247.  174.   90.
871. 861. 730. 608. 521. 459. 395. 287. 172.  46.
465. 607. 568. 769. 836. 936. 723.  46.   0.   0.
 487.  578.  603.  555.  715. 1000.  926.   86.    0.    0.
 483.  593.  597. 1081.  725.  543.  466.  358.  104.    0.
 470.  560.  671. 1128.  687.  564.  439.  378.   53.    0.
517. 603. 839. 982. 674. 573. 435. 260.  67.   0.
525. 993. 678. 592. 444. 428. 523. 501. 246.  20.
464. 964. 942. 700. 618. 460. 335. 248. 150.  69.
567. 591. 956. 952. 705. 482. 391. 252.  54.   0.
871. 778. 785. 706. 546. 447. 393. 273. 147.   4.
 539.  657.  891. 1043.  640.  533.  397.  202.   48.    0.
441. 978. 784. 737. 596. 477. 416. 262. 234.  25.
 472. 1039.  897.  756.  574.  462.  336.  207.  161.   46.
574. 620. 908. 787. 584. 589. 495. 326.  67.   0.
918. 775. 696. 709. 563. 476. 388. 258. 153.  14.
 447.  497.  501.  630.  624. 1294.  637.  252.   68.    0.
449. 545. 561. 991. 658. 562. 471. 356. 263.  94.
454. 484. 619. 541. 651. 986. 681. 414. 120.   0.
 473.  478.  623. 1037.  672.  557.  460.  351.  198.  101.
 461.  473.  556.  562.  714. 1112.  569.  352.  151.    0.
 498.  514.  468. 1067.  694.  547.  476.  319.  244.  123.
 441.  487.  563.  550.  731. 1149.  615.  317.   97.    0.
 457.  510.  677. 1094.  780.  500.  473.  320.  118.   21.
462. 534. 512. 551. 664. 945. 594. 542. 146.   0.
 417.  565.  568. 1070.  780.  511.  442.  351.  191.   55.
