 435.  462.  442.  517.  601.  703. 1340.  450.    0.    0.
 430.  460.  494.  504.  572.  724. 1303.  463.    0.    0.
 417.  467.  474.  548.  630.  819. 1135.  460.    0.    0.
 464.  427.  484.  572.  593.  894. 1161.  355.    0.    0.
 462.  467.  476.  459.  571.  731. 1364.  420.    0.    0.
 449.  482.  490.  555.  656. 1009.  946.  363.    0.    0.
460. 523. 637. 879. 985. 628. 502. 310.  26.   0.
 412.  661.  936. 1012.  689.  441.  374.  258.  139.   28.
 463.  507.  522.  605.  709. 1176.  869.   99.    0.    0.
 474.  534.  556.  579.  668. 1090.  912.  137.    0.    0.
383. 560. 995. 879. 856. 687. 386. 189.  15.   0.
 357.  731. 1061.  953.  965.  508.  267.  105.    3.    0.
471. 459. 871. 717. 687. 487. 377. 240. 298. 343.
 424.  474. 1047.  707.  715.  549.  309.  280.  232.  213.
 408.  457.  467.  499.  557.  648. 1037.  834.   43.    0.
304. 707. 806. 868. 998. 716. 378. 144.  29.   0.
310. 704. 981. 966. 873. 597. 336. 138.  45.   0.
