 400.  426.  441. 1018.  867.  616.  397.  306.  251.  228.
 444.  483. 1059.  806.  748.  475.  339.  265.  191.  140.
463. 461. 427. 979. 597. 516. 508. 469. 339. 191.
427. 476. 664. 912. 649. 544. 396. 391. 235. 256.
 467.  446. 1208.  796.  716.  434.  385.  269.  161.   68.
 456.  467. 1172.  806.  660.  476.  382.  286.  191.   54.
 463.  525. 1037.  840.  753.  490.  276.  183.  292.   91.
 520. 1130.  900.  821.  633.  495.  287.  136.   28.    0.
 620. 1010.  804.  694.  564.  465.  345.  219.  152.   77.
 449. 1025.  710.  593.  559.  453.  377.  357.  266.  161.
 438. 1098.  808.  699.  582.  470.  330.  252.  163.  110.
 475.  831. 1134. 1102.  655.  325.  260.  111.   50.    7.
 284.  878.  864. 1003.  801.  478.  334.  200.  102.    6.
 423.  879. 1115.  978.  656.  480.  248.   89.   55.   27.
 368.  678. 1175. 1049.  893.  510.  185.   92.    0.    0.
