577. 970. 783. 649. 559. 500. 426. 310. 156.  20.
 588. 1017.  874.  568.  503.  499.  486.  281.  134.    0.
505. 606. 895. 854. 656. 491. 451. 285. 163.  44.
840. 790. 704. 674. 622. 485. 428. 269. 131.   7.
477. 497. 738. 849. 449. 514. 553. 419. 454.   0.
 509.  624.  643. 1264.  849.  506.  299.  193.   61.    2.
586. 969. 867. 730. 610. 505. 384. 191. 105.   3.
692. 985. 690. 514. 446. 524. 475. 369. 198.  57.
 504. 1032.  813.  746.  602.  437.  315.  317.  182.    2.
 441.  417.  502.  550.  585.  720. 1029.  706.    0.    0.
 450.  477.  423.  502.  574.  808. 1203.  513.    0.    0.
857. 818. 665. 555. 462. 452. 470. 342. 245.  84.
