 445.  455.  539.  722. 1057.  535.  418.  399.  380.    0.
 445.  472.  481.  515.  622.  794. 1062.  559.    0.    0.
 420.  475.  489.  615. 1214.  635.  555.  326.  221.    0.
 367.  681.  920.  831. 1004.  655.  380.  112.    0.    0.
 434.  466.  494.  545.  582.  776. 1194.  459.    0.    0.
 452.  520.  499.  557.  644.  770. 1085.  423.    0.    0.
 427.  487.  512.  523.  605.  760. 1232.  404.    0.    0.
 528. 1067.  952.  728.  586.  467.  346.  195.   66.   15.
 462.  408.  487.  522.  639.  794. 1159.  479.    0.    0.
 442.  454.  509.  474.  615.  700. 1403.  353.    0.    0.
457. 503. 627. 923. 904. 542. 419. 361. 196.  18.
