 501. 1113.  777.  653.  531.  479.  375.  305.  166.   50.
441. 467. 529. 584. 677. 822. 681. 554. 195.   0.
429. 553. 645. 807. 908. 723. 479. 277. 101.  28.
 404.  554.  947.  867. 1010.  728.  320.  120.    0.    0.
529. 736. 832. 969. 562. 503. 390. 241. 165.  23.
 433.  527.  572.  655.  883. 1032.  441.  240.  167.    0.
556. 661. 829. 859. 593. 490. 385. 357. 167.  53.
 427.  566.  654.  862. 1118.  732.  479.  112.    0.    0.
 434.  463.  492.  564.  750. 1167.  559.  376.  145.    0.
 478.  547. 1008.  906.  693.  498.  386.  333.  101.    0.
 471.  502.  509. 1254.  800.  534.  396.  290.  152.   42.
