 564.  530.  330.  802. 1251.  342.    3.  628.  453.   47.
 982.  730.  503.  467.  324.  157.  247. 1237.  303.    0.
 359.  735.  985. 1060.  868.  466.  353.  102.   22.    0.
 435.  614.  696. 1208.  871.  410.  346.  294.   76.    0.
291. 537. 593. 677. 759. 628. 488. 543. 338.  96.
260. 667. 703. 910. 893. 631. 347. 300. 191.  48.
 390. 1017.  842.  700.  563.  537.  438.  332.  131.    0.
447. 882. 763. 866. 831. 556. 326. 200.  79.   0.
 522.  510.  627. 1041.  967.  373.  308.  388.  206.    8.
673. 710. 716. 858. 933. 736. 131. 147.  46.   0.
 471. 1074.  875.  756.  565.  485.  279.  222.  162.   61.
472. 876. 874. 681. 529. 464. 395. 298. 223. 138.
712. 792. 798. 643. 533. 420. 423. 278. 166. 185.
399. 382. 435. 549. 437. 947. 647. 689. 465.   0.
421. 469. 427. 481. 496. 686. 680. 778. 512.   0.
370. 401. 433. 443. 515. 928. 600. 459. 663. 138.
 370.  420.  437.  510.  546. 1061.  524.  402.  566.  114.
388. 406. 446. 463. 899. 669. 404. 445. 483. 347.
 417.  494. 1108.  671.  657.  512.  317.  331.  218.  225.
460. 662. 945. 731. 532. 492. 410. 301. 269. 148.
411. 476. 497. 470. 804. 484. 414. 445. 390. 559.
373. 439. 464. 712. 899. 614. 419. 372. 238. 420.
 382.  466.  483. 1072.  635.  533.  466.  384.  271.  258.
483. 690. 877. 588. 456. 470. 426. 413. 301. 246.
 452. 1040.  847.  688.  629.  460.  315.  252.  149.  118.
431. 489. 899. 668. 464. 457. 421. 365. 341. 415.
991. 884. 750. 578. 545. 458. 373. 225. 101.  45.
417. 439. 894. 786. 547. 455. 455. 449. 188. 320.
 421.  439. 1064.  798.  622.  542.  386.  347.  210.  121.
 464.  487. 1075.  643.  528.  455.  410.  392.  281.  215.
490. 627. 939. 625. 617. 487. 373. 337. 176. 279.
 425.  490. 1073.  751.  597.  480.  411.  276.  178.  269.
700. 975. 785. 697. 524. 443. 380. 211. 157.  78.
402. 466. 858. 786. 659. 549. 338. 365. 222. 305.
 429.  460. 1049.  949.  667.  465.  378.  287.  144.  122.
443. 474. 979. 718. 590. 488. 418. 288. 235. 317.
 443.  639. 1018.  615.  499.  493.  449.  349.  273.  172.
 441.  495. 1088.  628.  517.  478.  434.  362.  295.  212.
664. 943. 775. 676. 576. 441. 338. 270. 192.  75.
424. 474. 925. 780. 553. 456. 434. 380. 285. 239.
 441.  445. 1006.  801.  606.  482.  472.  338.  190.  169.
 428.  489. 1092.  662.  640.  509.  400.  255.  275.  200.
460. 629. 984. 708. 514. 478. 410. 298. 243. 226.
 433.  477. 1114.  733.  673.  462.  404.  229.  260.  165.
686. 907. 770. 559. 602. 414. 414. 312. 199.  87.
445. 493. 873. 659. 526. 499. 407. 440. 300. 308.
392. 484. 997. 676. 571. 492. 389. 457. 279. 213.
 430.  465. 1100.  638.  479.  450.  465.  402.  299.  222.
442. 663. 991. 758. 559. 463. 414. 283. 189. 188.
 413.  478. 1148.  649.  568.  475.  435.  329.  308.  147.
698. 966. 694. 659. 545. 432. 320. 317. 238.  81.
 506. 1033.  830.  625.  560.  441.  400.  254.  157.  144.
473. 824. 962. 672. 592. 469. 359. 260. 163. 176.
729. 912. 774. 658. 515. 490. 380. 262. 150.  80.
4.100e+02 3.730e+02 4.230e+02 5.110e+02 4.800e+02 1.054e+03 8.110e+02
 4.140e+02 4.730e+02 1.000e+00
389. 390. 463. 460. 501. 836. 677. 728. 506.   0.
 455. 1011.  791.  728.  501.  459.  432.  239.  189.  145.
458. 912. 877. 722. 629. 443. 328. 231. 156. 194.
686. 929. 733. 697. 568. 488. 298. 267. 173. 111.
 417.  480.  464.  535.  510. 1085.  677.  423.  356.    3.
374. 413. 464. 507. 509. 795. 772. 630. 486.   0.
 470. 1102.  841.  677.  600.  436.  327.  275.  169.   53.
495. 835. 657. 614. 500. 482. 432. 278. 323. 334.
750. 983. 814. 696. 565. 450. 274. 208. 137.  73.
386. 434. 416. 416. 532. 907. 621. 697. 528.  13.
407. 419. 440. 443. 482. 808. 898. 609. 444.   0.
 458. 1088.  791.  599.  568.  452.  432.  309.  166.   87.
438. 922. 821. 694. 533. 477. 392. 311. 217. 145.
699. 905. 724. 601. 566. 430. 374. 310. 193. 148.
414. 432. 431. 470. 478. 897. 642. 578. 578.  30.
400. 416. 419. 485. 507. 941. 869. 557. 356.   0.
429. 483. 894. 807. 664. 513. 375. 344. 252. 189.
 428.  501. 1073.  740.  522.  460.  434.  367.  263.  162.
 452.  449. 1060.  759.  538.  501.  418.  323.  256.  194.
472. 636. 928. 680. 603. 524. 341. 313. 176. 277.
 439.  481. 1142.  707.  596.  509.  384.  314.  210.  168.
716. 858. 692. 575. 485. 475. 433. 326. 223. 167.
 478. 1115.  847.  727.  575.  453.  326.  224.  150.   55.
459. 988. 767. 557. 470. 462. 400. 373. 299. 175.
714. 851. 682. 653. 547. 471. 330. 299. 243. 160.
401. 424. 414. 455. 504. 854. 638. 631. 623.   6.
390. 427. 473. 460. 550. 792. 742. 614. 502.   0.
684. 991. 732. 661. 610. 461. 334. 235. 175.  67.
 356.  394.  405.  431.  458.  508.  727. 1101.  429.  141.
 372.  367.  399.  421.  487.  467.  537. 1330.  393.  177.
 362.  380.  418.  404.  452.  437.  595. 1266.  448.  188.
887. 809. 803. 669. 546. 426. 378. 198. 149.  85.
858. 817. 728. 677. 520. 481. 320. 239. 214.  96.
705. 908. 775. 703. 555. 467. 326. 242. 190.  79.
 358.  359.  379.  534.  490.  512.  736. 1130.  332.  120.
 344.  408.  409.  431.  447.  541.  564. 1284.  417.  105.
 370.  371.  453.  482.  468.  581.  495. 1331.  335.   64.
837. 802. 761. 532. 567. 429. 434. 292. 199.  97.
874. 817. 765. 667. 521. 456. 359. 228. 185.  78.
 682. 1031.  733.  636.  535.  504.  365.  272.  126.   66.
 360.  410.  415.  461.  470.  574.  671. 1080.  408.  101.
 355.  388.  424.  491.  582.  496.  516. 1339.  289.   70.
 383.  395.  382.  491.  504.  557.  452. 1358.  357.   71.
877. 867. 618. 556. 483. 467. 438. 369. 204.  71.
861. 835. 740. 612. 534. 459. 350. 297. 172.  90.
754. 972. 685. 500. 460. 486. 494. 339. 219.  41.
 354.  420.  450.  452.  493.  530.  764. 1027.  358.  102.
 344.  359.  450.  453.  494.  478.  538. 1309.  420.  105.
 354.  407.  417.  468.  482.  542.  524. 1366.  335.   55.
783. 835. 684. 636. 545. 400. 369. 308. 239. 151.
903. 855. 748. 644. 531. 463. 382. 235. 133.  56.
707. 966. 751. 676. 579. 413. 368. 299. 140.  51.
 337.  396.  392.  461.  483.  477.  767. 1114.  381.  142.
 362.  378.  403.  457.  486.  488.  512. 1384.  353.  127.
 370.  397.  384.  481.  457.  509.  553. 1307.  403.   89.
838. 788. 831. 583. 622. 388. 355. 248. 160. 137.
829. 822. 667. 640. 508. 483. 388. 263. 234. 116.
723. 887. 750. 604. 511. 465. 433. 294. 214.  69.
343. 691. 748. 903. 938. 709. 356. 167.  95.   0.
 461.  591.  816.  673. 1113.  661.  432.  159.   44.    0.
 370.  397.  428.  441.  440.  468.  866. 1063.  390.   87.
 372.  351.  381.  496.  482.  476.  560. 1310.  394.  128.
 344.  419.  390.  481.  536.  535.  515. 1328.  329.   73.
892. 888. 793. 601. 552. 450. 359. 256. 125.  34.
922. 854. 678. 575. 473. 489. 437. 295. 152.  75.
