 316.  388. 1074.  804. 1074.  509.  615.  170.    0.    0.
293. 689. 656. 841. 867. 853. 516. 235.   0.   0.
 435.  524.  561.  631.  748. 1096.  769.  186.    0.    0.
438. 442. 484. 565. 635. 970. 771. 525. 120.   0.
 446.  434.  527.  577.  819. 1050.  612.  360.  125.    0.
388. 450. 566. 766. 789. 694. 516. 525. 255.   1.
756. 872. 658. 560. 495. 469. 413. 371. 223. 133.
 471.  460.  453.  488.  559.  710. 1365.  444.    0.    0.
918. 847. 738. 605. 543. 473. 392. 248. 145.  41.
485. 490. 896. 838. 651. 512. 461. 397. 184.  36.
325. 713. 877. 920. 906. 724. 401.  84.   0.   0.
382. 440. 509. 755. 885. 807. 509. 495. 154.  14.
386. 458. 825. 853. 708. 639. 475. 433. 153.  20.
 440.  423.  434. 1192.  600.  533.  533.  381.  238.  176.
406. 467. 945. 759. 623. 509. 394. 317. 202. 328.
 446.  534.  562. 1088.  982.  518.  442.  365.   13.    0.
 452.  512.  660. 1100.  800.  532.  454.  426.   14.    0.
470. 641. 953. 865. 610. 477. 496. 344.  94.   0.
 480.  491.  579.  612.  664. 1165.  869.   90.    0.    0.
514. 553. 549. 610. 923. 950. 778.  73.   0.   0.
 423.  481.  506.  497.  572.  676. 1319.  476.    0.    0.
931. 934. 804. 706. 560. 402. 298. 203.  97.  15.
 453.  465.  474.  518.  553.  697. 1326.  464.    0.    0.
 458.  465.  451.  534.  616.  670. 1352.  404.    0.    0.
 436.  453.  497.  506.  608.  724. 1262.  464.    0.    0.
 443.  463.  506.  487.  561.  713. 1318.  459.    0.    0.
484. 624. 716. 919. 888. 957. 340.  22.   0.   0.
 421.  448.  461.  558.  547.  735. 1237.  543.    0.    0.
 431.  474.  490.  503.  551.  656. 1164.  681.    0.    0.
1027.  766.  551.  345.  317.  488.  591.  436.  315.  114.
503. 503. 491. 516. 582. 651. 726. 808. 170.   0.
848. 760. 652. 616. 563. 460. 416. 330. 232.  73.
870. 785. 738. 671. 510. 509. 403. 255. 162.  47.
505. 826. 832. 714. 571. 507. 473. 317. 186.  19.
 533. 1088.  902.  769.  571.  484.  295.  188.   94.   26.
507. 889. 918. 749. 650. 486. 364. 274. 103.  10.
625. 940. 731. 653. 655. 478. 373. 286. 187.  22.
588. 827. 627. 584. 563. 564. 432. 469. 256.  40.
616. 908. 689. 664. 584. 476. 410. 387. 189.  27.
507. 881. 916. 731. 692. 449. 364. 250. 150.  10.
638. 843. 703. 594. 556. 526. 406. 383. 259.  42.
488. 869. 795. 689. 608. 555. 445. 316. 171.  14.
569. 935. 731. 696. 636. 464. 386. 310. 201.  22.
486. 916. 885. 713. 587. 518. 404. 255. 164.  22.
582. 983. 790. 678. 635. 484. 365. 275. 142.  16.
511. 839. 819. 629. 544. 513. 487. 328. 234.  46.
556. 938. 775. 645. 605. 483. 397. 321. 199.  31.
506. 891. 784. 584. 545. 562. 487. 361. 198.  32.
601. 931. 777. 697. 674. 498. 334. 280. 133.  25.
491. 888. 859. 686. 596. 559. 399. 293. 163.  16.
 559. 1034.  736.  609.  552.  524.  433.  309.  157.   37.
468. 707. 941. 711. 608. 576. 426. 356. 157.   0.
534. 928. 845. 736. 572. 514. 365. 288. 163.   5.
481. 684. 987. 765. 645. 520. 445. 302. 121.   0.
613. 953. 705. 576. 502. 547. 528. 393. 129.   4.
476. 746. 933. 665. 574. 628. 486. 299. 143.   0.
529. 994. 806. 687. 575. 494. 426. 283. 132.  24.
 508.  785. 1316.  869.  583.  443.  286.  124.   36.    0.
579. 872. 851. 614. 582. 537. 366. 294. 219.  36.
 500.  681. 1035.  772.  640.  580.  384.  243.  115.    0.
536. 873. 750. 675. 582. 505. 444. 295. 252.  38.
509. 804. 787. 633. 600. 502. 476. 306. 257.  76.
 545. 1012.  792.  690.  610.  481.  374.  280.  153.   13.
565. 791. 807. 690. 556. 435. 500. 382. 201.  23.
558. 933. 715. 603. 556. 467. 487. 319. 263.  49.
486. 878. 825. 666. 584. 485. 426. 332. 254.  14.
596. 835. 691. 619. 588. 470. 444. 351. 267.  89.
 434.  458.  476.  524.  600.  712. 1418.  328.    0.    0.
 419.  493.  490.  534.  519.  743. 1458.  294.    0.    0.
 445.  456.  484.  528.  558.  700. 1316.  463.    0.    0.
 421.  440.  497.  524.  588.  727. 1399.  354.    0.    0.
458. 709. 844. 676. 656. 596. 508. 382. 121.   0.
528. 889. 741. 682. 549. 546. 474. 378. 154.   9.
482. 942. 837. 612. 615. 555. 480. 305. 108.  14.
580. 968. 844. 736. 538. 489. 378. 223. 161.  33.
500. 832. 759. 613. 652. 531. 471. 311. 230.  51.
596. 906. 777. 674. 556. 522. 446. 292. 157.  24.
512. 829. 857. 653. 618. 578. 464. 264. 145.  30.
596. 906. 770. 669. 611. 475. 408. 297. 194.  24.
 500. 1050.  922.  740.  638.  533.  336.  173.   56.    2.
636. 904. 746. 649. 565. 501. 432. 319. 179.  19.
 488.  487.  476.  547.  637.  830. 1156.  329.    0.    0.
