 462.  431.  455.  547.  552.  688. 1355.  460.    0.    0.
 476.  443.  519.  504.  564.  718. 1259.  467.    0.    0.
467. 505. 523. 532. 641. 850. 681. 585. 166.   0.
 453.  434.  496.  528.  697. 1211.  587.  442.  102.    0.
 413.  497.  449.  548.  558.  719. 1298.  468.    0.    0.
 524. 1110. 1160. 1106.  726.  200.  115.    9.    0.    0.
451. 515. 660. 954. 930. 648. 387. 246. 159.   0.
 517.  464.  516.  689. 1111.  629.  467.  295.  252.   10.
445. 549. 874. 803. 727. 476. 460. 372. 244.   0.
509. 947. 887. 655. 607. 431. 367. 292. 192.  63.
 467. 1096.  852.  732.  520.  490.  373.  232.  143.   45.
426. 506. 525. 664. 753. 665. 633. 496. 282.   0.
 558.  759. 1118.  803.  653.  428.  282.  167.  142.   40.
704. 975. 820. 627. 569. 449. 355. 234. 177.  40.
442. 497. 767. 706. 831. 654. 392. 388. 247.  26.
 463.  783. 1019.  836.  589.  500.  339.  234.  157.   30.
 515.  950. 1007. 1167.  827.  297.  159.   28.    0.    0.
490. 501. 688. 982. 892. 668. 343. 265. 121.   0.
478. 495. 554. 807. 939. 635. 465. 356. 218.   3.
433. 541. 983. 898. 655. 543. 450. 313. 134.   0.
510. 832. 942. 648. 565. 439. 410. 301. 228.  75.
 481. 1047.  897.  649.  571.  492.  375.  256.  154.   28.
467. 464. 520. 609. 943. 812. 514. 381. 240.   0.
 487.  737. 1026.  648.  529.  535.  442.  340.  145.   61.
 708. 1065.  868.  673.  570.  438.  339.  183.   89.   17.
 460.  510.  617.  721. 1007.  583.  467.  365.  192.   28.
469. 762. 951. 830. 592. 444. 396. 327. 146.  33.
