434. 703. 683. 897. 889. 594. 491. 197.  62.   0.
416. 563. 718. 807. 851. 617. 524. 366.  85.   3.
312. 730. 865. 886. 831. 679. 463. 178.   6.   0.
353. 572. 667. 708. 707. 714. 615. 449. 165.   0.
 487.  519.  497.  549.  665. 1103.  997.  133.    0.    0.
 428.  435.  461.  497.  628.  870. 1019.  612.    0.    0.
 476.  522.  734. 1315.  713.  525.  348.  207.   86.   24.
423. 453. 460. 495. 609. 870. 901. 739.   0.   0.
 440.  441.  518.  473.  653. 1121.  756.  397.  151.    0.
449. 485. 998. 986. 721. 587. 349. 264. 101.  10.
4.660e+02 5.470e+02 1.057e+03 8.270e+02 6.040e+02 5.590e+02 3.970e+02
 3.270e+02 1.650e+02 1.000e+00
 479.  462.  585.  588. 1164.  609.  413.  341.  292.   17.
486. 638. 771. 884. 876. 498. 480. 296.  21.   0.
423. 773. 710. 746. 769. 438. 439. 460. 187.   5.
 466.  530.  590. 1038.  772.  536.  380.  372.  225.   41.
