 379.  737.  869. 1065.  663.  449.  430.  245.   96.   17.
373. 437. 447. 470. 672. 705. 530. 542. 619. 155.
337. 748. 778. 793. 616. 595. 535. 369. 159.  20.
5.700e+02 7.000e+02 1.258e+03 9.050e+02 6.810e+02 4.080e+02 2.350e+02
 1.340e+02 5.800e+01 1.000e+00
 495. 1008.  838.  702.  584.  447.  404.  279.  146.   47.
549. 642. 881. 623. 592. 592. 480. 447. 144.   0.
499. 573. 595. 999. 811. 655. 522. 256.  40.   0.
365. 461. 435. 534. 628. 777. 514. 408. 637. 191.
378. 680. 732. 800. 667. 502. 514. 487. 171.  19.
554. 668. 973. 845. 630. 513. 411. 247. 104.   5.
 490. 1040.  921.  755.  577.  466.  340.  224.   87.   50.
 473.  637. 1128.  856.  636.  516.  360.  272.   72.    0.
 502.  573.  684. 1069.  789.  699.  459.  144.   31.    0.
581. 630. 971. 853. 673. 473. 317. 301. 132.  19.
531. 978. 781. 640. 531. 523. 398. 285. 227.  56.
505. 627. 920. 731. 631. 554. 422. 389. 171.   0.
553. 567. 664. 983. 859. 592. 421. 262.  49.   0.
 509. 1040.  943.  795.  535.  474.  346.  166.  120.   22.
577. 697. 766. 573. 562. 543. 474. 569. 189.   0.
487. 579. 650. 978. 818. 680. 527. 207.  24.   0.
570. 761. 889. 729. 563. 585. 440. 295. 109.   9.
