4.570e+02 4.820e+02 5.540e+02 6.490e+02 7.960e+02 1.061e+03 6.900e+02
 2.600e+02 1.000e+00 0.000e+00
 483.  511.  536.  696.  755. 1016.  747.  206.    0.    0.
 464.  428.  495.  584.  625. 1042.  660.  577.   75.    0.
 437.  483.  509.  540.  685. 1030.  662.  447.  157.    0.
470. 460. 496. 553. 685. 715. 889. 539. 143.   0.
497. 606. 978. 689. 542. 532. 451. 450. 205.   0.
 522.  539. 1229.  915.  661.  506.  398.  180.    0.    0.
545. 702. 645. 811. 697. 646. 554. 321.  29.   0.
 607.  522. 1364. 1032.  694.  432.  231.   68.    0.    0.
480. 695. 702. 714. 932. 748. 488. 181.  10.   0.
