638. 661. 854. 887. 602. 436. 303. 568.   1.   0.
431. 576. 816. 930. 713. 577. 405. 309. 167.  26.
367. 419. 442. 543. 915. 751. 587. 347. 380. 199.
358. 409. 430. 429. 434. 532. 875. 701. 612. 170.
 439.  461.  485.  519.  599.  707. 1300.  440.    0.    0.
 422.  468.  471.  537.  558.  739. 1291.  464.    0.    0.
 461.  432.  493.  542.  533.  692. 1335.  462.    0.    0.
 448.  473.  452.  506.  558.  734. 1501.  278.    0.    0.
 470.  470.  456.  507.  571.  701. 1354.  421.    0.    0.
 455.  399.  510.  517.  568.  691. 1350.  460.    0.    0.
 421.  476.  478.  514.  586.  712. 1333.  430.    0.    0.
 437.  448.  523.  517.  576.  720. 1327.  402.    0.    0.
 438.  458.  441.  534.  595.  718. 1291.  475.    0.    0.
 453.  430.  487.  505.  598.  724. 1274.  479.    0.    0.
 450.  446.  472.  498.  595.  724. 1311.  454.    0.    0.
 434.  476.  474.  467.  565.  757. 1343.  434.    0.    0.
386. 369. 428. 470. 501. 951. 633. 452. 642. 118.
375. 394. 452. 489. 452. 894. 515. 526. 743. 110.
361. 410. 459. 442. 486. 480. 858. 716. 617. 121.
938. 804. 691. 581. 483. 421. 374. 330. 232.  96.
1049.  879.  864.  670.  483.  465.  288.  147.   79.   26.
973. 885. 811. 678. 550. 420. 301. 201. 108.  23.
974. 853. 802. 730. 571. 442. 223. 167. 132.  56.
946. 903. 722. 669. 520. 458. 359. 232. 115.  26.
945. 852. 714. 648. 505. 485. 363. 246. 152.  40.
927. 862. 770. 650. 539. 459. 352. 210. 136.  45.
963. 871. 803. 672. 528. 452. 320. 207. 122.  12.
969. 838. 681. 542. 534. 505. 418. 293. 132.  38.
1008.  847.  766.  631.  540.  469.  376.  202.   91.   20.
