 365.  378.  416.  447.  540. 1012.  599.  474.  565.  154.
372. 409. 405. 454. 517. 924. 587. 392. 703. 187.
314. 549. 942. 948. 823. 676. 411. 184. 103.   0.
362. 489. 869. 679. 665. 545. 497. 401. 304. 139.
 292.  572.  875. 1010.  765.  796.  340.  241.   59.    0.
 318.  599.  922. 1001.  747.  594.  445.  178.  146.    0.
268. 395. 885. 824. 735. 689. 446. 321. 307.  80.
256. 466. 762. 896. 729. 793. 460. 232. 355.   1.
 211.  683.  758. 1010.  850.  708.  538.  192.    0.    0.
 247.  750.  947. 1040.  847.  681.  356.   82.    0.    0.
425. 882. 802. 762. 694. 425. 368. 357. 203.  32.
402. 813. 762. 672. 550. 516. 414. 465. 281.  75.
 484.  581.  690.  937. 1004.  510.  222.  234.  178.  110.
374. 538. 768. 889. 815. 472. 414. 369. 264.  47.
228. 664. 807. 982. 908. 693. 512. 156.   0.   0.
 271.  598.  878. 1062.  851.  631.  503.  156.    0.    0.
 387.  603.  858. 1056.  971.  516.  410.  137.   12.    0.
 364.  676.  940. 1086.  842.  547.  362.  121.   12.    0.
306. 663. 830. 959. 873. 772. 485.  62.   0.   0.
 469.  958. 1090.  949.  644.  416.  245.  106.   64.    9.
 466.  483.  450.  551.  632.  911. 1060.  397.    0.    0.
 406.  769.  900. 1049.  843.  574.  335.   70.    4.    0.
