699. 822. 851. 763. 591. 504. 254. 263. 197.   6.
598. 544. 538. 573. 557. 564. 538. 807. 231.   0.
846. 866. 774. 612. 536. 489. 369. 259. 135.  64.
639. 614. 620. 569. 543. 509. 471. 461. 524.   0.
870. 901. 783. 696. 600. 441. 269. 194. 115.  81.
581. 577. 567. 587. 553. 567. 534. 745. 239.   0.
 469.  462.  523.  514.  599.  697. 1287.  399.    0.    0.
 435.  481.  477.  494.  573.  692. 1314.  484.    0.    0.
 443.  478.  476.  517.  571.  710. 1339.  416.    0.    0.
 430.  468.  481.  477.  608.  721. 1435.  330.    0.    0.
 440.  459.  502.  542.  555.  737. 1267.  448.    0.    0.
 429.  450.  484.  519.  568.  732. 1424.  344.    0.    0.
 442.  440.  468.  503.  605.  740. 1344.  408.    0.    0.
 483.  435.  464.  491.  574.  742. 1446.  315.    0.    0.
 428.  473.  475.  507.  563.  715. 1392.  397.    0.    0.
 472.  464.  492.  491.  549.  700. 1357.  425.    0.    0.
 443.  458.  496.  508.  562.  693. 1324.  466.    0.    0.
 488.  471.  495.  460.  535.  684. 1300.  517.    0.    0.
 444.  438.  483.  540.  576.  724. 1438.  307.    0.    0.
 604.  621.  878. 1192.  447.  427.  465.  125.   92.   99.
398. 532. 692. 798. 839. 897. 671. 123.   0.   0.
939. 903. 804. 687. 532. 434. 291. 201. 112.  47.
905. 834. 721. 638. 526. 451. 419. 251. 159.  46.
932. 833. 827. 676. 540. 433. 347. 174. 132.  56.
925. 801. 707. 644. 517. 473. 395. 237. 191.  60.
907. 803. 766. 639. 551. 441. 384. 233. 163.  63.
958. 849. 743. 613. 536. 485. 372. 242. 120.  32.
964. 904. 742. 656. 545. 411. 328. 249. 124.  27.
915. 809. 718. 670. 596. 401. 312. 276. 163.  90.
898. 817. 733. 603. 549. 449. 384. 274. 170.  73.
939. 768. 701. 570. 525. 445. 423. 297. 202.  80.
968. 815. 803. 654. 531. 476. 310. 254. 124.  15.
934. 836. 733. 646. 517. 431. 347. 240. 202.  64.
950. 816. 811. 676. 534. 441. 340. 199. 137.  46.
942. 875. 798. 686. 557. 432. 298. 205. 115.  42.
943. 746. 676. 633. 536. 464. 330. 308. 232.  82.
934. 893. 765. 647. 542. 426. 350. 243. 107.  43.
910. 827. 693. 624. 555. 438. 383. 294. 170.  56.
634. 718. 744. 982. 820. 463. 327. 185.  77.   0.
650. 709. 723. 840. 598. 428. 499. 300. 185.  18.
958. 890. 829. 716. 547. 425. 263. 186. 105.  31.
817. 801. 740. 634. 630. 500. 363. 279. 132.  54.
939. 834. 717. 671. 588. 451. 320. 238. 147.  45.
 346.  417.  448.  477.  517.  534.  484. 1291.  347.   89.
246. 511. 698. 759. 771. 713. 547. 444. 261.   0.
296. 641. 843. 791. 815. 543. 586. 304. 104.  27.
427. 723. 871. 688. 622. 440. 397. 323. 391.  68.
322. 646. 824. 777. 751. 492. 449. 472. 205.  12.
235. 584. 844. 908. 847. 737. 575. 173.  41.   6.
435. 718. 923. 539. 618. 458. 607. 279. 280.  93.
288. 629. 802. 798. 776. 714. 473. 352. 100.  18.
287. 626. 833. 731. 706. 634. 461. 450. 168.  54.
