 388.  431.  453.  492.  553.  572. 1073.  847.  141.    0.
643. 610. 503. 492. 496. 548. 692. 899.  67.   0.
520. 549. 552. 541. 552. 525. 576. 923. 212.   0.
 499.  516.  632. 1095.  882.  523.  356.  278.  148.   21.
477. 617. 868. 739. 660. 482. 422. 286. 340.  59.
654. 649. 609. 619. 607. 636. 616. 541.  19.   0.
329. 578. 734. 704. 923. 754. 466. 287. 163.  12.
502. 950. 840. 768. 701. 718. 361. 110.   0.   0.
 424.  439.  716. 1093.  667.  564.  440.  262.  304.   41.
426. 484. 701. 973. 663. 551. 405. 308. 399.  40.
408. 391. 806. 937. 795. 534. 475. 288. 306.  10.
399. 452. 670. 834. 634. 550. 466. 437. 479.  29.
