527. 841. 857. 703. 558. 474. 434. 237. 219. 100.
 788. 1220.  467.    0.    0.  204.  425.  920.  527.  399.
 358.  384.  629. 1127.  859.  467.  819.  307.    0.    0.
 410.  386.  607.  885.  677.  604. 1046.  335.    0.    0.
 365.  379.  592. 1038.  830.  514.  909.  323.    0.    0.
 258.  721.  592.  720.  947. 1047.  554.  111.    0.    0.
772. 931. 719. 700. 402. 547. 361. 292. 168.  58.
282. 547. 793. 797. 868. 827. 662. 174.   0.   0.
291. 652. 700. 895. 719. 971. 567. 155.   0.   0.
510. 758. 971. 659. 630. 472. 381. 569.   0.   0.
453. 974. 789. 688. 623. 423. 416. 267. 204. 113.
506. 883. 744. 554. 502. 417. 432. 385. 365. 162.
435. 940. 773. 684. 559. 447. 416. 337. 210. 149.
827. 946. 669. 545. 549. 457. 468. 289. 130.  70.
898. 958. 615. 404. 441. 594. 484. 369. 134.  53.
923. 793. 707. 695. 544. 458. 333. 253. 155.  89.
 433.  498.  477.  524.  590.  713. 1297.  418.    0.    0.
 441.  451.  471.  517.  552.  730. 1352.  436.    0.    0.
 429.  438.  506.  513.  555.  721. 1312.  476.    0.    0.
 441.  457.  465.  539.  573.  718. 1314.  443.    0.    0.
 451.  443.  466.  472.  613.  747. 1284.  474.    0.    0.
 443.  502.  439.  552.  556.  669. 1333.  456.    0.    0.
 455.  449.  474.  504.  564.  718. 1345.  441.    0.    0.
 442.  460.  457.  516.  580.  735. 1296.  464.    0.    0.
 459.  451.  441.  528.  563.  714. 1334.  460.    0.    0.
 436.  457.  482.  504.  603.  724. 1288.  456.    0.    0.
 465.  510. 1247.  837.  634.  485.  412.  222.   95.   43.
 452.  549. 1008.  670.  573.  467.  421.  493.  235.   82.
 406.  432.  517. 1025.  703.  548.  477.  359.  387.   96.
391. 555. 434. 450. 584. 900. 904. 537. 167.  28.
 397.  419.  530.  587.  568. 1149.  678.  440.  155.   27.
 446.  496. 1160.  793.  623.  530.  369.  237.  222.   74.
464. 565. 898. 698. 625. 492. 424. 340. 290. 154.
 431.  477.  501. 1018.  690.  569.  454.  396.  377.   37.
 357.  444.  527.  525.  600. 1018.  768.  470.  215.   26.
360. 467. 553. 551. 581. 987. 880. 419. 145.   7.
