463. 627. 912. 753. 566. 470. 427. 430. 247.  55.
 487.  471.  737. 1005.  624.  499.  371.  324.  292.  140.
464. 926. 918. 709. 654. 455. 357. 246. 165.  56.
491. 938. 867. 589. 549. 518. 424. 366. 187.  21.
 500.  611. 1029.  772.  577.  508.  406.  318.  181.   48.
471. 595. 981. 701. 619. 483. 379. 321. 315.  85.
 513.  498. 1061.  808.  542.  475.  446.  318.  222.   67.
 506.  952. 1022.  817.  610.  440.  281.  206.   96.   20.
 476.  649. 1134.  801.  617.  485.  379.  255.  130.   24.
 469.  663. 1044.  717.  632.  459.  420.  330.  182.   34.
476. 587. 910. 783. 715. 471. 409. 231. 255. 113.
 530. 1066.  778.  652.  598.  429.  348.  267.  212.   70.
 519. 1102.  830.  683.  500.  498.  405.  199.  149.   65.
530. 984. 790. 663. 538. 457. 374. 303. 217.  94.
566. 991. 821. 659. 512. 482. 366. 219. 250.  84.
 514. 1251.  895.  692.  539.  450.  300.  189.   91.   29.
492. 910. 913. 665. 567. 501. 396. 309. 158.  39.
 484.  570. 1203.  812.  629.  467.  364.  232.  152.   37.
 507.  567. 1196.  809.  596.  505.  301.  326.  143.    0.
 515.  731. 1206.  790.  621.  452.  353.  155.  113.   14.
 453.  560. 1035.  786.  598.  511.  415.  319.  230.   43.
469. 599. 709. 891. 645. 509. 446. 306. 268. 108.
498. 928. 820. 711. 645. 530. 344. 248. 173.  53.
468. 890. 997. 685. 601. 457. 411. 239. 156.  46.
 494.  598. 1103.  779.  605.  488.  370.  299.  148.   66.
 476.  651. 1014.  658.  532.  470.  474.  395.  250.   30.
 449.  535. 1058.  736.  546.  508.  446.  329.  281.   62.
474. 826. 845. 693. 570. 506. 405. 319. 244.  68.
 517.  636. 1039.  686.  610.  472.  429.  294.  238.   29.
 518.  625. 1084.  751.  548.  513.  328.  295.  195.   93.
 459.  623. 1014.  829.  721.  462.  332.  209.  239.   62.
 500. 1115.  818.  661.  554.  464.  375.  234.  168.   61.
 509. 1086.  796.  743.  556.  461.  344.  240.  148.   67.
 569. 1019.  692.  497.  503.  517.  490.  365.  224.   74.
 522. 1148.  783.  616.  533.  482.  407.  284.  136.   39.
 546. 1051.  710.  543.  553.  433.  422.  373.  229.   90.
491. 906. 959. 784. 603. 477. 307. 229. 157.  37.
 471.  603. 1104.  746.  615.  490.  344.  332.  222.   23.
 476.  674. 1027.  627.  529.  516.  482.  415.  192.   12.
 502.  659. 1062.  649.  579.  422.  465.  383.  193.   36.
