439. 595. 801. 874. 701. 486. 405. 346. 233.  70.
 480.  530. 1038.  973.  691.  538.  348.  222.   97.   33.
 418.  470.  434.  501.  587.  762. 1045.  733.    0.    0.
 497.  568. 1187.  868.  693.  461.  329.  243.  101.    3.
 430.  447.  480.  533.  553.  739. 1315.  453.    0.    0.
 453.  456.  481.  539.  561.  724. 1287.  449.    0.    0.
453. 513. 801. 635. 597. 890. 437. 587.  37.   0.
630. 788. 723. 486. 458. 463. 564. 541. 283.  14.
369. 355. 431. 495. 517. 524. 849. 815. 456. 139.
 368.  423.  401.  435.  486.  446. 1061.  802.  460.   68.
370. 396. 402. 441. 462. 583. 944. 680. 494. 178.
444. 467. 484. 507. 645. 865. 961. 577.   0.   0.
445. 481. 510. 573. 940. 761. 465. 437. 338.   0.
 520. 1016.  942.  666.  575.  417.  397.  225.  156.   36.
445. 449. 502. 531. 641. 828. 961. 585.   8.   0.
871. 810. 712. 696. 585. 462. 323. 211. 197.  83.
 436.  468.  465.  518.  598.  768. 1240.  457.    0.    0.
 435.  437.  499.  533.  581.  772. 1254.  439.    0.    0.
 425.  471.  487.  520.  598.  758. 1150.  541.    0.    0.
 469.  483.  498.  536.  567.  735. 1112.  550.    0.    0.
 436.  475.  463.  513.  580.  750. 1156.  577.    0.    0.
 462.  499.  492.  528.  545.  669. 1083.  672.    0.    0.
441. 451. 498. 505. 639. 944. 972. 500.   0.   0.
 446.  465.  520.  537. 1204.  728.  441.  448.  161.    0.
396. 439. 478. 657. 974. 559. 463. 420. 494.  70.
398. 523. 713. 683. 730. 795. 510. 425. 169.   4.
