 505.  572. 1008.  606.  586.  513.  454.  389.  268.   49.
545. 699. 978. 985. 661. 572. 417.  90.   3.   0.
519. 576. 655. 724. 855. 769. 611. 215.  26.   0.
8.44e+02 1.08e+03 8.34e+02 7.20e+02 5.52e+02 4.09e+02 2.99e+02 1.53e+02
 5.80e+01 1.00e+00
489. 540. 910. 914. 716. 431. 386. 250. 232.  82.
 506.  562.  879. 1061.  706.  508.  338.  252.  138.    0.
548. 758. 855. 742. 580. 507. 429. 298. 202.  31.
404. 512. 542. 788. 959. 620. 488. 401. 236.   0.
 441.  482.  474.  529.  571.  738. 1368.  347.    0.    0.
910. 870. 732. 680. 564. 421. 333. 272. 127.  41.
376. 457. 517. 481. 700. 880. 578. 642. 245.  74.
 469.  472.  457.  538.  586.  635. 1192.  601.    0.    0.
 435. 1099.  875.  775.  609.  444.  302.  230.  133.   48.
 479.  448.  480.  537.  585.  696. 1266.  459.    0.    0.
 459.  474.  460.  516.  620.  753. 1113.  555.    0.    0.
 440.  452.  473.  493.  627.  822. 1292.  351.    0.    0.
 440.  456.  520.  532.  567.  740. 1022.  673.    0.    0.
 458.  506.  548.  682.  783. 1079.  802.   92.    0.    0.
514. 774. 965. 717. 644. 523. 446. 278.  80.   9.
 788. 1034.  904.  725.  550.  418.  289.  144.   79.   19.
541. 734. 914. 698. 488. 470. 402. 421. 178. 104.
608. 978. 760. 723. 513. 458. 406. 292. 190.  22.
421. 467. 531. 594. 702. 845. 977. 413.   0.   0.
 424.  477.  455.  547.  620. 1038.  823.  540.   26.    0.
447. 457. 513. 545. 621. 866. 874. 604.  23.   0.
 477.  546.  756. 1040.  630.  556.  428.  299.  185.   33.
995. 937. 676. 651. 574. 477. 306. 213. 104.  17.
898. 814. 680. 695. 552. 403. 402. 332. 148.  26.
663. 818. 805. 831. 631. 392. 379. 313. 118.   0.
752. 785. 784. 562. 525. 526. 387. 354. 275.   0.
909. 810. 704. 630. 627. 463. 325. 302. 150.  30.
707. 773. 694. 538. 495. 506. 409. 383. 322. 123.
 576. 1059.  863.  650.  530.  516.  352.  248.  149.    7.
634. 919. 700. 639. 579. 497. 356. 291. 224. 111.
691. 899. 734. 623. 577. 453. 408. 329. 195.  41.
657. 986. 791. 670. 551. 499. 358. 250. 151.  37.
917. 806. 751. 610. 554. 454. 387. 244. 177.  50.
955. 802. 623. 628. 528. 456. 365. 302. 202.  89.
938. 845. 823. 678. 529. 453. 323. 185. 142.  34.
954. 907. 764. 621. 547. 436. 339. 227. 116.  39.
923. 848. 734. 635. 558. 451. 347. 251. 169.  34.
1024.  936.  788.  660.  527.  403.  317.  186.   85.   24.
925. 881. 773. 641. 555. 487. 313. 213. 118.  44.
907. 825. 749. 689. 520. 479. 323. 250. 129.  79.
931. 768. 758. 626. 500. 512. 356. 252. 205.  42.
 447.  475.  499.  563. 1167.  718.  605.  289.  139.   48.
456. 470. 513. 568. 623. 719. 784. 610. 207.   0.
 470.  455.  449.  537.  720. 1324.  598.  284.  113.    0.
 429.  453.  475.  593.  690. 1058.  787.  341.  124.    0.
 449.  414.  527.  535.  722. 1186.  639.  381.   97.    0.
 440.  427.  500.  543.  596. 1143.  811.  485.    5.    0.
464. 439. 497. 539. 634. 840. 901. 613.  23.   0.
 468.  476.  469.  539.  637. 1027.  900.  428.    6.    0.
414. 497. 478. 520. 664. 947. 843. 585.   2.   0.
