579. 888. 908. 767. 646. 502. 348. 203. 103.   6.
 548.  689. 1032.  798.  658.  492.  352.  220.  142.   19.
549. 636. 971. 819. 668. 521. 320. 259. 176.  31.
406. 696. 934. 717. 595. 499. 375. 270. 221. 237.
422. 766. 878. 722. 540. 505. 380. 264. 294. 179.
 427.  479.  483.  535.  563.  701. 1302.  460.    0.    0.
 430.  455.  483.  517.  584.  723. 1306.  452.    0.    0.
 419.  449.  483.  507.  583.  752. 1308.  449.    0.    0.
 430.  463.  467.  530.  551.  756. 1316.  437.    0.    0.
703. 716. 662. 594. 558. 470. 464. 432. 283.  68.
377. 400. 493. 494. 554. 851. 829. 611. 320.  21.
729. 778. 680. 745. 609. 413. 345. 343. 244.  64.
437. 547. 572. 591. 995. 470. 454. 418. 453.  13.
 432.  478.  473.  519.  591.  727. 1343.  387.    0.    0.
567. 786. 700. 567. 630. 510. 499. 403. 260.  28.
 471.  463.  490.  515.  538.  685. 1312.  476.    0.    0.
 449.  467.  460.  466.  574.  751. 1353.  430.    0.    0.
 774. 1067.  679.  688.  771.  605.  278.   78.   10.    0.
747. 666. 678. 553. 574. 547. 508. 405. 212.  60.
593. 993. 808. 626. 605. 503. 437. 253. 118.  14.
604. 898. 770. 671. 628. 497. 414. 296. 160.  12.
401. 451. 431. 513. 934. 510. 438. 419. 397. 456.
386. 430. 477. 796. 774. 511. 492. 394. 281. 409.
489. 506. 500. 646. 645. 527. 536. 467. 377. 257.
406. 434. 460. 882. 754. 629. 394. 317. 298. 376.
428. 495. 518. 997. 597. 496. 358. 396. 295. 370.
348. 436. 336. 451. 436. 509. 965. 901. 419. 149.
387. 444. 432. 495. 886. 551. 463. 372. 401. 519.
407. 421. 506. 835. 939. 638. 395. 337. 223. 249.
377. 433. 463. 782. 843. 565. 478. 336. 333. 340.
405. 382. 413. 501. 960. 809. 474. 368. 411. 227.
 427. 1036.  745.  666.  515.  449.  447.  287.  211.  167.
 482. 1064.  791.  611.  528.  419.  343.  344.  184.  184.
 373.  387.  445.  473.  493. 1025.  599.  457.  545.  153.
 380.  388.  438.  483.  451. 1081.  627.  441.  531.  130.
442. 852. 996. 673. 582. 456. 352. 345. 118. 134.
417. 883. 846. 681. 517. 496. 421. 250. 249. 190.
417. 454. 557. 920. 870. 574. 453. 289. 265. 151.
641. 800. 721. 688. 624. 441. 323. 335. 275. 102.
484. 477. 529. 944. 817. 646. 430. 324. 248.  51.
837. 806. 686. 620. 484. 470. 407. 349. 251.  40.
 410.  451.  483. 1034.  616.  564.  524.  390.  230.  248.
 383.  479.  502. 1069.  675.  531.  441.  407.  257.  206.
 367.  431.  505. 1044.  688.  536.  417.  403.  316.  243.
 395.  426.  499. 1139.  663.  538.  455.  385.  172.  278.
 387.  423.  519. 1143.  668.  562.  408.  358.  217.  265.
 386.  451.  467. 1198.  778.  583.  389.  275.  198.  225.
 379.  484.  496. 1075.  567.  504.  468.  392.  314.  271.
412. 452. 506. 974. 627. 525. 380. 373. 290. 411.
 411.  960. 1071.  691.  611.  472.  319.  250.  100.   65.
415. 853. 994. 633. 593. 459. 422. 308. 182.  91.
427. 453. 565. 946. 837. 593. 507. 293. 249.  80.
725. 821. 667. 631. 534. 444. 389. 380. 288.  71.
 410.  472.  509. 1082.  726.  686.  429.  322.  244.   70.
894. 798. 635. 733. 624. 381. 350. 357. 171.   7.
411. 473. 480. 888. 517. 478. 404. 453. 414. 432.
414. 456. 501. 990. 607. 508. 408. 428. 371. 267.
 390.  423.  473. 1170.  704.  582.  456.  345.  218.  189.
416. 420. 518. 920. 540. 499. 379. 439. 375. 444.
421. 476. 523. 955. 535. 485. 413. 491. 350. 301.
 431.  453.  473. 1054.  657.  558.  437.  311.  218.  358.
 392.  449.  455. 1226.  702.  553.  423.  300.  205.  245.
 395.  428.  437. 1174.  716.  552.  461.  349.  233.  205.
 558. 1021.  809.  763.  588.  478.  273.  261.  199.    0.
 554. 1039.  960.  641.  626.  389.  392.  186.  153.   10.
571. 989. 786. 635. 544. 470. 425. 330. 195.   5.
 517. 1170.  911.  714.  605.  422.  301.  233.   77.    0.
 415.  459.  500.  508.  573.  726. 1314.  455.    0.    0.
 398.  410.  649. 1115.  737.  726.  831.   84.    0.    0.
650. 937. 743. 627. 566. 470. 429. 316. 193.  19.
 385.  488.  801. 1364.  726.  583.  530.   73.    0.    0.
677. 872. 750. 634. 542. 502. 415. 336. 182.  40.
 430.  449.  464.  533.  582.  741. 1331.  420.    0.    0.
556. 948. 898. 758. 665. 502. 303. 206. 106.   8.
557. 932. 724. 638. 582. 499. 447. 318. 206.  47.
477. 600. 719. 964. 922. 672. 587.   9.   0.   0.
 490.  551.  619. 1061.  975.  614.  602.   38.    0.    0.
 542.  578.  601.  662. 1258.  888.  407.   14.    0.    0.
 509.  586.  643.  690. 1278.  940.  301.    3.    0.    0.
 528. 1150.  936.  698.  627.  452.  278.  182.   95.    4.
 545. 1024.  827.  706.  597.  445.  335.  270.  156.   45.
 611. 1067.  854.  679.  557.  472.  399.  192.  101.   18.
 549. 1007.  786.  686.  613.  409.  354.  317.  222.    7.
 437.  455.  458.  527.  567.  722. 1328.  456.    0.    0.
 346.  510.  868. 1141.  706.  685.  605.   89.    0.    0.
666. 933. 789. 666. 612. 468. 421. 239. 126.  30.
 332.  488.  752. 1109.  732.  731.  705.  101.    0.    0.
692. 913. 639. 562. 501. 495. 495. 384. 239.  30.
 436.  471.  463.  538.  608.  697. 1350.  387.    0.    0.
594. 793. 808. 693. 619. 466. 444. 301. 204.  28.
607. 821. 637. 552. 525. 446. 469. 449. 340. 104.
 500.  554.  623.  905. 1023.  642.  626.   77.    0.    0.
517. 588. 570. 857. 813. 595. 907. 103.   0.   0.
 499.  528.  682.  618. 1135.  890.  571.   27.    0.    0.
 533.  476.  652.  638. 1009.  930.  691.   21.    0.    0.
