361. 419. 494. 455. 481. 558. 822. 834. 462.  64.
 437.  446.  496.  546.  648.  815. 1237.  325.    0.    0.
467. 501. 524. 553. 634. 986. 722. 466.  97.   0.
 481.  533.  646.  989. 1048.  567.  412.  216.   58.    0.
593. 923. 747. 652. 507. 492. 422. 314. 221.  79.
482. 554. 537. 920. 938. 570. 497. 402.  50.   0.
823. 868. 724. 736. 551. 454. 308. 265. 153.  68.
452. 460. 497. 604. 979. 716. 549. 479. 214.   0.
459. 478. 493. 592. 983. 687. 530. 502. 226.   0.
 427.  463.  498.  586. 1149.  750.  490.  475.  112.    0.
464. 629. 917. 572. 681. 873. 512. 302.   0.   0.
499. 842. 806. 687. 596. 466. 387. 274. 393.   0.
465. 913. 940. 663. 613. 454. 400. 268. 234.   0.
 462.  421.  536.  516.  603.  841. 1214.  357.    0.    0.
 444.  466.  518.  612.  695. 1275.  586.  328.   26.    0.
463. 548. 616. 927. 952. 570. 391. 351. 127.   5.
560. 886. 825. 646. 556. 456. 407. 269. 242. 103.
506. 518. 481. 882. 939. 449. 567. 535.  73.   0.
479. 570. 826. 626. 761. 884. 441. 363.   0.   0.
520. 752. 993. 585. 535. 486. 470. 263. 346.   0.
466. 880. 855. 716. 580. 478. 357. 323. 295.   0.
817. 848. 707. 600. 501. 468. 410. 313. 207.  79.
442. 449. 538. 574. 996. 681. 557. 541. 172.   0.
 461.  443.  497.  551. 1214.  765.  420.  468.  131.    0.
 442.  446.  511.  594. 1009.  713.  597.  531.  107.    0.
 468.  472.  440.  538.  680.  764. 1326.  262.    0.    0.
 440.  481.  526.  584.  719. 1192.  573.  384.   51.    0.
455. 506. 631. 922. 949. 583. 453. 293. 144.  14.
 535. 1012.  938.  673.  590.  461.  332.  263.  111.   35.
485. 526. 573. 881. 787. 671. 513. 448.  66.   0.
561. 663. 894. 540. 603. 804. 525. 360.   0.   0.
510. 863. 790. 742. 639. 499. 242. 355. 310.   0.
488. 860. 814. 748. 576. 502. 306. 357. 299.   0.
805. 842. 786. 662. 545. 422. 390. 243. 144. 111.
 433.  464.  510.  596. 1069.  715.  537.  501.  125.    0.
 437.  460.  503.  588. 1100.  742.  491.  436.  193.    0.
 433.  444.  547.  581. 1151.  767.  423.  462.  142.    0.
 461.  493.  485.  564.  696.  781. 1270.  200.    0.    0.
 463.  466.  516.  575.  662. 1071.  703.  392.  102.    0.
468. 499. 680. 792. 875. 548. 496. 331. 213.  48.
 530. 1055.  903.  716.  596.  443.  333.  214.  132.   28.
482. 571. 636. 851. 752. 626. 527. 472.  33.   0.
498. 683. 871. 619. 773. 913. 406. 187.   0.   0.
500. 892. 854. 671. 571. 461. 412. 354. 235.   0.
510. 929. 803. 740. 706. 343. 306. 372. 241.   0.
871. 849. 713. 593. 502. 472. 417. 303. 187.  43.
465. 468. 509. 563. 952. 629. 631. 513. 220.   0.
 441.  481.  513.  577. 1023.  730.  511.  411.  263.    0.
450. 496. 526. 572. 948. 643. 656. 526. 133.   0.
 533.  498.  454.  543.  558.  700. 1447.  217.    0.    0.
 436.  479.  512.  546.  784. 1233.  572.  301.   87.    0.
455. 504. 617. 942. 810. 588. 469. 345. 174.  46.
610. 901. 769. 592. 500. 475. 431. 355. 199. 118.
466. 542. 608. 976. 819. 615. 499. 389.  36.   0.
479. 642. 935. 573. 704. 904. 525. 188.   0.   0.
502. 853. 753. 748. 490. 529. 317. 399. 359.   0.
 494.  865. 1031.  699.  604.  445.  360.  257.  195.    0.
868. 841. 677. 575. 535. 488. 390. 313. 208.  55.
 450.  470.  495.  619. 1047.  707.  662.  381.  119.    0.
 440.  441.  528.  598. 1181.  758.  478.  351.  175.    0.
 435.  480.  489.  586. 1056.  742.  469.  505.  188.    0.
 446.  470.  501.  570.  613.  807. 1161.  382.    0.    0.
 425.  479.  551.  587.  701. 1147.  639.  360.   61.    0.
493. 572. 571. 783. 704. 539. 471. 452. 314.  51.
 533. 1027.  882.  705.  560.  502.  338.  223.  138.   42.
497. 551. 525. 865. 849. 430. 627. 555.  51.   0.
507. 577. 904. 713. 786. 935. 385. 143.   0.   0.
507. 895. 846. 603. 498. 512. 432. 381. 276.   0.
465. 887. 962. 761. 606. 445. 360. 294. 170.   0.
964. 919. 759. 807. 554. 411. 245. 174.  86.  31.
 456.  457.  507.  596. 1230.  804.  481.  357.   62.    0.
462. 437. 538. 569. 909. 614. 665. 526. 230.   0.
 485.  445.  499.  625. 1189.  736.  426.  387.  158.    0.
 429.  488.  518.  534.  598.  774. 1274.  335.    0.    0.
 429.  504.  526.  547.  700. 1053.  767.  340.   84.    0.
444. 520. 641. 903. 955. 578. 467. 291. 127.  24.
555. 974. 893. 762. 599. 500. 266. 170. 174.  57.
512. 516. 627. 744. 748. 703. 537. 504.  59.   0.
508. 702. 843. 594. 636. 806. 620. 241.   0.   0.
482. 889. 878. 635. 522. 513. 422. 340. 269.   0.
482. 893. 920. 754. 608. 476. 323. 313. 181.   0.
866. 866. 772. 695. 590. 403. 308. 238. 161.  51.
 483.  416.  523.  561. 1155.  749.  525.  431.  107.    0.
466. 489. 530. 618. 984. 663. 511. 564. 125.   0.
 444.  464.  500.  582. 1135.  736.  475.  450.  164.    0.
 442.  478.  529.  520.  678.  742. 1200.  361.    0.    0.
 429.  488.  501.  577.  693. 1189.  614.  360.   99.    0.
461. 562. 569. 821. 990. 610. 415. 318. 174.  30.
592. 941. 724. 748. 656. 419. 289. 301. 212.  68.
447. 574. 483. 955. 881. 508. 548. 440. 114.   0.
478. 680. 971. 604. 791. 804. 442. 180.   0.   0.
511. 925. 746. 562. 385. 531. 463. 436. 391.   0.
 505.  896. 1015.  770.  671.  411.  302.  244.  136.    0.
882. 972. 735. 614. 587. 483. 339. 228.  94.  16.
482. 463. 485. 617. 990. 563. 644. 506. 200.   0.
 455.  482.  472.  602. 1132.  792.  413.  404.  198.    0.
 458.  481.  490.  598. 1029.  684.  454.  490.  266.    0.
 452.  477.  492.  520.  610.  814. 1284.  301.    0.    0.
 461.  486.  521.  605.  743. 1032.  723.  345.   34.    0.
451. 501. 630. 898. 922. 587. 458. 246. 210.  47.
563. 955. 779. 685. 553. 466. 386. 307. 189.  67.
480. 544. 676. 932. 826. 679. 530. 281.   2.   0.
443. 638. 796. 536. 786. 836. 725. 190.   0.   0.
513. 926. 891. 779. 697. 440. 292. 267. 145.   0.
485. 875. 969. 705. 561. 488. 418. 264. 185.   0.
854. 881. 740. 661. 542. 477. 362. 232. 158.  43.
 435.  472.  500.  589. 1112.  779.  541.  381.  141.    0.
 451.  471.  519.  573. 1042.  648.  593.  526.  127.    0.
 433.  458.  506.  581. 1063.  706.  517.  523.  163.    0.
 414.  488.  520.  544.  639.  768. 1307.  270.    0.    0.
 428.  499.  502.  609.  677. 1160.  657.  305.  113.    0.
565. 500. 622. 925. 866. 669. 465. 226.  96.  16.
556. 966. 814. 743. 617. 414. 332. 289. 175.  44.
498. 601. 602. 924. 817. 611. 592. 278.  27.   0.
493. 619. 908. 586. 731. 929. 486. 198.   0.   0.
458. 920. 977. 730. 579. 510. 307. 295. 174.   0.
486. 840. 928. 648. 574. 490. 377. 340. 267.   0.
824. 800. 695. 652. 571. 444. 339. 281. 244. 100.
 440.  453.  519.  568. 1194.  776.  419.  437.  144.    0.
 470.  439.  511.  630. 1038.  759.  435.  484.  184.    0.
 455.  477.  505.  574. 1092.  776.  462.  463.  146.    0.
 446.  488.  474.  563.  671.  844. 1234.  230.    0.    0.
451. 480. 527. 596. 643. 895. 781. 446. 131.   0.
440. 608. 565. 759. 832. 596. 465. 375. 249.  61.
 625. 1024.  775.  758.  618.  385.  323.  278.  144.   20.
469. 547. 612. 841. 815. 667. 543. 405.  51.   0.
455. 596. 810. 552. 669. 883. 673. 312.   0.   0.
485. 887. 951. 700. 589. 460. 374. 285. 219.   0.
503. 921. 959. 711. 527. 498. 380. 260. 191.   0.
850. 928. 802. 678. 549. 448. 323. 217. 131.  24.
 442.  503.  512.  602. 1023.  698.  573.  491.  106.    0.
 450.  508.  516.  625. 1002.  670.  506.  516.  157.    0.
478. 517. 555. 583. 902. 657. 553. 468. 237.   0.
 420.  458.  512.  546.  658.  767. 1274.  315.    0.    0.
463. 469. 518. 645. 614. 814. 871. 425. 131.   0.
479. 535. 632. 831. 746. 608. 524. 380. 174.  41.
 539. 1066.  827.  633.  573.  468.  396.  284.  119.   45.
 487.  532.  540. 1041. 1016.  565.  389.  343.   37.    0.
 531.  570.  805.  556.  753. 1098.  491.  146.    0.    0.
506. 836. 864. 784. 636. 485. 279. 237. 323.   0.
500. 952. 802. 514. 482. 477. 521. 429. 273.   0.
880. 796. 688. 524. 545. 427. 458. 315. 250.  67.
 459.  493.  493.  587. 1091.  707.  555.  400.  165.    0.
 459.  480.  495.  571. 1002.  683.  583.  467.  210.    0.
 456.  437.  530.  554. 1262.  781.  457.  348.  125.    0.
 420.  490.  514.  551.  636.  843. 1298.  198.    0.    0.
 460.  479.  533.  518.  616. 1141.  665.  460.   78.    0.
491. 508. 624. 977. 952. 549. 426. 233. 160.  30.
544. 938. 842. 649. 554. 497. 393. 268. 164. 101.
499. 630. 645. 815. 631. 567. 631. 479.  53.   0.
465. 595. 773. 530. 670. 819. 815. 283.   0.   0.
497. 843. 905. 627. 510. 543. 445. 240. 340.   0.
550. 829. 903. 774. 641. 501. 259. 241. 252.   0.
847. 901. 768. 695. 630. 380. 294. 225. 163.  47.
 451.  452.  479.  615. 1246.  796.  478.  331.  102.    0.
 442.  482.  536.  574. 1166.  759.  502.  347.  142.    0.
 424.  465.  518.  570. 1073.  671.  562.  515.  152.    0.
