271. 651. 753. 976. 864. 693. 472. 235.  35.   0.
422. 728. 760. 703. 967. 777. 475. 118.   0.   0.
 340.  753.  995. 1004.  851.  642.  266.   81.   18.    0.
 498.  807. 1132.  994.  929.  456.  132.    2.    0.    0.
439. 848. 807. 747. 574. 432. 469. 453. 181.   0.
311. 506. 822. 816. 756. 773. 506. 320. 139.   1.
380. 797. 781. 830. 771. 588. 535. 266.   2.   0.
 493.  731.  859. 1123. 1074.  525.  125.   20.    0.    0.
340. 665. 859. 955. 867. 629. 440. 195.   0.   0.
 500.  782.  705.  815. 1035.  705.  327.   81.    0.    0.
 407.  541.  567.  595.  939. 1025.  514.  257.   97.    8.
 307.  716.  805. 1088.  975.  554.  316.  189.    0.    0.
 465.  861. 1143.  983.  827.  518.  146.    7.    0.    0.
596. 906. 856. 866. 605. 563. 451. 107.   0.   0.
417. 638. 815. 776. 991. 695. 437. 181.   0.   0.
324. 676. 678. 837. 828. 457. 497. 505. 148.   0.
493. 687. 601. 674. 902. 822. 532. 193.  46.   0.
542. 841. 972. 898. 761. 497. 383.  56.   0.   0.
 476.  807. 1007. 1120.  927.  455.  153.    5.    0.    0.
 443.  605.  964. 1056.  807.  677.  359.   39.    0.    0.
 434.  471.  459.  494.  579.  739. 1358.  416.    0.    0.
 447.  444.  472.  543.  573.  715. 1319.  437.    0.    0.
 435.  439.  493.  496.  601.  683. 1324.  479.    0.    0.
 443.  440.  534.  510.  601.  735. 1256.  431.    0.    0.
 436.  486.  488.  518.  554.  697. 1321.  450.    0.    0.
 419.  454.  474.  516.  583.  728. 1314.  462.    0.    0.
 470.  429.  455.  558.  579.  713. 1317.  429.    0.    0.
 478.  443.  473.  541.  593.  709. 1271.  442.    0.    0.
 452.  467.  476.  492.  590.  719. 1312.  442.    0.    0.
