548. 987. 819. 652. 561. 459. 401. 276. 161.  86.
816. 829. 617. 492. 444. 483. 442. 427. 245. 155.
403. 513. 981. 945. 544. 519. 421. 339. 147. 138.
466. 436. 892. 919. 447. 411. 545. 320. 283. 231.
 414.  535. 1026.  951.  561.  495.  403.  295.  149.  121.
 435.  467.  480.  495.  591.  695. 1331.  456.    0.    0.
457. 477. 508. 585. 995. 641. 566. 540. 148.  33.
 459.  469.  533.  543. 1117.  721.  537.  417.  125.   29.
443. 474. 535. 595. 850. 511. 512. 498. 372. 160.
782. 816. 697. 545. 474. 469. 454. 320. 236. 157.
 337.  435.  399.  427.  467.  538.  533. 1276.  435.  103.
 331.  420.  391.  510.  424.  487.  560. 1334.  387.  106.
409. 438. 503. 929. 711. 569. 471. 347. 237. 336.
 443.  521. 1015.  648.  589.  459.  354.  396.  288.  237.
 437.  468. 1188.  786.  578.  514.  406.  236.  193.  144.
 337.  403.  432.  459.  492.  485. 1061.  815.  372.   94.
 380.  366.  423.  484.  429.  563. 1045.  829.  358.   73.
 345.  378.  420.  435.  521.  485.  499. 1327.  408.  132.
 392.  389.  423.  357.  449.  509.  570. 1231.  504.  126.
 349.  392.  404.  486.  521.  510.  458. 1394.  329.  107.
 371.  381.  424.  417.  498.  462.  512. 1267.  445.  173.
 410.  398.  422.  470.  504.  559.  449. 1466.  240.   32.
 350.  382.  397.  481.  558.  501.  491. 1380.  305.  105.
 356.  382.  425.  442.  479.  456.  570. 1325.  376.  139.
 355.  401.  398.  467.  458.  459.  568. 1310.  408.  126.
 364.  420.  426.  497.  420.  586.  468. 1371.  332.   66.
 389.  352.  437.  383.  490.  513.  489. 1317.  434.  146.
 352.  403.  436.  411.  505.  524.  518. 1341.  390.   70.
 348.  371.  425.  479.  559.  471.  546. 1376.  296.   79.
460. 445. 533. 603. 885. 726. 518. 500. 280.   0.
 429.  434.  460.  550.  625. 1070.  689.  439.  254.    0.
475. 677. 741. 995. 857. 523. 293. 223. 166.   0.
4.950e+02 6.360e+02 6.940e+02 8.330e+02 9.390e+02 1.031e+03 2.870e+02
 3.400e+01 1.000e+00 0.000e+00
412. 442. 496. 600. 995. 748. 560. 472. 225.   0.
 499.  572.  666.  836.  876. 1123.  308.   66.    4.    0.
 458.  493.  470.  463.  566.  717. 1336.  447.    0.    0.
 411.  450.  500.  511.  580.  735. 1301.  462.    0.    0.
 461.  430.  457.  564.  585.  695. 1300.  458.    0.    0.
537. 960. 831. 698. 636. 443. 308. 289. 212.  36.
576. 900. 897. 787. 581. 502. 322. 247. 119.  19.
 473. 1017.  766.  605.  505.  463.  406.  337.  248.  130.
534. 954. 804. 702. 542. 467. 374. 244. 190. 139.
531. 993. 627. 628. 560. 408. 354. 389. 291. 169.
512. 643. 992. 705. 553. 514. 296. 322. 225. 188.
