 521. 1201. 1253. 1073.  503.  249.  106.   41.    3.    0.
309. 486. 697. 861. 884. 738. 633. 275.  67.   0.
452. 873. 740. 607. 445. 488. 392. 357. 439. 157.
432. 637. 805. 770. 752. 701. 458. 282. 110.   3.
264. 636. 676. 834. 827. 719. 609. 267. 100.  18.
 330.  636.  702.  747.  838. 1033.  505.  132.   27.    0.
441. 827. 790. 620. 578. 486. 350. 296. 283. 279.
271. 617. 598. 546. 687. 809. 748. 472. 159.  43.
346. 703. 795. 934. 850. 663. 381. 173.  74.  31.
480. 737. 769. 560. 638. 496. 336. 368. 235. 331.
272. 615. 786. 926. 855. 731. 562. 189.  14.   0.
374. 638. 838. 674. 723. 563. 493. 396. 227.  24.
 427.  529.  555.  520. 1147.  642.  487.  367.  267.    9.
 485.  609.  634. 1224.  863.  575.  421.  134.    5.    0.
881. 917. 682. 551. 545. 530. 379. 276. 147.  42.
818. 860. 763. 661. 547. 457. 342. 257. 156.  89.
434. 504. 523. 582. 943. 575. 441. 503. 316. 129.
 452.  437.  489.  510.  603.  729. 1424.  306.    0.    0.
 368.  405.  348.  466.  574. 1057.  577.  401.  555.  199.
442. 447. 800. 944. 562. 442. 469. 339. 265. 240.
 421. 1066.  776.  690.  614.  457.  356.  252.  175.  143.
756. 760. 618. 548. 565. 420. 362. 341. 331. 249.
 486.  528.  595.  647.  617. 1595.  439.   43.    0.    0.
 512.  565.  629.  668.  685. 1573.  313.    5.    0.    0.
