 369.  923. 1145. 1176.  755.  420.  155.    7.    0.    0.
 366.  888. 1262. 1076.  808.  411.  137.    2.    0.    0.
 546.  419.  408.  567.  640.  932. 1390.   48.    0.    0.
910. 907. 760. 670. 641. 487. 332. 149.  80.  14.
434. 464. 550. 805. 860. 789. 298. 400. 349.   1.
386. 782. 839. 989. 801. 554. 404. 181.  14.   0.
 613. 1221. 1175.  753.  461.  260.  210.  204.   48.    5.
619. 891. 805. 827. 668. 369. 311. 339. 121.   0.
677. 881. 882. 809. 626. 434. 340. 263.  38.   0.
619. 815. 777. 768. 668. 420. 356. 302. 225.   0.
569. 785. 755. 793. 728. 452. 322. 334. 212.   0.
545. 880. 872. 842. 713. 429. 267. 301. 101.   0.
539. 882. 809. 871. 992. 455. 260. 122.  20.   0.
 528. 1040.  936.  863.  681.  375.  280.  165.   82.    0.
675. 912. 815. 793. 624. 431. 390. 251.  59.   0.
505. 853. 740. 803. 766. 455. 329. 356. 143.   0.
469. 658. 840. 702. 654. 586. 561. 420.  60.   0.
454. 753. 713. 713. 712. 782. 634. 189.   0.   0.
422. 763. 743. 767. 702. 775. 603. 175.   0.   0.
468. 529. 972. 975. 658. 573. 317. 215. 243.   0.
575. 637. 730. 771. 545. 551. 621. 520.   0.   0.
469. 665. 824. 949. 616. 529. 396. 260. 179.  63.
