 414.  455.  487.  508.  627.  799. 1129.  531.    0.    0.
 449.  446.  464.  527.  626.  792. 1180.  466.    0.    0.
 429.  468.  474.  529.  594.  772. 1202.  482.    0.    0.
 432.  500.  496.  531.  610.  749. 1064.  568.    0.    0.
 418.  448.  496.  527.  596.  811. 1233.  421.    0.    0.
 453.  439.  495.  544.  546.  746. 1034.  693.    0.    0.
 454.  484.  480.  491.  590.  828. 1323.  300.    0.    0.
 484.  389.  476.  564.  565.  827. 1241.  404.    0.    0.
 433.  451.  493.  505.  614.  795. 1223.  436.    0.    0.
 447.  475.  475.  519.  585.  734. 1043.  672.    0.    0.
 480.  400.  494.  561.  573.  750. 1107.  585.    0.    0.
 480.  486.  480.  511.  559.  718. 1132.  584.    0.    0.
 478.  488.  491.  518.  600.  851. 1231.  293.    0.    0.
 460.  480.  498.  542.  630.  750. 1206.  384.    0.    0.
319. 655. 889. 919. 833. 761. 444. 130.   0.   0.
 314.  628.  905. 1037.  811.  608.  506.  141.    0.    0.
 430.  455.  497.  526.  588.  750. 1092.  612.    0.    0.
 450.  461.  461.  508.  593.  806. 1165.  506.    0.    0.
