954. 830. 727. 564. 495. 457. 430. 263. 173.  57.
1046. 1045.  812.  730.  529.  355.  224.  111.   68.   30.
974. 920. 831. 695. 556. 445. 244. 173.  96.  16.
930. 864. 766. 661. 579. 426. 339. 211. 142.  32.
934. 817. 703. 567. 531. 473. 394. 317. 180.  34.
928. 829. 745. 707. 578. 383. 325. 268. 144.  43.
915. 819. 728. 676. 573. 419. 337. 274. 143.  66.
933. 845. 731. 585. 533. 423. 343. 284. 182.  91.
959. 811. 717. 638. 563. 468. 342. 242. 147.  63.
944. 852. 679. 616. 507. 454. 380. 292. 175.  51.
399. 574. 979. 885. 750. 574. 347. 259. 183.   0.
 419.  682. 1063.  905.  793.  422.  304.  181.  136.   45.
 471.  464.  561. 1004.  837.  746.  759.  108.    0.    0.
498. 465. 564. 662. 691. 953. 650. 378.  89.   0.
938. 890. 777. 674. 533. 453. 342. 200. 119.  24.
939. 828. 717. 589. 544. 443. 373. 293. 184.  40.
922. 807. 763. 641. 539. 449. 329. 259. 182.  59.
941. 824. 753. 598. 519. 395. 367. 261. 176. 116.
940. 859. 691. 559. 498. 496. 404. 296. 162.  45.
896. 852. 730. 635. 571. 427. 382. 245. 139.  73.
912. 839. 724. 660. 558. 413. 383. 253. 151.  57.
1000.  926.  816.  711.  600.  350.  267.  160.   81.   39.
 370.  687.  955. 1139.  806.  467.  269.  186.   71.    0.
359. 407. 440. 481. 481. 757. 743. 522. 694.  66.
 523.  533.  515.  412.  465.  369.  351.  295. 1282.  205.
532. 535. 549. 598. 557. 529. 408. 328. 804. 110.
