474. 489. 885. 978. 623. 523. 421. 265. 179. 113.
 506.  614.  814. 1054.  682.  497.  354.  219.  183.   27.
496. 640. 774. 905. 649. 557. 428. 299. 150.  52.
471. 578. 771. 954. 670. 539. 430. 269. 178.  90.
539. 585. 735. 840. 609. 546. 485. 304. 239.  68.
 499.  588.  760. 1227.  756.  459.  288.  197.  133.   43.
 568.  683.  633. 1063.  711.  513.  383.  277.  106.   13.
 494.  603.  738. 1080.  744.  517.  341.  282.  104.   47.
 438.  444.  442.  524.  587.  671. 1148.  696.    0.    0.
 470.  461.  458.  484.  533.  589.  811. 1144.    0.    0.
 457.  637.  855. 1017.  737.  521.  318.  239.  152.   17.
459. 677. 994. 846. 864. 591. 351. 134.  34.   0.
 437.  481.  481.  594. 1026.  969.  538.  305.  119.    0.
473. 483. 540. 596. 924. 867. 560. 323. 184.   0.
536. 580. 794. 716. 616. 530. 557. 377. 220.  24.
 465.  524.  661. 1184.  872.  553.  315.  259.  112.    5.
904. 808. 687. 624. 532. 432. 364. 303. 245.  51.
404. 407. 496. 920. 782. 525. 516. 426. 232. 242.
251. 606. 811. 985. 891. 609. 559. 227.  11.   0.
281. 619. 737. 815. 844. 886. 535. 233.   0.   0.
301. 651. 870. 777. 876. 605. 492. 232. 146.   0.
272. 682. 761. 830. 913. 782. 505. 148.  57.   0.
434. 691. 831. 634. 494. 447. 402. 398. 243. 376.
247. 705. 838. 964. 918. 588. 429. 261.   0.   0.
402. 436. 669. 669. 986. 550. 367. 380. 337. 154.
 263.  656.  916. 1000.  884.  621.  457.  148.    5.    0.
298. 604. 783. 858. 878. 858. 522. 149.   0.   0.
281. 638. 798. 818. 962. 685. 428. 219. 121.   0.
312. 581. 858. 853. 897. 650. 408. 217. 174.   0.
412. 719. 961. 648. 533. 501. 389. 378. 201. 208.
279. 698. 938. 967. 913. 590. 420. 145.   0.   0.
245. 650. 745. 983. 847. 653. 548. 279.   0.   0.
298. 573. 780. 791. 855. 956. 446. 251.   0.   0.
248. 565. 657. 923. 807. 623. 591. 261. 261.  14.
 264.  673.  920. 1028.  880.  673.  320.  192.    0.    0.
376. 667. 926. 987. 595. 505. 326. 314. 164.  90.
294. 552. 856. 888. 789. 792. 433. 183. 144.  19.
419. 807. 848. 641. 589. 492. 345. 328. 256. 225.
263. 473. 879. 767. 956. 634. 551. 305. 106.  16.
242. 672. 767. 818. 731. 777. 498. 322. 123.   0.
253. 569. 676. 911. 749. 752. 481. 298. 216.  45.
412. 716. 974. 721. 568. 480. 432. 250. 228. 169.
253. 555. 883. 915. 926. 729. 377. 312.   0.   0.
292. 540. 984. 928. 947. 661. 410. 188.   0.   0.
488. 758. 829. 580. 537. 466. 349. 329. 247. 367.
492. 496. 470. 569. 879. 907. 713. 322. 102.   0.
 445.  454.  529.  523.  591.  805. 1034.  569.    0.    0.
 459.  498.  508.  580.  801. 1011.  598.  369.  126.    0.
 446.  455.  455.  524.  603.  789. 1073.  605.    0.    0.
 494. 1123.  897.  785.  634.  545.  349.  123.    0.    0.
 456.  441.  469.  580.  618.  747. 1298.  341.    0.    0.
545. 811. 783. 851. 719. 543. 378. 297.  23.   0.
 441.  445.  484.  524.  643.  797. 1206.  410.    0.    0.
