 525.  672.  852. 1200.  889.  365.  241.  143.   63.    0.
 529.  671.  704.  786. 1009.  759.  330.  138.   24.    0.
 606. 1089.  897.  718.  552.  438.  350.  178.  103.   19.
 681.  864. 1388. 1149.  477.  287.   96.    8.    0.    0.
 367.  439.  931.  841. 1018.  592.  304.  302.  156.    0.
378. 418. 905. 630. 626. 656. 561. 442. 283.  51.
337. 449. 679. 824. 755. 513. 571. 285. 364. 173.
322. 361. 875. 856. 696. 737. 418. 390. 243.  52.
409. 457. 981. 790. 535. 456. 473. 379. 219. 251.
365. 441. 724. 966. 774. 662. 333. 255. 299. 131.
349. 476. 795. 954. 786. 647. 391. 300. 182.  70.
475. 599. 987. 669. 552. 493. 472. 313. 275. 115.
396. 520. 696. 942. 672. 633. 435. 410. 246.   0.
426. 521. 757. 943. 606. 535. 497. 483. 182.   0.
