416. 405. 466. 437. 502. 533. 931. 955. 305.   0.
616. 637. 552. 477. 493. 572. 749. 756.  98.   0.
 474.  483.  468.  450.  439.  464.  501. 1319.  333.   19.
 485.  471.  614. 1157.  862.  632.  390.  265.   74.    0.
630. 591. 577. 536. 575. 622. 683. 684.  52.   0.
276. 615. 673. 805. 895. 754. 504. 300. 106.  22.
451. 905. 795. 748. 762. 770. 420.  99.   0.   0.
474. 515. 882. 885. 663. 480. 416. 315. 235.  85.
415. 429. 720. 898. 696. 541. 538. 343. 337.  33.
435. 485. 653. 889. 719. 457. 456. 415. 422.  19.
 409.  419.  750. 1057.  751.  504.  486.  274.  272.   28.
414. 454. 748. 871. 673. 502. 466. 394. 408.  20.
