317. 681. 852. 972. 984. 851. 247.  46.   0.   0.
339. 707. 916. 895. 880. 629. 528.  56.   0.   0.
 447.  498.  467.  522.  550.  701. 1314.  451.    0.    0.
 517.  536.  640.  732. 1280.  440.  341.  320.  144.    0.
 454.  557.  577.  694. 1044.  661.  793.  170.    0.    0.
 566.  558.  878. 1198.  653.  513.  315.  263.    6.    0.
456. 524. 583. 933. 955. 615. 333. 331. 220.   0.
 488.  499.  520.  700. 1143.  594.  772.  234.    0.    0.
 464.  485.  612. 1111.  859.  622.  397.  247.  153.    0.
 491. 1121.  802.  738.  572.  463.  314.  280.  152.   17.
 490.  476.  597. 1033.  850.  655.  421.  310.  118.    0.
460. 493. 666. 921. 766. 619. 494. 361. 170.   0.
 489.  497.  532.  622. 1155.  885.  593.  177.    0.    0.
 465.  514.  586. 1148.  888.  686.  310.  190.  163.    0.
 555. 1046.  833.  618.  508.  424.  429.  250.  268.   19.
 428.  511.  614. 1020.  880.  575.  431.  330.  161.    0.
452. 910. 717. 563. 480. 452. 400. 371. 311. 294.
407. 381. 441. 789. 868. 528. 549. 380. 263. 344.
 462.  483.  604. 1065.  760.  650.  415.  244.  267.    0.
 483.  514.  591.  651. 1220.  863.  578.   50.    0.    0.
 457.  490.  590. 1157.  833.  628.  420.  242.  133.    0.
 505. 1056.  923.  699.  574.  449.  346.  189.  199.   10.
457. 498. 585. 863. 837. 630. 397. 391. 292.   0.
487. 494. 607. 908. 782. 606. 471. 313. 282.   0.
 515.  512.  599.  716. 1014.  613.  797.  184.    0.    0.
 440.  515.  627. 1071.  768.  627.  441.  308.  153.    0.
 510. 1059.  859.  667.  572.  472.  332.  277.  186.   16.
 476.  496.  578. 1160.  796.  674.  369.  258.  143.    0.
473. 891. 759. 598. 454. 453. 465. 342. 328. 187.
390. 404. 461. 831. 828. 586. 529. 336. 270. 315.
