 459.  911. 1111.  856.  620.  431.  395.  167.    0.    0.
 311.  780. 1003. 1053.  901.  619.  241.   42.    0.    0.
 461.  862.  925. 1105.  896.  474.  215.   12.    0.    0.
363. 712. 918. 966. 827. 659. 377. 124.   4.   0.
 461.  914.  964. 1111.  833.  491.  160.   16.    0.    0.
275. 631. 808. 821. 940. 703. 544. 228.   0.   0.
481. 758. 845. 835. 489. 598. 380. 287. 211.  66.
271. 723. 874. 884. 830. 714. 417. 216.  21.   0.
499. 584. 869. 894. 609. 636. 482. 377.   0.   0.
529. 994. 858. 679. 499. 499. 369. 246. 196.  81.
 554. 1042.  834.  717.  568.  468.  330.  229.  162.   46.
 510.  551.  657.  684. 1199.  710.  619.   20.    0.    0.
636. 854. 942. 847. 632. 473. 273. 187.  91.  15.
