 382.  896. 1061.  953.  605.  468.  261.  213.   85.   26.
 461. 1048. 1193.  943.  557.  359.  235.  104.   43.    7.
 452. 1009.  890.  789.  536.  482.  402.  219.  132.   39.
373. 880. 907. 744. 529. 493. 455. 319. 165.  85.
427. 979. 918. 748. 571. 474. 384. 253. 134.  62.
 409.  936. 1035.  889.  638.  490.  276.  159.   87.   31.
 516. 1001.  956.  695.  587.  473.  368.  241.   95.   18.
446. 882. 996. 789. 542. 472. 359. 270. 139.  55.
429. 961. 973. 776. 612. 501. 347. 211.  94.  46.
367. 943. 934. 740. 594. 548. 431. 271.  97.  25.
535. 647. 981. 859. 645. 485. 445. 269.  84.   0.
512. 576. 551. 556. 813. 721. 519. 370. 265.  67.
 429.  591. 1001.  837.  655.  519.  431.  311.  151.   25.
 538. 1000.  827.  526.  536.  515.  512.  288.  149.   59.
485. 978. 806. 607. 499. 510. 429. 349. 229.  58.
479. 957. 878. 655. 577. 496. 365. 287. 183.  73.
484. 977. 885. 752. 573. 455. 327. 252. 177.  68.
818. 818. 746. 666. 572. 453. 330. 273. 212.  62.
361. 788. 830. 879. 878. 571. 355. 186.  76.  26.
836. 875. 757. 658. 533. 451. 357. 243. 166.  74.
894. 843. 654. 538. 521. 473. 420. 366. 200.  41.
862. 887. 723. 583. 508. 502. 405. 285. 150.  45.
877. 982. 821. 706. 552. 425. 295. 171. 105.  16.
855. 920. 760. 632. 540. 477. 333. 254. 147.  32.
861. 986. 806. 668. 554. 451. 320. 199.  77.  28.
858. 874. 724. 638. 549. 478. 343. 279. 166.  41.
850. 804. 724. 535. 518. 432. 482. 303. 222.  80.
854. 838. 744. 710. 629. 422. 268. 239. 162.  84.
 513.  571. 1046.  937.  722.  421.  477.  211.   52.    0.
426. 524. 596. 790. 771. 778. 561. 293. 167.  44.
460. 564. 919. 811. 695. 455. 404. 390. 214.  38.
463. 933. 835. 618. 607. 461. 378. 331. 244.  80.
503. 864. 889. 744. 594. 432. 388. 205. 232.  99.
 474. 1037.  939.  742.  566.  488.  330.  230.  116.   28.
462. 934. 785. 625. 554. 464. 396. 318. 281. 131.
900. 790. 617. 567. 615. 380. 328. 350. 282. 121.
397. 822. 905. 922. 911. 477. 288. 163.  43.  22.
835. 781. 697. 648. 571. 471. 300. 283. 243. 121.
934. 923. 816. 653. 499. 482. 295. 219.  99.  30.
895. 902. 773. 685. 542. 397. 324. 246. 130.  56.
844. 786. 678. 556. 485. 431. 464. 318. 243. 145.
855. 854. 763. 681. 614. 435. 306. 198. 155.  89.
813. 838. 738. 655. 544. 461. 334. 299. 183.  85.
848. 814. 790. 611. 476. 518. 391. 255. 210.  37.
858. 863. 713. 632. 575. 475. 340. 273. 173.  48.
815. 866. 780. 660. 533. 448. 385. 235. 155.  73.
 408.  831. 1037.  870.  646.  435.  370.  227.   97.   29.
 547. 1010. 1112.  876.  665.  309.  261.   72.   88.   10.
494. 947. 854. 645. 476. 445. 481. 319. 218.  71.
391. 985. 902. 625. 523. 597. 462. 321. 114.  30.
442. 794. 870. 712. 532. 425. 511. 375. 219.  70.
 404.  997. 1058.  790.  644.  491.  332.  168.   55.   11.
 405. 1037. 1151.  832.  603.  439.  268.  159.   45.   11.
395. 951. 873. 727. 614. 433. 439. 302. 177.  39.
 441. 1061.  964.  782.  633.  504.  372.  150.   37.    6.
 395. 1020. 1114.  786.  606.  448.  329.  152.   73.   27.
