 434.  503.  530.  691. 1191.  668.  396.  424.  113.    0.
 536.  582.  580.  953. 1038.  653.  397.  151.   60.    0.
 419.  469.  502.  556.  669. 1086.  595.  513.  141.    0.
 500.  702. 1055.  808.  667.  436.  350.  248.  139.   45.
422. 465. 471. 413. 558. 682. 988. 714. 237.   0.
526. 756. 759. 701. 624. 630. 431. 368. 155.   0.
 443.  450.  561.  727.  730. 1007.  588.  239.  197.    8.
 547.  672. 1079.  764.  553.  538.  302.  333.  147.   15.
457. 453. 885. 883. 672. 639. 490. 313. 135.  23.
445. 519. 534. 622. 713. 993. 595. 384. 145.   0.
 457.  445.  517.  514.  618.  707. 1263.  429.    0.    0.
889. 810. 791. 631. 554. 451. 365. 220. 176.  63.
952. 814. 727. 691. 586. 400. 321. 270. 152.  37.
947. 844. 739. 692. 538. 435. 333. 256. 128.  38.
474. 462. 512. 670. 892. 600. 557. 523. 260.   0.
511. 397. 584. 667. 931. 703. 542. 455. 160.   0.
850. 789. 745. 650. 534. 433. 387. 286. 194.  82.
 463.  488.  582.  786. 1119.  572.  391.  338.  195.   16.
 470.  435.  753. 1133.  683.  592.  392.  292.  145.   55.
 466.  586. 1030.  897.  625.  514.  377.  274.  152.   29.
 427.  486.  542.  516.  697. 1073.  973.  236.    0.    0.
 515.  560.  966. 1041.  694.  492.  363.  223.   85.   11.
 433.  468.  484.  510.  603.  739. 1172.  541.    0.    0.
1000.  780.  601.  554.  494.  424.  411.  384.  239.   63.
824. 818. 674. 559. 495. 463. 438. 331. 232. 116.
807. 908. 771. 644. 542. 452. 359. 258. 149.  60.
666. 955. 657. 634. 485. 442. 488. 304. 187. 132.
 632. 1010.  780.  703.  554.  448.  340.  250.  176.   57.
786. 866. 772. 608. 573. 427. 389. 275. 152. 102.
669. 911. 722. 583. 544. 499. 345. 348. 169. 160.
 512. 1059.  672.  498.  441.  444.  354.  405.  365.  200.
448. 815. 854. 626. 649. 526. 329. 283. 209. 211.
 548. 1028.  703.  688.  590.  486.  309.  254.  249.   95.
753. 988. 799. 737. 571. 438. 298. 166. 155.  45.
735. 873. 697. 717. 621. 434. 308. 259. 183. 123.
694. 986. 735. 637. 546. 456. 372. 295. 170.  59.
734. 936. 734. 722. 607. 423. 297. 262. 186.  49.
735. 958. 795. 673. 551. 456. 302. 237. 177.  66.
739. 886. 668. 648. 576. 413. 367. 340. 231.  82.
738. 910. 795. 698. 516. 501. 337. 232. 186.  37.
 463. 1143.  758.  676.  589.  459.  328.  272.  192.   70.
441. 464. 535. 533. 573. 879. 711. 598. 216.   0.
 436.  498.  539.  646. 1097.  706.  467.  288.  223.   50.
389. 420. 423. 457. 534. 726. 774. 831. 366.  30.
449. 432. 530. 641. 730. 895. 743. 472.  58.   0.
720. 966. 757. 681. 614. 389. 299. 236. 179. 109.
748. 990. 823. 658. 525. 412. 336. 216. 147.  95.
 467.  485.  488.  589.  630. 1083.  836.  372.    0.    0.
 426.  559. 1033.  839.  620.  461.  443.  281.  209.   79.
 469.  600. 1056.  793.  595.  506.  415.  304.  133.   79.
 503. 1046.  784.  710.  609.  454.  311.  238.  216.   79.
 425.  479.  488.  506.  793. 1031.  635.  473.  120.    0.
 483.  436.  454.  543.  649.  733. 1249.  403.    0.    0.
 472.  450.  486.  495.  607.  745. 1209.  486.    0.    0.
 448.  468.  476.  530.  634.  750. 1240.  404.    0.    0.
943. 842. 659. 541. 529. 449. 447. 334. 187.  19.
899. 719. 684. 624. 524. 476. 335. 307. 276. 106.
 438.  442.  464.  533.  595.  772. 1278.  428.    0.    0.
478. 997. 675. 642. 589. 486. 364. 266. 249. 204.
 525. 1168.  843.  679.  583.  466.  321.  204.  136.   25.
 646. 1048.  776.  701.  570.  465.  308.  239.  181.   16.
 447.  481.  468.  485.  793. 1231.  594.  367.   84.    0.
 529.  485.  494.  495.  566.  736. 1006.  552.   87.    0.
 439.  479.  461.  548.  698. 1148.  681.  383.  113.    0.
