 465.  470.  472.  452.  527.  775. 1363.  426.    0.    0.
 448.  462.  505.  528.  575.  709. 1264.  459.    0.    0.
 417.  457.  475.  511.  592.  726. 1280.  492.    0.    0.
 461.  439.  487.  499.  548.  768. 1281.  467.    0.    0.
 414.  463.  456.  519.  598.  716. 1300.  484.    0.    0.
 444.  471.  486.  493.  581.  727. 1294.  454.    0.    0.
 478.  472.  477.  533.  620.  665. 1265.  440.    0.    0.
 469.  456.  458.  491.  573.  704. 1336.  463.    0.    0.
 470.  422.  433.  500.  641.  725. 1285.  474.    0.    0.
 454.  426.  475.  523.  592.  689. 1314.  477.    0.    0.
 421.  450.  474.  518.  599.  692. 1348.  448.    0.    0.
 427.  451.  479.  509.  612.  725. 1279.  468.    0.    0.
 467.  454.  473.  510.  594.  689. 1276.  487.    0.    0.
