593. 703. 907. 522. 511. 494. 545. 374. 245.  56.
435. 470. 489. 565. 648. 975. 771. 484. 113.   0.
 441.  460.  512.  538.  644. 1072.  670.  476.  137.    0.
 438.  479.  479.  563.  745. 1142.  530.  421.  153.    0.
909. 795. 659. 603. 527. 432. 362. 351. 224.  88.
458. 561. 635. 778. 781. 686. 461. 438. 152.   0.
446. 525. 659. 922. 949. 644. 501. 267.  37.   0.
 445.  443.  469.  623.  622. 1005.  614.  536.  193.    0.
454. 428. 463. 543. 722. 878. 639. 665. 158.   0.
 462.  890. 1019. 1061.  763.  462.  211.   69.   13.    0.
706. 984. 812. 696. 604. 477. 308. 193. 138.  32.
957. 787. 741. 693. 576. 418. 324. 275. 152.  27.
911. 838. 695. 613. 523. 462. 419. 267. 159.  63.
919. 883. 787. 710. 571. 448. 283. 182. 130.  37.
927. 780. 741. 577. 511. 491. 428. 293. 171.  31.
461. 650. 896. 772. 665. 598. 461. 383.  64.   0.
 568. 1240.  946.  779.  577.  368.  220.  165.   72.   15.
469. 490. 562. 683. 946. 861. 683. 245.  11.   0.
689. 896. 780. 740. 573. 444. 362. 320. 138.   8.
934. 846. 693. 576. 502. 505. 394. 310. 152.  38.
940. 833. 764. 632. 525. 472. 356. 254. 151.  23.
920. 843. 751. 662. 558. 442. 322. 261. 164.  27.
899. 791. 720. 586. 528. 462. 397. 305. 184.  78.
890. 879. 731. 644. 504. 499. 345. 237. 170.  51.
924. 790. 643. 617. 524. 437. 414. 329. 195.  77.
973. 770. 714. 574. 504. 468. 433. 262. 220.  32.
961. 893. 785. 674. 546. 434. 339. 232.  81.   5.
996. 856. 779. 699. 559. 403. 346. 226.  76.  10.
926. 867. 787. 703. 526. 461. 310. 193. 158.  19.
926. 756. 795. 665. 537. 468. 327. 224. 186.  66.
948. 819. 697. 580. 500. 481. 429. 271. 181.  44.
974. 902. 749. 597. 559. 456. 351. 230. 101.  31.
1049.  972.  850.  712.  563.  348.  220.  125.   79.   32.
879. 805. 701. 606. 556. 450. 375. 305. 194.  79.
976. 838. 632. 495. 547. 521. 448. 285. 149.  59.
1063.  710.  541.  515.  544.  434.  456.  393.  234.   60.
946. 904. 782. 703. 554. 410. 298. 192. 104.  57.
967. 836. 679. 574. 529. 503. 412. 278. 150.  22.
960. 867. 860. 708. 537. 419. 292. 189.  96.  22.
933. 791. 677. 594. 549. 411. 369. 326. 231.  69.
378. 474. 453. 572. 833. 722. 784. 540. 194.   0.
429. 547. 466. 439. 599. 910. 876. 554. 130.   0.
 450.  515.  507.  655.  827. 1064.  734.  185.   13.    0.
