 360.  406.  452.  436.  467.  584. 1064.  818.  323.   40.
 493.  718. 1028.  755.  581.  500.  410.  283.  151.   31.
 433.  452.  494.  548.  582.  732. 1237.  472.    0.    0.
894. 805. 684. 579. 545. 452. 397. 302. 214.  78.
981. 929. 799. 620. 554. 485. 314. 190.  71.   7.
980. 932. 854. 707. 545. 405. 281. 142.  79.  25.
367. 379. 423. 470. 778. 855. 522. 394. 526. 236.
 427.  441.  497.  504.  581.  717. 1330.  453.    0.    0.
 437.  474.  475.  522.  578.  733. 1264.  467.    0.    0.
 428.  467.  506.  539.  582.  700. 1270.  458.    0.    0.
 443.  454.  498.  550.  563.  734. 1271.  437.    0.    0.
 430.  455.  514.  493.  581.  700. 1323.  454.    0.    0.
 442.  446.  501.  514.  580.  728. 1321.  418.    0.    0.
 468.  476.  500.  508.  585.  723. 1286.  404.    0.    0.
 520.  470.  477.  491.  545.  692. 1281.  474.    0.    0.
 473.  476.  476.  473.  530.  700. 1368.  454.    0.    0.
 475.  423.  443.  518.  619.  716. 1270.  486.    0.    0.
 426.  457.  491.  520.  587.  738. 1287.  444.    0.    0.
 434.  443.  487.  516.  583.  733. 1292.  462.    0.    0.
 426.  463.  458.  523.  579.  723. 1343.  435.    0.    0.
 459.  440.  456.  482.  611.  803. 1207.  492.    0.    0.
 471.  463.  451.  456.  558.  722. 1414.  415.    0.    0.
 442.  428.  473.  524.  588.  727. 1316.  452.    0.    0.
 452.  437.  476.  519.  611.  701. 1312.  442.    0.    0.
 470.  418.  466.  502.  560.  731. 1377.  426.    0.    0.
 426.  448.  461.  538.  576.  742. 1293.  466.    0.    0.
 456.  461.  488.  510.  590.  726. 1269.  450.    0.    0.
 484.  452.  486.  495.  552.  720. 1290.  471.    0.    0.
 419.  470.  462.  500.  615.  727. 1283.  474.    0.    0.
 445.  458.  488.  528.  559.  738. 1313.  421.    0.    0.
 433.  432.  482.  507.  605.  717. 1303.  471.    0.    0.
 510.  462.  541.  543.  543.  746. 1204.  401.    0.    0.
 444.  458.  463.  512.  577.  692. 1355.  449.    0.    0.
 422.  436.  487.  531.  581.  723. 1311.  459.    0.    0.
 423.  463.  464.  524.  601.  711. 1299.  465.    0.    0.
 440.  472.  464.  503.  563.  742. 1334.  432.    0.    0.
 469.  425.  495.  507.  570.  711. 1306.  467.    0.    0.
 371.  402.  484.  492.  534.  610. 1053.  794.  210.    0.
 447.  466.  480.  492.  605.  735. 1104.  621.    0.    0.
 377.  439.  491.  488.  525.  607. 1027.  843.  153.    0.
 445.  474.  464.  526.  585.  731. 1244.  481.    0.    0.
 417.  428.  422.  491.  494.  661. 1051.  756.  230.    0.
 438.  437.  488.  520.  594.  740. 1253.  480.    0.    0.
 399.  437.  424.  500.  541.  604. 1084.  803.  158.    0.
 441.  467.  471.  517.  556.  753. 1254.  491.    0.    0.
 408.  405.  458.  474.  517.  559. 1063.  823.  243.    0.
 440.  470.  499.  544.  587.  720. 1187.  503.    0.    0.
 407.  407.  452.  449.  506.  592. 1158.  794.  185.    0.
 458.  464.  434.  509.  602.  767. 1278.  438.    0.    0.
 391.  409.  473.  427.  529.  636. 1055.  863.  167.    0.
 420.  441.  470.  566.  576.  743. 1286.  448.    0.    0.
 410.  431.  479.  483.  495.  587. 1050.  795.  220.    0.
 452.  453.  461.  512.  603.  774. 1233.  462.    0.    0.
 408.  473.  466.  438.  489.  599.  834. 1019.  224.    0.
 455.  449.  485.  521.  601.  711. 1220.  508.    0.    0.
 386.  416.  451.  503.  532.  622. 1059.  774.  207.    0.
 419.  443.  475.  533.  623.  744. 1260.  453.    0.    0.
 418.  449.  503.  497.  578.  729. 1313.  463.    0.    0.
 399.  481.  452.  521.  601.  721. 1328.  447.    0.    0.
 418.  469.  479.  505.  590.  709. 1308.  472.    0.    0.
 461.  410.  456.  536.  605.  728. 1299.  455.    0.    0.
 455.  465.  440.  506.  615.  721. 1270.  478.    0.    0.
 415.  466.  465.  562.  565.  709. 1316.  452.    0.    0.
 440.  447.  500.  525.  591.  725. 1289.  433.    0.    0.
 472.  450.  523.  499.  614.  693. 1274.  425.    0.    0.
 444.  434.  473.  518.  605.  705. 1315.  456.    0.    0.
 433.  463.  484.  510.  598.  724. 1298.  440.    0.    0.
 411.  468.  465.  481.  492.  537. 1116.  821.  159.    0.
 462.  423.  472.  543.  590.  722. 1193.  545.    0.    0.
 398.  457.  481.  470.  546.  622. 1005.  784.  187.    0.
 447.  439.  481.  548.  545.  809. 1220.  461.    0.    0.
 362.  436.  411.  503.  505.  610. 1033.  815.  275.    0.
 441.  452.  478.  530.  578.  740. 1158.  573.    0.    0.
413. 454. 406. 438. 501. 635. 924. 908. 271.   0.
 453.  453.  455.  493.  643.  795. 1184.  474.    0.    0.
