393. 433. 453. 403. 455. 430. 910. 526. 828. 119.
 478.  490.  481.  600. 1234.  738.  451.  293.  185.    0.
 481.  431.  565.  842. 1098.  663.  422.  335.  113.    0.
403. 601. 694. 792. 809. 902. 626. 123.   0.   0.
466. 617. 770. 764. 870. 810. 519. 133.   1.   0.
 449.  434.  489.  530.  563.  729. 1312.  444.    0.    0.
 440.  466.  494.  508.  532.  727. 1331.  452.    0.    0.
747. 900. 797. 644. 538. 486. 346. 284. 127.  81.
413. 728. 747. 841. 763. 642. 532. 176.  93.  15.
430. 841. 839. 804. 692. 634. 506. 148.  40.  16.
494. 969. 754. 744. 698. 497. 354. 248. 137.  55.
399. 771. 745. 767. 768. 671. 507. 182.  99.  41.
422. 802. 684. 716. 722. 756. 462. 260. 113.  13.
497. 929. 835. 859. 772. 420. 282. 234. 109.  13.
 433.  464.  506.  473.  606.  683. 1355.  430.    0.    0.
 434.  451.  508.  501.  584.  734. 1295.  443.    0.    0.
517. 729. 934. 584. 500. 475. 496. 330. 271. 114.
532. 712. 977. 761. 625. 488. 355. 200. 254.  46.
505. 736. 856. 794. 580. 548. 433. 312. 140.  46.
944. 840. 743. 631. 548. 475. 368. 234. 133.  34.
975. 855. 763. 691. 554. 428. 328. 194. 106.  56.
857. 841. 757. 739. 561. 462. 335. 200. 163.  35.
889. 840. 796. 698. 607. 400. 329. 182. 166.  43.
876. 784. 736. 585. 599. 419. 364. 314. 182.  91.
860. 837. 742. 678. 542. 443. 344. 251. 194.  59.
868. 782. 784. 636. 570. 429. 425. 211. 180.  65.
825. 786. 777. 737. 659. 488. 306. 212. 106.  54.
471. 508. 672. 806. 937. 630. 380. 359. 181.   6.
519. 641. 961. 934. 685. 439. 326. 208. 170.  67.
948. 842. 757. 600. 571. 446. 405. 220. 119.  42.
936. 779. 726. 623. 551. 487. 360. 240. 187.  61.
829. 826. 737. 649. 571. 456. 406. 282. 138.  56.
935. 721. 608. 559. 503. 423. 389. 367. 320. 125.
464. 502. 562. 877. 745. 688. 544. 314. 229.  25.
892. 740. 742. 621. 486. 478. 388. 300. 211.  92.
986. 710. 600. 618. 570. 367. 398. 386. 268.  47.
904. 892. 803. 703. 579. 440. 315. 199.  85.  30.
838. 836. 742. 798. 661. 513. 302. 148.  74.  38.
738. 785. 776. 633. 642. 478. 416. 261. 148.  73.
814. 804. 800. 718. 651. 461. 320. 221. 134.  27.
