 557.  619.  654. 1001.  678.  554.  353.  274.  235.   25.
 479.  590.  686. 1258.  776.  534.  375.  173.   68.   11.
414. 437. 476. 521. 585. 781. 899. 837.   0.   0.
420. 430. 461. 527. 592. 696. 878. 933.  13.   0.
 445.  502.  459.  544.  560.  715. 1277.  448.    0.    0.
 444.  471.  488.  521.  615.  709. 1263.  439.    0.    0.
 449.  428.  448.  531.  598.  758. 1296.  442.    0.    0.
 453.  459.  464.  526.  588.  728. 1266.  466.    0.    0.
453. 471. 526. 566. 670. 964. 668. 440. 192.   0.
622. 599. 588. 657. 531. 650. 454. 382. 365. 102.
659. 955. 757. 638. 579. 483. 364. 316. 177.  22.
529. 982. 816. 751. 596. 460. 365. 239. 188.  24.
764. 739. 687. 643. 555. 454. 376. 314. 306. 112.
637. 619. 549. 554. 462. 590. 652. 579. 308.   0.
 731. 1029.  827.  786.  658.  484.  249.  149.   37.    0.
581. 997. 726. 548. 543. 462. 418. 344. 209. 122.
871. 843. 682. 582. 520. 447. 407. 334. 217.  47.
892. 930. 834. 688. 536. 417. 300. 195. 112.  46.
673. 713. 703. 609. 624. 573. 540. 413. 102.   0.
828. 735. 680. 626. 612. 459. 448. 336. 194.  32.
689. 710. 607. 599. 531. 679. 550. 478. 107.   0.
846. 734. 691. 609. 629. 428. 387. 287. 268.  71.
858. 880. 800. 645. 597. 455. 373. 208. 111.  23.
544. 766. 694. 585. 629. 620. 560. 552.   0.   0.
 434.  476.  504.  546.  644.  795. 1283.  268.    0.    0.
 457.  452.  476.  566.  627.  739. 1295.  338.    0.    0.
476. 502. 455. 560. 778. 977. 940. 261.   1.   0.
504. 695. 939. 836. 608. 521. 405. 313. 113.  16.
 397. 1049. 1080.  911.  637.  426.  240.  151.   50.    9.
745. 936. 685. 675. 614. 449. 314. 283. 209.  40.
537. 720. 949. 805. 758. 655. 329. 166.  31.   0.
852. 718. 686. 753. 555. 468. 400. 312. 184.  22.
 479.  508.  522.  532.  695. 1030.  755.  388.   41.    0.
445. 515. 506. 572. 652. 730. 860. 647.  23.   0.
 469.  436.  512.  549.  655. 1181.  722.  416.   10.    0.
476. 496. 457. 505. 613. 897. 940. 552.  14.   0.
