480. 479. 897. 934. 699. 606. 454. 284. 117.   0.
 453.  452.  479.  484.  547.  767. 1342.  426.    0.    0.
907. 796. 693. 494. 505. 487. 441. 352. 211.  64.
590. 885. 934. 713. 574. 475. 333. 208. 179.  59.
 429.  432.  478.  525.  557.  749. 1080.  700.    0.    0.
733. 734. 728. 724. 545. 501. 469. 313. 197.   6.
710. 722. 681. 642. 604. 557. 468. 376. 190.   0.
839. 892. 747. 657. 568. 472. 360. 266. 122.  27.
881. 833. 761. 748. 509. 500. 292. 223. 153.  50.
819. 879. 779. 682. 605. 455. 321. 215. 148.  47.
878. 796. 726. 667. 594. 440. 336. 229. 211.  73.
623. 795. 631. 628. 556. 515. 462. 466. 272.   2.
771. 667. 631. 554. 500. 473. 535. 498. 309.  12.
535. 555. 507. 608. 633. 901. 923. 288.   0.   0.
 507.  619.  645.  646.  848. 1038.  561.   86.    0.    0.
379. 732. 835. 760. 640. 465. 489. 367. 232.  51.
397. 624. 612. 612. 866. 920. 552. 301.  66.   0.
598. 582. 579. 563. 590. 558. 562. 488. 430.   0.
927. 947. 809. 622. 569. 465. 336. 185.  68.  22.
574. 946. 977. 657. 635. 403. 360. 210. 143.  45.
 429.  418.  477.  529.  599.  714. 1022.  762.    0.    0.
751. 778. 678. 625. 609. 538. 484. 363. 124.   0.
708. 762. 639. 580. 564. 578. 547. 443. 129.   0.
854. 863. 798. 751. 533. 453. 341. 200. 115.  42.
937. 768. 677. 711. 533. 425. 396. 316. 147.  40.
822. 839. 710. 608. 493. 521. 407. 311. 184.  55.
894. 814. 758. 673. 588. 441. 327. 269. 167.  19.
570. 869. 681. 672. 629. 570. 460. 280. 216.   3.
718. 699. 596. 575. 582. 515. 436. 457. 360.  12.
457. 528. 640. 767. 883. 817. 670. 188.   0.   0.
508. 528. 688. 825. 964. 802. 544.  91.   0.   0.
369. 724. 979. 779. 637. 470. 488. 317. 156.  31.
450. 556. 545. 740. 953. 874. 553. 261.  18.   0.
672. 592. 548. 620. 598. 585. 532. 415. 388.   0.
893. 993. 796. 678. 555. 414. 315. 194.  95.  17.
679. 875. 872. 738. 588. 466. 310. 197. 215.  10.
 433.  444.  464.  545.  554.  747. 1035.  728.    0.    0.
695. 767. 676. 586. 549. 571. 546. 392. 164.   4.
710. 697. 666. 651. 599. 576. 490. 405. 156.   0.
799. 821. 732. 603. 535. 447. 394. 290. 220. 109.
956. 782. 670. 724. 679. 449. 236. 214. 193.  47.
827. 837. 737. 671. 563. 431. 366. 272. 176.  70.
866. 743. 696. 683. 528. 501. 350. 279. 234.  70.
546. 937. 747. 674. 589. 511. 391. 353. 201.   1.
738. 796. 727. 665. 641. 493. 426. 331. 131.   2.
452. 613. 676. 766. 787. 924. 575. 157.   0.   0.
468. 606. 746. 876. 967. 736. 469.  82.   0.   0.
381. 741. 834. 829. 596. 486. 504. 355. 196.  28.
422. 635. 640. 679. 869. 834. 568. 278.  25.   0.
630. 615. 492. 535. 511. 526. 522. 560. 559.   0.
930. 914. 786. 716. 585. 389. 284. 199. 113.  34.
624. 974. 950. 646. 602. 455. 366. 219. 100.  14.
411. 460. 460. 508. 585. 793. 931. 802.   0.   0.
789. 631. 521. 533. 625. 564. 385. 518. 382.   2.
768. 701. 619. 586. 596. 559. 553. 471.  97.   0.
846. 849. 718. 535. 544. 496. 436. 329. 161.  36.
872. 770. 746. 698. 585. 466. 330. 236. 186.  61.
810. 854. 718. 624. 525. 505. 385. 324. 126.  79.
917. 707. 637. 574. 407. 441. 425. 309. 333. 200.
548. 939. 743. 616. 617. 532. 471. 328. 153.   3.
719. 767. 679. 591. 564. 522. 520. 382. 206.   0.
469. 554. 622. 660. 877. 882. 689. 197.   0.   0.
504. 560. 636. 723. 824. 906. 682. 115.   0.   0.
376. 683. 798. 963. 627. 472. 456. 323. 178.  74.
416. 623. 421. 570. 976. 987. 636. 251.  70.   0.
605. 661. 639. 599. 586. 536. 544. 466. 314.   0.
857. 826. 741. 659. 608. 416. 333. 283. 170.  57.
 592. 1070.  978.  761.  535.  444.  278.  172.  100.   20.
 420.  421.  457.  541.  591.  714. 1104.  702.    0.    0.
712. 729. 588. 594. 682. 568. 414. 395. 261.   7.
716. 749. 626. 618. 666. 615. 423. 347. 190.   0.
799. 842. 672. 629. 574. 427. 371. 362. 221.  53.
968. 832. 782. 673. 559. 428. 277. 231. 177.  23.
812. 816. 790. 689. 551. 435. 386. 246. 145.  80.
864. 850. 733. 642. 558. 446. 400. 273. 139.  45.
616. 829. 656. 583. 563. 525. 465. 449. 263.   1.
747. 712. 663. 678. 548. 515. 521. 348. 218.   0.
481. 614. 526. 463. 779. 878. 906. 303.   0.   0.
541. 529. 593. 711. 647. 946. 811. 172.   0.   0.
405. 717. 933. 853. 667. 499. 442. 261. 141.  32.
 360.  660.  473.  752. 1020.  802.  614.  253.   16.    0.
648. 624. 518. 539. 582. 589. 544. 440. 466.   0.
886. 950. 846. 672. 525. 449. 340. 189.  70.  23.
616. 917. 870. 665. 530. 492. 370. 283. 168.  39.
 421.  459.  446.  503.  606.  658. 1251.  606.    0.    0.
700. 789. 718. 617. 549. 537. 515. 369. 151.   5.
748. 696. 660. 593. 519. 553. 585. 402. 194.   0.
882. 890. 721. 595. 542. 445. 416. 278. 146.  35.
897. 890. 772. 668. 549. 460. 352. 243.  99.  20.
829. 855. 739. 640. 586. 444. 365. 296. 175.  21.
879. 796. 733. 672. 586. 456. 342. 281. 172.  33.
525. 957. 745. 693. 593. 545. 431. 326. 132.   3.
781. 802. 841. 682. 612. 514. 364. 231. 116.   7.
514. 457. 718. 859. 816. 780. 632. 174.   0.   0.
483. 591. 655. 683. 903. 951. 582. 102.   0.   0.
360. 701. 884. 808. 609. 489. 503. 343. 198.  55.
365. 591. 633. 870. 981. 782. 489. 181.  58.   0.
584. 605. 570. 538. 561. 541. 539. 534. 478.   0.
838. 801. 768. 688. 528. 482. 333. 219. 186. 107.
500. 617. 822. 763. 693. 479. 364. 371. 255.  86.
 478.  590. 1025.  890.  611.  549.  319.  307.  154.   27.
