503. 974. 775. 669. 592. 476. 368. 275. 223.  95.
 347.  386.  440.  473.  467.  516.  544. 1362.  337.   78.
404. 868. 826. 863. 651. 410. 349. 299. 210.  70.
266. 689. 791. 997. 716. 665. 463. 289.  74.   0.
395. 422. 448. 498. 614. 860. 485. 353. 636. 239.
318. 721. 716. 940. 701. 494. 444. 443. 173.   0.
389. 940. 880. 868. 570. 482. 343. 246. 167.  65.
387. 926. 967. 795. 590. 469. 376. 240. 150.  50.
356. 434. 449. 411. 694. 864. 562. 478. 523. 179.
447. 803. 950. 799. 471. 532. 382. 277. 202.  87.
267. 686. 745. 918. 745. 657. 440. 343. 149.   0.
 460.  464.  479.  485.  618.  738. 1268.  438.    0.    0.
 428.  457.  503.  505.  574.  727. 1288.  468.    0.    0.
 519. 1128.  704.  676.  514.  482.  357.  362.  208.    0.
