608. 808. 649. 652. 651. 520. 455. 413. 173.  21.
433. 483. 579. 704. 934. 797. 844. 176.   0.   0.
601. 850. 673. 597. 575. 579. 508. 361. 184.  22.
581. 708. 663. 697. 626. 604. 507. 339. 213.  12.
 428.  482.  518.  708.  771.  774. 1036.  233.    0.    0.
658. 789. 647. 633. 627. 524. 529. 411. 122.  10.
616. 894. 681. 607. 630. 618. 439. 336. 115.  14.
 420.  486.  538.  665.  777.  788. 1125.  151.    0.    0.
583. 816. 759. 692. 683. 625. 332. 263. 196.   1.
559. 868. 839. 696. 621. 525. 395. 228. 209.  10.
 430.  477.  557.  619.  735.  835. 1141.  156.    0.    0.
623. 786. 628. 656. 619. 575. 418. 403. 223.  19.
