510. 925. 808. 685. 496. 488. 432. 269. 208. 129.
 541. 1125.  809.  673.  592.  432.  345.  260.  123.   50.
 442.  474.  515.  618. 1070.  643.  512.  483.  193.    0.
438. 469. 512. 645. 886. 985. 569. 307. 131.   8.
441. 568. 498. 588. 894. 839. 757. 354.  11.   0.
409. 457. 568. 633. 748. 834. 939. 362.   0.   0.
868. 828. 675. 676. 560. 445. 322. 270. 237.  69.
922. 844. 699. 638. 556. 415. 297. 302. 174. 103.
472. 505. 539. 987. 704. 631. 418. 412. 282.   0.
 450.  480.  521. 1032.  900.  576.  504.  330.  157.    0.
822. 882. 765. 706. 543. 482. 296. 226. 158.  70.
887. 852. 749. 683. 569. 447. 312. 253. 163.  35.
449. 785. 770. 909. 847. 539. 408. 243.   0.   0.
477. 641. 788. 878. 991. 435. 524. 200.  16.   0.
551. 779. 785. 796. 757. 457. 405. 307. 113.   0.
483. 535. 605. 854. 722. 649. 573. 347. 182.   0.
576. 847. 936. 641. 599. 540. 443. 267. 101.   0.
 425.  659.  661.  677.  738. 1009.  699.   82.    0.    0.
 526. 1115.  839.  704.  570.  457.  354.  218.  139.   28.
468. 659. 959. 961. 925. 478. 351. 149.   0.   0.
422. 762. 728. 795. 752. 666. 442. 271. 112.   0.
660. 986. 730. 651. 532. 471. 398. 327. 159.  36.
 508.  704. 1061.  847.  625.  508.  360.  256.   79.    2.
 574.  745. 1014.  806.  580.  513.  403.  221.   90.    4.
522. 743. 818. 909. 804. 631. 329. 155.  39.   0.
543. 574. 719. 813. 764. 615. 444. 337. 141.   0.
467. 537. 837. 999. 647. 570. 365. 406. 122.   0.
 576. 1008.  848.  700.  563.  469.  366.  276.  128.   16.
 495.  575.  609. 1028.  832.  669.  473.  213.   56.    0.
