893. 828. 736. 618. 513. 483. 367. 293. 171.  48.
944. 781. 730. 695. 554. 441. 327. 283. 154.  41.
934. 846. 693. 655. 528. 478. 346. 277. 160.  33.
872. 756. 651. 546. 512. 463. 413. 345. 277. 115.
915. 886. 784. 691. 555. 430. 315. 221. 132.  21.
925. 805. 682. 576. 531. 517. 397. 301. 148.  68.
 440.  474.  520.  480.  578.  699. 1337.  422.    0.    0.
 400.  479.  464.  534.  595.  719. 1277.  482.    0.    0.
 454.  432.  462.  511.  592.  729. 1315.  455.    0.    0.
 437.  431.  486.  508.  571.  735. 1327.  455.    0.    0.
 422.  499.  546.  971. 1059.  579.  360.  433.   81.    0.
 447.  509.  634. 1147.  924.  577.  335.  243.  134.    0.
 437.  503.  539.  872. 1157.  600.  440.  327.   75.    0.
 508.  510.  566.  955. 1126.  466.  397.  373.   49.    0.
 438.  499.  811. 1040.  663.  552.  386.  306.  234.   21.
440. 515. 727. 983. 747. 566. 426. 341. 168.  37.
 429.  489.  560.  921. 1092.  578.  469.  360.   52.    0.
 422.  513.  625. 1268.  813.  575.  367.  235.  132.    0.
 473.  506.  613. 1008. 1003.  474.  414.  416.   43.    0.
429. 515. 582. 979. 812. 497. 506. 480. 150.   0.
 447.  500.  656. 1266.  780.  633.  317.  242.  109.    0.
 476.  489.  643. 1136.  776.  548.  356.  353.  173.    0.
 446.  455.  546.  930. 1148.  461.  372.  505.   87.    0.
 441.  465.  607. 1011. 1124.  518.  413.  304.   67.    0.
471. 499. 632. 973. 693. 577. 444. 337. 278.  46.
 452.  508.  635. 1126.  735.  567.  474.  291.  126.   36.
 506.  512.  643. 1183.  794.  577.  373.  196.  149.   17.
510. 486. 852. 741. 595. 395. 434. 472. 334. 131.
 453.  488.  562. 1228.  677.  513.  482.  283.  231.   33.
454. 484. 877. 955. 602. 509. 483. 339. 202.  45.
505. 542. 774. 964. 705. 455. 377. 277. 251. 100.
 440.  475.  618. 1222.  827.  505.  424.  292.  147.    0.
 475.  502.  579. 1103.  835.  588.  384.  257.  189.   38.
452. 509. 852. 874. 652. 470. 410. 394. 263.  74.
 457.  468.  658. 1014.  831.  481.  345.  341.  315.   40.
457. 549. 767. 915. 619. 539. 400. 370. 294.  40.
 443.  494.  642. 1156.  707.  462.  425.  312.  242.   67.
466. 478. 625. 976. 754. 382. 450. 393. 358.  68.
 473.  443.  571. 1110.  681.  587.  431.  275.  327.   52.
 501.  557.  883. 1055.  651.  464.  347.  247.  185.   60.
466. 510. 791. 899. 545. 493. 475. 382. 280. 109.
 486.  510.  623. 1171.  661.  562.  394.  305.  193.   45.
453. 542. 638. 986. 731. 552. 476. 311. 230.  31.
492. 537. 607. 974. 741. 561. 438. 331. 215.  54.
