433. 668. 896. 935. 786. 571. 397. 207.  57.   0.
863. 787. 668. 632. 550. 462. 384. 306. 208.  90.
875. 780. 740. 609. 548. 482. 372. 227. 203. 114.
904. 835. 740. 665. 532. 461. 338. 246. 165.  64.
909. 736. 719. 630. 520. 478. 369. 262. 265.  62.
924. 799. 602. 476. 450. 439. 457. 415. 268. 120.
886. 784. 708. 671. 535. 442. 352. 277. 201.  94.
849. 811. 697. 628. 548. 473. 352. 318. 187.  87.
838. 835. 673. 625. 577. 475. 385. 267. 214.  61.
854. 752. 647. 611. 556. 453. 393. 395. 224.  65.
841. 795. 774. 630. 576. 473. 356. 269. 169.  67.
958. 801. 740. 712. 559. 415. 313. 289. 129.  34.
953. 902. 776. 665. 568. 455. 307. 217.  84.  23.
 455.  534.  550.  906. 1018.  551.  505.  281.  150.    0.
