1132.  606.   96.  316. 2184.    0.    0.  203.  399.   14.
557. 533. 470. 499. 543. 551. 828. 957.  12.   0.
 431.  444.  486.  519.  562.  698. 1202.  608.    0.    0.
 479.  412.  461.  573.  562.  764. 1411.  288.    0.    0.
 488.  446.  463.  518.  596.  710. 1486.  243.    0.    0.
 451.  431.  466.  515.  563.  645. 1199.  680.    0.    0.
2506.  728.    0.    0.    0.    0.    0.    0.  371. 1345.
429. 531. 675. 929. 772. 614. 491. 327. 140.  42.
578. 792. 798. 928. 800. 617. 340.  91.   6.   0.
 557.  778. 1251.  846.  658.  444.  220.  123.   60.   13.
454. 469. 496. 518. 595. 893. 809. 652.  64.   0.
427. 459. 501. 564. 630. 975. 879. 459.  56.   0.
479. 526. 496. 700. 789. 965. 440. 525.  30.   0.
 414.  434.  551.  551.  786. 1039.  606.  526.   43.    0.
905. 716. 743. 598. 544. 417. 409. 273. 238. 107.
452. 467. 494. 580. 707. 994. 779. 460.  17.   0.
867. 811. 674. 611. 490. 502. 369. 333. 195.  98.
 479.  432.  495.  500.  709. 1329.  534.  404.   68.    0.
932. 803. 732. 613. 520. 463. 412. 262. 177.  36.
464. 542. 510. 663. 833. 971. 762. 205.   0.   0.
423. 508. 551. 658. 739. 957. 895. 163.  56.   0.
609. 584. 570. 564. 581. 499. 504. 409. 630.   0.
606. 533. 569. 514. 531. 454. 506. 461. 776.   0.
627. 627. 581. 593. 571. 443. 452. 443. 613.   0.
694. 539. 544. 557. 472. 381. 434. 498. 831.   0.
916. 829. 727. 605. 558. 456. 375. 298. 142.  44.
1010.  846.  644.  485.  469.  443.  445.  336.  207.   65.
 587. 1120.  785.  612.  470.  431.  405.  245.  199.   96.
 413.  501.  435.  499.  533.  628. 1111.  824.    6.    0.
742. 824. 833. 625. 626. 413. 389. 381. 117.   0.
750. 699. 712. 659. 606. 544. 460. 332. 180.   8.
771. 881. 921. 812. 551. 411. 303. 188.  86.  26.
750. 778. 835. 773. 528. 446. 370. 251. 167.  52.
765. 782. 752. 813. 563. 449. 357. 268. 149.  52.
799. 754. 798. 673. 503. 478. 424. 326. 168.  27.
628. 788. 784. 891. 916. 520. 294. 114.  15.   0.
581. 705. 799. 863. 934. 531. 334. 174.  29.   0.
 435.  458.  480.  512.  572.  730. 1302.  461.    0.    0.
 435.  447.  490.  510.  574.  739. 1289.  466.    0.    0.
481. 477. 452. 415. 841. 913. 589. 478. 282.  22.
 450.  453.  488.  448.  768. 1043.  585.  443.  250.   22.
 484.  469. 1015.  867.  788.  671.  476.  164.   16.    0.
 491.  524. 1026.  964.  733.  619.  438.  135.   20.    0.
851. 908. 757. 685. 562. 404. 282. 221. 194.  86.
773. 705. 645. 555. 587. 490. 357. 304. 244. 290.
 512.  575.  688. 1304.  808.  609.  315.  128.   11.    0.
 500.  513.  680. 1086.  901.  698.  376.  188.    8.    0.
 430.  491.  578.  616.  684. 1151.  606.  265.  129.    0.
 465.  456.  500.  598.  761. 1137.  447.  402.  184.    0.
 503.  492. 1268.  722.  553.  472.  370.  301.  149.  120.
 451.  451. 1082.  824.  581.  518.  431.  230.  226.  156.
 486.  530.  533.  531.  649. 1118.  551.  370.  182.    0.
 467.  463.  536.  639.  748. 1134.  558.  230.  175.    0.
439. 642. 677. 682. 728. 785. 628. 349.  20.   0.
443. 519. 950. 629. 538. 459. 422. 337. 330. 323.
 396.  487. 1076.  802.  595.  491.  410.  286.  221.  186.
