 437.  475.  481.  516.  604.  727. 1274.  436.    0.    0.
 458.  409.  467.  537.  594.  720. 1299.  466.    0.    0.
524. 872. 972. 736. 632. 439. 322. 246. 145.  62.
684. 819. 780. 574. 512. 452. 442. 330. 273.  84.
557. 802. 906. 624. 517. 466. 402. 323. 233. 120.
528. 941. 981. 689. 614. 463. 364. 241.  94.  35.
 446.  479.  504.  539.  582.  790. 1306.  304.    0.    0.
 453.  506.  562.  662.  734.  901. 1013.  119.    0.    0.
 611. 1056.  824.  742.  564.  432.  348.  210.  130.   33.
 523. 1064.  752.  595.  557.  451.  442.  316.  175.   75.
 720. 1010.  734.  618.  545.  484.  395.  271.  143.   30.
 477.  533.  600.  545.  672.  859. 1124.  140.    0.    0.
573. 964. 803. 592. 532. 516. 455. 335. 150.  30.
613. 848. 817. 525. 508. 507. 486. 387. 201.  58.
583. 966. 763. 565. 557. 529. 454. 305. 170.  58.
 456.  458.  468.  502.  613.  751. 1270.  432.    0.    0.
 463.  490.  559.  622.  719.  940. 1028.  129.    0.    0.
 624. 1038.  808.  669.  517.  530.  334.  258.  142.   30.
515. 976. 749. 641. 527. 495. 352. 331. 224. 140.
701. 948. 723. 594. 492. 484. 410. 336. 169.  93.
 454.  524.  537.  669.  707.  755. 1129.  175.    0.    0.
654. 740. 924. 563. 425. 483. 528. 367. 192.  74.
 478.  506.  478.  586.  809. 1148.  397.  329.  172.   47.
419. 575. 523. 680. 784. 927. 510. 318. 171.  43.
 469.  535.  462.  619.  872. 1111.  446.  246.  172.   18.
 472.  555.  573.  609.  606. 1046.  513.  365.  167.   44.
 510.  521.  653.  650. 1000. 1250.  350.   16.    0.    0.
 457.  434.  449.  501.  477.  813. 1072.  570.  146.   31.
 486.  527.  486.  634.  713. 1435.  446.  176.   47.    0.
556. 527. 792. 855. 566. 530. 421. 409. 283.  11.
