 472.  608.  514.  502. 1009. 1104.  556.  174.   11.    0.
 488.  571.  548.  576. 1018. 1105.  536.  108.    0.    0.
 613.  658.  606.  636. 1080.  916.  388.   44.    9.    0.
 452.  641.  586.  617. 1048.  979.  456.  150.   21.    0.
500. 636. 936. 696. 543. 507. 435. 336. 244. 117.
465. 417. 461. 541. 581. 788. 952. 745.   0.   0.
 438.  457.  453.  507.  584.  889. 1045.  577.    0.    0.
 463.  647. 1144.  755.  614.  488.  364.  258.  157.   60.
517. 969. 922. 738. 612. 442. 331. 209. 146.  64.
904. 774. 715. 635. 551. 461. 350. 270. 228.  62.
543. 992. 875. 703. 584. 455. 347. 208. 162.  81.
 475.  449.  557.  664. 1215.  687.  429.  336.  138.    0.
 462.  484.  526.  613. 1030.  682.  441.  403.  309.    0.
 456.  480.  536.  684. 1311.  717.  443.  208.  115.    0.
 490.  548. 1067.  703.  600.  483.  414.  368.  186.   91.
 452.  477.  460.  562.  575.  678. 1320.  426.    0.    0.
 455.  458.  533.  655. 1049.  774.  548.  476.    2.    0.
 482.  545. 1321.  879.  643.  472.  340.  179.   79.   10.
 488.  443.  394.  547.  623.  677. 1316.  462.    0.    0.
414. 489. 515. 610. 940. 803. 545. 615.  19.   0.
 496.  515. 1206.  709.  587.  520.  497.  276.   97.   47.
 455.  454.  476.  509.  530.  744. 1336.  446.    0.    0.
 511.  513.  503.  617. 1113.  875.  498.  313.    7.    0.
 490.  549. 1036.  785.  624.  446.  400.  322.  235.   63.
 459.  448.  473.  535.  593.  728. 1258.  456.    0.    0.
4.730e+02 4.790e+02 4.860e+02 5.910e+02 1.144e+03 6.920e+02 7.170e+02
 3.670e+02 1.000e+00 0.000e+00
 451.  570. 1045.  727.  652.  471.  430.  304.  222.   78.
 426.  448.  471.  509.  605.  723. 1307.  461.    0.    0.
 435.  483.  492.  627. 1038.  867.  474.  513.   21.    0.
 456.  517. 1121.  816.  588.  535.  361.  268.  221.   67.
 425.  455.  504.  515.  585.  745. 1288.  433.    0.    0.
 470.  464.  538.  687. 1149.  669.  552.  413.    8.    0.
 445.  537. 1139.  789.  590.  485.  423.  279.  217.   46.
 429.  475.  489.  484.  590.  709. 1313.  461.    0.    0.
4.49e+02 4.27e+02 5.44e+02 6.40e+02 1.10e+03 7.70e+02 5.32e+02 4.87e+02
 1.00e+00 0.00e+00
 502.  513. 1225.  864.  615.  509.  320.  230.  144.   28.
 452.  443.  450.  521.  602.  697. 1340.  445.    0.    0.
446. 478. 500. 589. 922. 665. 661. 679.  10.   0.
 545.  608. 1042.  788.  580.  545.  359.  280.  184.   19.
 431.  467.  475.  535.  594.  722. 1284.  442.    0.    0.
 432.  454.  537.  618. 1055.  792.  678.  378.    6.    0.
 459.  543. 1030.  776.  585.  470.  445.  323.  224.   95.
 478.  463.  454.  466.  576.  733. 1368.  412.    0.    0.
 471.  459.  504.  643. 1001.  814.  545.  507.    6.    0.
 467.  562. 1199.  777.  623.  514.  399.  257.  124.   28.
 438.  459.  497.  514.  593.  687. 1310.  452.    0.    0.
 431.  469.  508.  628. 1126.  751.  532.  503.    2.    0.
 460.  584. 1094.  768.  598.  484.  395.  326.  187.   54.
 442.  463.  466.  482.  565.  756. 1331.  445.    0.    0.
451. 466. 513. 614. 964. 817. 571. 546.   8.   0.
 486.  537. 1004.  713.  587.  487.  367.  372.  254.  143.
 418.  465.  496.  523.  579.  738. 1299.  432.    0.    0.
449. 450. 496. 643. 963. 767. 603. 577.   2.   0.
479. 631. 961. 595. 482. 494. 447. 428. 347.  86.
 457.  434.  467.  534.  582.  733. 1295.  448.    0.    0.
430. 490. 519. 628. 989. 789. 526. 571.   8.   0.
 486.  561. 1053.  853.  652.  434.  363.  326.  198.   24.
 414.  459.  485.  503.  584.  716. 1326.  463.    0.    0.
 448.  472.  506.  623. 1129.  892.  491.  372.   17.    0.
