 510.  693. 1008.  748.  600.  521.  377.  286.  182.   25.
976. 899. 759. 629. 537. 469. 351. 210.  94.  26.
1019.  917.  811.  600.  521.  439.  316.  200.   98.   29.
928. 805. 711. 677. 569. 430. 355. 258. 163.  54.
299. 616. 584. 627. 775. 940. 809. 300.   0.   0.
448. 703. 934. 925. 842. 636. 284. 160.  18.   0.
518. 740. 958. 716. 569. 478. 418. 305. 205.  43.
906. 910. 788. 616. 557. 461. 353. 207. 124.  28.
905. 854. 742. 666. 559. 446. 325. 251. 138.  64.
990. 953. 876. 699. 531. 414. 244. 153.  61.  29.
345. 589. 529. 694. 806. 859. 747. 381.   0.   0.
407. 727. 815. 779. 802. 856. 342. 176.  46.   0.
487. 583. 627. 813. 696. 893. 523. 273.  55.   0.
1022.  985.  374.  295.  283.  318.  486.  753.  391.   43.
826. 842. 726. 702. 563. 432. 338. 294. 179.  48.
587. 826. 767. 663. 576. 566. 452. 291. 180.  42.
639. 870. 682. 564. 600. 416. 366. 316. 264. 233.
747. 851. 662. 619. 551. 480. 348. 315. 268. 109.
