 463.  466.  555.  752. 1018.  598.  511.  342.  226.   19.
 463.  454.  472.  511.  593.  752. 1283.  422.    0.    0.
906. 784. 665. 639. 583. 445. 342. 302. 192.  92.
 471.  668. 1068.  725.  561.  511.  428.  292.  171.   55.
 444.  483.  555.  668. 1042.  653.  461.  420.  224.    0.
857. 795. 789. 602. 583. 417. 400. 246. 187.  74.
 460.  510.  483.  941. 1020.  571.  415.  268.  241.   41.
895. 791. 788. 640. 515. 502. 339. 236. 178.  66.
 420.  837. 1263. 1047.  753.  402.  149.   75.    4.    0.
 455.  829. 1056.  951.  788.  499.  248.  120.    4.    0.
 470.  699.  666.  805. 1017.  835.  439.   19.    0.    0.
 520.  566.  713. 1344.  773.  524.  286.  224.    0.    0.
 528.  775.  972. 1106.  925.  476.  163.    5.    0.    0.
870. 886. 758. 659. 518. 484. 370. 231. 138.  36.
982. 861. 633. 497. 459. 565. 440. 283. 188.  42.
 654. 1047.  685.  572.  524.  495.  426.  312.  180.   55.
485. 567. 539. 646. 847. 910. 477. 326. 153.   0.
 469.  486.  513.  511.  584.  698. 1106.  583.    0.    0.
503. 543. 577. 795. 803. 788. 573. 343.  25.   0.
 511.  697. 1106.  743.  554.  509.  401.  275.  128.   26.
