 605.  944. 1050.  839.  599.  317.  278.  218.   84.   16.
 416.  457.  545.  656. 1103.  696.  433.  416.  223.    5.
457. 480. 628. 796. 570. 546. 506. 527. 422.  18.
987. 808. 622. 557. 497. 428. 411. 373. 235.  32.
 424.  505.  493.  595. 1083.  696.  489.  339.  282.   44.
410. 465. 816. 849. 702. 549. 499. 411. 224.  25.
886. 846. 676. 588. 512. 468. 414. 326. 177.  57.
489. 485. 511. 568. 540. 912. 930. 515.   0.   0.
 423.  449.  503.  507.  610.  831. 1222.  405.    0.    0.
528. 642. 679. 784. 725. 631. 456. 306. 189.  10.
419. 429. 466. 543. 648. 958. 656. 606. 225.   0.
 454.  480.  533.  602.  677.  902. 1244.   58.    0.    0.
449. 755. 906. 757. 647. 636. 497. 263.  40.   0.
434. 521. 767. 952. 830. 473. 484. 446.  43.   0.
612. 552. 555. 537. 478. 518. 544. 918. 236.   0.
688. 667. 586. 588. 605. 679. 594. 359. 184.   0.
912. 819. 705. 675. 561. 450. 332. 278. 162.  56.
897. 828. 763. 657. 518. 477. 357. 215. 174.  64.
535. 840. 884. 550. 501. 545. 491. 369. 221.  14.
 518.  597.  563.  615.  648. 1226.  631.  152.    0.    0.
 563.  561.  552.  633. 1243.  804.  364.  169.   61.    0.
 460.  430.  481.  570.  605.  887. 1144.  373.    0.    0.
 397.  457.  489.  545.  740. 1019.  546.  527.  230.    0.
797. 909. 819. 682. 558. 450. 307. 252. 140.  36.
782. 884. 743. 638. 629. 422. 329. 276. 135. 112.
 430.  451.  613.  642.  703. 1062.  629.  414.    6.    0.
603. 750. 663. 599. 644. 649. 509. 339. 192.   2.
834. 875. 714. 591. 521. 496. 382. 303. 156.  78.
849. 838. 716. 627. 563. 460. 366. 279. 188.  64.
 438.  437.  456.  544.  860. 1155.  504.  354.  202.    0.
 418.  438.  490.  530.  574.  720. 1160.  575.   45.    0.
 413.  448.  506.  525.  583.  721. 1312.  436.    6.    0.
930. 854. 791. 646. 594. 392. 350. 206. 137.  50.
462. 576. 869. 847. 585. 541. 386. 288. 260. 136.
 483.  483.  533. 1117.  869.  532.  445.  323.  161.    4.
789. 700. 700. 661. 573. 552. 397. 338. 195.  45.
