 464.  530.  777. 1019.  651.  547.  472.  282.  153.   55.
 441.  460.  447.  496.  573.  779. 1287.  467.    0.    0.
 501.  604. 1068.  643.  586.  491.  459.  327.  203.   68.
 450.  481.  441.  537.  604.  717. 1278.  442.    0.    0.
 443.  499.  511.  692. 1106.  761.  594.  257.   79.    8.
4.830e+02 6.350e+02 6.890e+02 7.290e+02 7.870e+02 1.015e+03 4.580e+02
 1.530e+02 1.000e+00 0.000e+00
 448.  458.  507.  639. 1055.  779.  602.  360.  102.    0.
762. 702. 656. 691. 682. 531. 386. 288. 186.  66.
532. 651. 915. 924. 673. 523. 406. 242.  83.   1.
 508. 1034.  934.  757.  610.  441.  310.  229.  111.   16.
 538.  987. 1007.  823.  612.  408.  302.  179.   92.    2.
564. 960. 847. 690. 528. 524. 399. 296. 131.  11.
 520. 1081.  866.  647.  593.  538.  383.  242.   76.    4.
 393.  528.  533.  531.  709.  729. 1077.  386.   64.    0.
 546. 1152.  755.  657.  572.  429.  359.  265.  147.   68.
390. 394. 422. 508. 491. 865. 653. 497. 618. 112.
380. 395. 448. 465. 509. 788. 481. 396. 856. 232.
 375.  385.  400.  502.  448. 1084.  540.  450.  526.  240.
901. 808. 710. 550. 516. 482. 412. 293. 194.  84.
382. 389. 447. 461. 463. 552. 925. 839. 401.  91.
395. 423. 458. 462. 482. 486. 941. 893. 312.  98.
463. 561. 994. 710. 498. 468. 415. 317. 242. 282.
461. 979. 735. 623. 532. 483. 388. 303. 234. 212.
 395.  487.  747. 1017.  714.  560.  347.  327.  174.  182.
 479.  903. 1039.  893.  603.  610.  288.  135.    0.    0.
782. 778. 707. 628. 596. 533. 469. 297. 133.  27.
960. 868. 764. 644. 515. 444. 349. 250. 129.  27.
884. 813. 693. 659. 550. 463. 328. 289. 197.  74.
952. 968. 844. 706. 553. 394. 269. 142.  84.  38.
936. 740. 848. 671. 493. 510. 298. 216. 195.  43.
717. 725. 623. 603. 518. 553. 487. 400. 226.  98.
733. 754. 706. 679. 590. 518. 456. 313. 161.  40.
592. 931. 829. 682. 505. 539. 340. 299. 163.  70.
575. 950. 781. 675. 569. 478. 368. 305. 187.  62.
612. 971. 781. 675. 574. 444. 383. 332. 138.  40.
 627. 1156.  763.  582.  605.  543.  391.  201.   79.    3.
 463.  534.  627. 1154.  651.  503.  507.  300.  181.   30.
500. 653. 644. 872. 455. 561. 520. 413. 269.  63.
456. 833. 916. 674. 628. 476. 370. 308. 185. 104.
508. 758. 841. 690. 667. 512. 336. 270. 226. 142.
 530.  583. 1082.  788.  648.  524.  382.  197.  164.   52.
 533.  674. 1056.  858.  646.  459.  301.  236.  153.   34.
 586. 1086.  810.  676.  547.  490.  358.  242.  122.   33.
637. 879. 734. 637. 618. 462. 349. 277. 251. 106.
736. 807. 866. 792. 602. 458. 383. 247.  59.   0.
712. 852. 828. 863. 649. 447. 332. 236.  31.   0.
425. 435. 476. 522. 637. 805. 612. 740. 298.   0.
 395.  438.  496.  496.  576. 1102.  674.  471.  302.    0.
