 550.  588.  642.  706.  751. 1544.  169.    0.    0.    0.
 585.  706.  790.  744. 1343.  682.  100.    0.    0.    0.
 736. 1004.  818.  651.  551.  477.  346.  227.  112.   28.
 527. 1070.  882.  725.  532.  481.  324.  212.  135.   62.
991. 807. 829. 628. 581. 460. 291. 212. 112.  39.
440. 481. 511. 766. 970. 798. 413. 431. 140.   0.
461. 512. 591. 676. 915. 729. 464. 431. 171.   0.
455. 455. 511. 578. 545. 972. 822. 529.  83.   0.
469. 512. 685. 796. 850. 754. 522. 319.  43.   0.
359. 592. 842. 851. 746. 763. 414. 269. 110.   4.
235. 662. 474. 605. 705. 859. 846. 375. 136.  53.
315. 660. 664. 966. 895. 516. 329. 393. 208.   4.
294. 727. 684. 912. 895. 541. 301. 335. 253.   8.
386. 689. 618. 941. 938. 445. 347. 409. 177.   0.
676. 919. 857.   2.   0. 304. 417. 877. 466. 432.
311. 685. 703. 817. 893. 749. 481. 221.  65.  25.
252. 527. 722. 808. 932. 667. 604. 348.  90.   0.
430. 713. 662. 827. 748. 596. 414. 388. 155.  17.
327. 783. 651. 625. 620. 677. 775. 415.  77.   0.
249. 549. 698. 840. 806. 755. 663. 307.  82.   1.
276. 658. 627. 711. 771. 948. 584. 289.  85.   1.
266. 623. 668. 919. 879. 714. 433. 304. 144.   0.
240. 616. 747. 975. 786. 663. 647. 276.   0.   0.
482. 979. 774. 670. 523. 448. 441. 259. 197. 177.
265. 581. 528. 634. 586. 917. 772. 412. 196.  59.
341. 609. 711. 824. 850. 823. 493. 211.  88.   0.
486. 960. 747. 642. 570. 507. 380. 197. 243. 218.
304. 589. 706. 870. 899. 764. 368. 291. 154.   5.
249. 601. 729. 911. 769. 769. 678. 244.   0.   0.
294. 654. 707. 838. 791. 727. 537. 295. 107.   0.
452. 814. 903. 835. 522. 464. 554. 316.  69.  21.
 472. 1013.  750.  615.  575.  414.  424.  271.  260.  156.
260. 725. 585. 669. 811. 936. 697. 267.   0.   0.
285. 615. 522. 615. 638. 885. 722. 401. 216.  51.
