483. 460. 484. 862. 937. 717. 420. 388. 160.  39.
445. 471. 459. 896. 915. 664. 481. 359. 187.  73.
531. 501. 552. 558. 977. 978. 464. 218. 119.  52.
 471.  430.  480.  513. 1090.  961.  500.  346.  152.    7.
 416.  384.  404.  473.  480.  581.  758. 1095.  341.   18.
4.290e+02 4.790e+02 5.350e+02 5.540e+02 8.600e+02 6.880e+02 1.145e+03
 2.590e+02 1.000e+00 0.000e+00
 442.  503.  550.  626. 1007.  607.  493.  440.  282.    0.
 410.  469.  475.  497.  605.  716. 1139.  639.    0.    0.
407. 611. 969. 746. 619. 544. 482. 411. 159.   2.
 443.  427.  501.  515.  611.  763. 1175.  515.    0.    0.
 445.  484.  467.  520.  626.  811. 1187.  410.    0.    0.
838. 860. 848. 772. 572. 447. 271. 219. 121.   2.
892. 790. 670. 644. 530. 450. 356. 330. 199.  89.
831. 711. 656. 590. 547. 494. 408. 379. 261.  73.
 451.  428.  600. 1170.  632.  504.  454.  314.  252.  145.
 418.  441.  505. 1177.  683.  521.  437.  318.  229.  221.
930. 756. 704. 632. 551. 447. 328. 308. 244.  50.
 464.  593. 1045.  799.  678.  443.  398.  325.  165.   40.
 463.  522. 1040.  729.  582.  488.  451.  410.  211.   54.
 470.  519. 1091.  819.  718.  466.  345.  257.  204.   61.
497. 512. 955. 711. 593. 504. 406. 362. 255. 155.
 383.  356.  639. 1014.  691.  379. 1003.  335.  121.   29.
985. 784. 680. 588. 509. 414. 392. 334. 206.  58.
 411.  468.  471.  505.  616.  770. 1257.  452.    0.    0.
 456.  473.  462.  488.  576.  797. 1374.  324.    0.    0.
 459.  430.  476.  517.  595.  721. 1387.  365.    0.    0.
 448.  432.  487.  504.  601.  718. 1285.  475.    0.    0.
 451.  439.  443.  525.  637.  704. 1242.  509.    0.    0.
 455.  479.  494.  475.  570.  680. 1105.  692.    0.    0.
369. 394. 388. 472. 487. 815. 692. 437. 709. 187.
311. 403. 776. 932. 683. 820. 512. 269. 244.   0.
370. 423. 795. 905. 609. 866. 452. 310. 193.  27.
957. 824. 818. 676. 541. 452. 287. 201. 151.  43.
869. 830. 747. 699. 617. 487. 346. 244. 102.   9.
895. 849. 790. 675. 537. 457. 331. 212. 146.  58.
378. 415. 495. 487. 880. 594. 512. 466. 476. 247.
387. 389. 424. 466. 933. 717. 491. 354. 506. 283.
381. 408. 445. 477. 806. 615. 529. 415. 547. 327.
 479.  533.  610.  590.  759. 1478.  498.    3.    0.    0.
 519.  561.  663.  645. 1188. 1105.  245.   24.    0.    0.
 527.  579.  647.  724.  864. 1296.  233.   80.    0.    0.
 437.  519.  558.  594.  694.  879. 1175.   94.    0.    0.
 493.  519.  595.  710.  810. 1020.  760.   43.    0.    0.
 537.  590.  568.  556.  878. 1251.  465.  105.    0.    0.
 553.  556.  678.  693.  762. 1446.  233.   29.    0.    0.
 482.  565.  568.  635.  711. 1291.  640.   58.    0.    0.
 521.  601.  667.  694. 1187. 1142.  136.    2.    0.    0.
 506.  583.  620.  737. 1124. 1143.  209.   28.    0.    0.
 495.  555.  663.  637. 1110. 1114.  316.   60.    0.    0.
