377. 431. 494. 488. 493. 824. 586. 548. 644.  65.
 468.  528.  847. 1005.  604.  595.  376.  327.  187.   13.
 452.  791. 1047.  766.  590.  429.  395.  272.  208.    0.
 478.  539. 1092.  758.  584.  500.  447.  342.  210.    0.
 475.  455.  535.  640.  848. 1093.  617.  199.   88.    0.
642. 629. 617. 660. 639. 583. 370. 435. 368.   7.
 468.  479.  490.  599. 1097.  685.  560.  372.  200.    0.
622. 640. 627. 587. 522. 481. 474. 541. 427.  29.
 394.  425.  452.  539.  695. 1026.  639.  405.  353.   22.
 478.  487.  522.  565.  645.  871. 1149.  233.    0.    0.
 438.  552.  664. 1136.  735.  540.  449.  251.  153.   32.
 476.  526.  613. 1372.  814.  516.  321.  180.  111.   21.
 444.  496.  467.  667. 1016.  753.  564.  418.  125.    0.
 619. 1004.  793.  685.  566.  471.  367.  259.  157.   29.
548. 987. 892. 733. 544. 433. 368. 243. 146.  56.
 470.  464.  462.  500.  631.  901. 1093.  429.    0.    0.
552. 864. 875. 722. 551. 490. 445. 261. 165.  25.
457. 459. 463. 532. 582. 794. 920. 743.   0.   0.
499. 947. 864. 690. 621. 510. 417. 255. 145.   2.
480. 950. 742. 588. 539. 441. 405. 442. 235. 128.
439. 520. 530. 811. 933. 627. 481. 381. 228.   0.
450. 443. 605. 719. 799. 706. 517. 431. 280.   0.
1125.  862.  463.    0.   37.  177.  385.  726.  634.  541.
380. 684. 829. 669. 472. 468. 568. 440. 375.  65.
476. 495. 534. 528. 563. 708. 717. 741. 188.   0.
 483.  408.  435.  515.  618.  754. 1239.  498.    0.    0.
 444.  445.  501.  552.  642. 1152.  703.  446.   65.    0.
 412.  464.  480.  517.  576.  740. 1316.  445.    0.    0.
443. 774. 842. 779. 569. 515. 504. 330. 194.   0.
465. 800. 780. 627. 617. 538. 500. 338. 285.   0.
475. 846. 772. 652. 571. 509. 530. 378. 217.   0.
451. 746. 896. 696. 713. 589. 465. 265. 129.   0.
851. 792. 761. 638. 587. 403. 391. 288. 214.  25.
407. 410. 402. 386. 474. 850. 526. 539. 753. 203.
499. 684. 921. 877. 643. 668. 416. 207.  35.   0.
669. 597. 627. 534. 597. 776. 678. 423.  49.   0.
958. 842. 707. 670. 640. 423. 298. 228. 157.  27.
2116. 1468.  622.    8.    0.    0.    0.  326.  267.  143.
911. 854. 732. 644. 564. 427. 363. 261. 151.  43.
 470.  685. 1014.  819.  570.  500.  382.  290.  220.    0.
 355.  774. 1046. 1066.  867.  554.  205.   83.    0.    0.
356. 412. 460. 421. 523. 853. 558. 455. 703. 209.
935. 840. 718. 616. 562. 474. 349. 275. 144.  37.
 451.  742.  881. 1054.  823.  434.  234.  222.   97.   12.
945. 826. 743. 600. 551. 470. 380. 252. 145.  38.
 542.  600.  562.  448.  476.  316.  375.  380. 1110.  141.
405. 436. 466. 550. 584. 860. 667. 798. 184.   0.
724. 737. 627. 568. 521. 578. 570. 583.  42.   0.
