 433.  421.  467.  502.  712. 1007.  621.  576.  211.    0.
447. 471. 626. 764. 876. 538. 577. 419. 206.  26.
 442.  502.  579.  786. 1015.  599.  429.  333.  232.   33.
 446.  559.  627. 1115.  722.  602.  380.  288.  190.   21.
 451.  499.  562.  807. 1059.  604.  454.  329.  172.   13.
 474.  474.  573.  839. 1035.  707.  485.  278.   82.    3.
 485.  626. 1028.  806.  611.  513.  407.  275.  163.   36.
 411.  470.  470.  534.  593.  786. 1169.  517.    0.    0.
 460.  444.  470.  540.  602.  736. 1109.  589.    0.    0.
 418.  481.  460.  518.  563.  740. 1324.  446.    0.    0.
 440.  431.  462.  537.  597.  700. 1386.  397.    0.    0.
445. 474. 501. 544. 720. 934. 589. 470. 273.   0.
734. 719. 643. 611. 592. 585. 544. 372. 149.   1.
 439.  497.  474.  504.  557.  680. 1226.  573.    0.    0.
 442.  471.  496.  538.  581.  698. 1243.  481.    0.    0.
 435.  470.  451.  496.  588.  751. 1306.  453.    0.    0.
 474.  450.  468.  478.  582.  735. 1255.  508.    0.    0.
883. 820. 710. 648. 551. 457. 355. 266. 184.  76.
946. 786. 710. 669. 616. 445. 297. 221. 190.  70.
949. 822. 681. 549. 485. 473. 415. 325. 194.  57.
867. 789. 773. 624. 591. 462. 298. 283. 156. 107.
1010.  868.  821.  744.  560.  398.  255.  173.   92.   29.
949. 899. 760. 602. 561. 468. 357. 218.  95.  41.
 451.  515.  533.  835. 1007.  620.  482.  315.  180.   12.
472. 460. 646. 829. 833. 606. 537. 373. 172.  22.
 473.  530.  693. 1177.  732.  575.  381.  250.  131.    8.
 460.  497.  583.  705. 1014.  676.  462.  367.  179.    7.
445. 491. 507. 703. 985. 600. 515. 320. 352.  32.
 468.  502.  735. 1224.  762.  563.  368.  211.   92.   25.
 425.  471.  469.  516.  598.  928. 1092.  451.    0.    0.
 438.  460.  492.  561.  585. 1000.  930.  484.    0.    0.
 435.  442.  492.  512.  577.  725. 1344.  423.    0.    0.
 461.  479.  477.  524.  606.  724. 1249.  430.    0.    0.
435. 439. 513. 517. 644. 850. 725. 664. 163.   0.
799. 731. 737. 675. 593. 568. 425. 270. 152.   0.
 457.  451.  473.  533.  568.  739. 1373.  356.    0.    0.
 465.  435.  450.  499.  559.  745. 1365.  432.    0.    0.
 449.  451.  487.  513.  551.  696. 1337.  466.    0.    0.
 464.  475.  482.  509.  573.  726. 1449.  272.    0.    0.
931. 822. 680. 565. 538. 468. 424. 301. 171.  50.
937. 796. 667. 530. 472. 482. 418. 337. 248.  63.
932. 914. 824. 648. 573. 432. 315. 176. 101.  35.
923. 912. 790. 643. 535. 435. 334. 220. 103.  55.
949. 818. 773. 664. 541. 444. 369. 212. 116.  64.
915. 864. 810. 663. 556. 434. 295. 228. 105.  80.
305. 514. 722. 954. 782. 778. 560. 279.  56.   0.
333. 493. 801. 941. 777. 755. 508. 327.  15.   0.
347. 448. 866. 954. 845. 751. 403. 203. 133.   0.
336. 374. 843. 820. 725. 889. 538. 301. 124.   0.
396. 432. 917. 713. 682. 673. 472. 477. 188.   0.
 367.  456.  639.  668.  854. 1012.  390.  375.  172.   17.
308. 457. 755. 708. 781. 806. 682. 434.  19.   0.
 361.  468.  721. 1013.  837.  806.  385.  268.   91.    0.
423. 503. 734. 913. 901. 522. 433. 351. 170.   0.
 332.  402.  975.  905. 1011.  545.  428.  352.    0.    0.
 493.  427.  682. 1061.  716.  548.  430.  420.  158.   15.
 433.  694. 1089.  813.  569.  445.  414.  276.  132.   85.
331. 500. 725. 761. 649. 747. 635. 521.  72.   9.
287. 543. 800. 968. 812. 679. 502. 339.  20.   0.
332. 440. 850. 842. 848. 778. 566. 246.  48.   0.
292. 441. 896. 971. 731. 743. 641. 208.  27.   0.
425. 420. 931. 665. 653. 692. 604. 345. 211.   4.
339. 438. 786. 868. 759. 925. 338. 326. 167.   4.
326. 569. 896. 914. 856. 640. 488. 246.  15.   0.
352. 365. 695. 845. 697. 904. 465. 473. 152.   2.
 430.  430.  735. 1112.  757.  523.  429.  337.  194.    3.
326. 499. 938. 885. 965. 598. 405. 334.   0.   0.
364. 524. 824. 872. 655. 681. 484. 389. 141.  16.
 469.  657. 1050.  611.  531.  435.  557.  325.  243.   72.
