911. 789. 702. 602. 516. 443. 368. 329. 231.  59.
538. 547. 550. 938. 926. 422. 366. 315. 202. 146.
435. 622. 813. 767. 807. 511. 384. 320. 226.  65.
 476.  466.  459.  535.  611.  698. 1277.  428.    0.    0.
 414.  411.  494. 1046.  759.  559.  432.  308.  172.  355.
 477.  436.  500.  532.  527.  783. 1271.  424.    0.    0.
 449.  484.  474.  560.  559.  749. 1239.  436.    0.    0.
 440.  468.  459.  536.  589.  748. 1241.  469.    0.    0.
 473.  472.  463.  519.  522.  717. 1309.  475.    0.    0.
 480.  647.  681. 1055.  930.  655.  472.   30.    0.    0.
380. 412. 433. 457. 920. 516. 560. 517. 436. 319.
395. 421. 459. 485. 817. 530. 468. 481. 529. 365.
 340.  417.  464.  482.  483. 1039.  557.  505.  575.   88.
387. 401. 396. 394. 384. 489. 917. 989. 435. 158.
 364.  402.  405.  430.  542.  451.  796. 1068.  405.   87.
359. 407. 446. 445. 467. 454. 854. 630. 788. 100.
409. 495. 818. 739. 624. 455. 425. 319. 327. 339.
 456.  441.  464.  515.  608.  703. 1353.  410.    0.    0.
 465.  414.  510.  520.  598.  713. 1282.  448.    0.    0.
425. 477. 892. 821. 637. 427. 448. 368. 291. 164.
927. 851. 755. 708. 572. 430. 288. 202. 149.  68.
528. 539. 715. 678. 661. 536. 373. 374. 388. 158.
784. 876. 745. 640. 547. 483. 347. 274. 149. 105.
 386.  424.  486.  429.  518.  592. 1073.  788.  208.   46.
907. 757. 628. 701. 638. 419. 274. 313. 202. 111.
 460.  465. 1026.  780.  689.  533.  333.  276.  254.  134.
399. 456. 887. 875. 548. 503. 444. 323. 319. 196.
 401.  426.  478. 1212.  699.  555.  409.  359.  244.  167.
 382.  450.  431.  527.  509.  662. 1183.  626.  161.   19.
 419.  402.  471.  468.  516.  873. 1017.  584.  161.   39.
500. 571. 592. 897. 701. 721. 402. 360. 206.   0.
757. 850. 780. 657. 513. 476. 360. 277. 169. 111.
 381.  391.  472.  524.  603.  613. 1091.  629.  198.   48.
 433.  446.  495.  504.  623.  753. 1286.  410.    0.    0.
 385.  574.  770. 1015.  766.  586.  358.  246.  177.   73.
879. 856. 752. 660. 547. 441. 310. 273. 164.  68.
