 392.  426.  481. 1143.  642.  529.  444.  383.  227.  283.
413. 438. 552. 973. 672. 519. 390. 338. 268. 387.
 421.  401.  501. 1149.  731.  536.  442.  290.  185.  294.
 431.  681.  679.  902. 1215.  779.  258.    5.    0.    0.
 437.  681.  681.  868. 1236.  743.  297.    7.    0.    0.
 557.  597.  571.  936. 1049.  768.  466.    6.    0.    0.
 461.  674.  805.  855. 1272.  670.  210.    3.    0.    0.
 500.  664.  677.  898. 1178.  780.  251.    2.    0.    0.
 488.  607.  671.  878. 1187.  853.  266.    0.    0.    0.
 449.  676.  786.  834. 1255.  713.  235.    2.    0.    0.
5.020e+02 6.960e+02 6.860e+02 8.770e+02 1.144e+03 8.250e+02 2.190e+02
 1.000e+00 0.000e+00 0.000e+00
 468.  732.  653.  808. 1311.  695.  278.    5.    0.    0.
 465.  593.  723.  807. 1233.  765.  349.   15.    0.    0.
446. 736. 802. 620. 526. 451. 413. 329. 324. 303.
334. 795. 928. 936. 759. 674. 286. 188.  50.   0.
 267.  588.  742.  749. 1004.  742.  479.  282.   97.    0.
377. 800. 684. 747. 782. 468. 376. 362. 354.   0.
291. 570. 773. 853. 714. 631. 375. 394. 239. 110.
255. 634. 799. 856. 739. 668. 585. 235. 179.   0.
 442.  474.  474.  547.  567.  680. 1161.  605.    0.    0.
