453. 500. 577. 727. 782. 730. 497. 530. 154.   0.
420. 448. 484. 570. 836. 914. 506. 498. 274.   0.
 517.  810. 1026.  675.  566.  538.  403.  233.  153.   29.
504. 980. 838. 614. 566. 473. 417. 310. 179.  69.
628. 605. 860. 702. 684. 554. 375. 325. 196.  21.
 445.  467.  507.  686.  775. 1068.  758.  244.    0.    0.
949. 886. 766. 727. 595. 393. 262. 228. 107.  37.
1021.  944.  879.  728.  524.  405.  219.  133.   90.    7.
913. 844. 769. 673. 609. 417. 310. 180. 173.  62.
931. 864. 818. 586. 616. 397. 380. 204. 120.  34.
897. 815. 720. 642. 576. 432. 357. 278. 181.  52.
1000.  720.  722.  734.  618.  427.  247.  240.  219.   23.
923. 904. 707. 613. 512. 508. 375. 255. 123.  30.
905. 807. 687. 640. 546. 473. 372. 255. 207.  58.
899. 812. 693. 670. 581. 430. 312. 257. 182. 114.
907. 857. 692. 607. 553. 455. 344. 279. 179.  77.
926. 866. 771. 692. 539. 463. 301. 219. 101.  72.
915. 914. 795. 643. 542. 434. 334. 211.  96.  66.
 364.  364.  431.  483.  524.  497.  832. 1011.  367.   77.
 640. 1006.  796.  715.  566.  449.  331.  194.  163.   90.
965. 871. 809. 696. 546. 412. 320. 214.  99.  18.
 445.  432. 1151.  752.  549.  482.  403.  383.  151.  202.
 370.  377.  480.  440.  497.  496.  781. 1028.  416.   65.
 372.  403.  416.  482.  520.  504.  775. 1017.  401.   60.
958. 923. 791. 647. 566. 449. 314. 193.  77.  32.
 373.  414.  437.  426. 1138.  649.  542.  441.  295.  235.
 376.  412.  452.  549. 1005.  706.  551.  350.  239.  310.
 438.  454. 1127.  663.  664.  484.  367.  295.  272.  186.
