486. 755. 891. 701. 545. 476. 419. 397. 237.  43.
745. 722. 677. 673. 560. 491. 397. 315. 274.  96.
 405.  496.  541. 1013.  938.  660.  530.  271.   96.    0.
871. 760. 716. 621. 559. 456. 377. 269. 227.  94.
963. 824. 722. 663. 538. 429. 340. 282. 159.  30.
861. 765. 728. 645. 600. 473. 373. 292. 179.  34.
860. 750. 772. 672. 565. 489. 435. 257. 133.  17.
857. 797. 712. 579. 516. 492. 411. 335. 192.  59.
491. 866. 858. 845. 670. 433. 304. 254. 177.  52.
727. 751. 706. 616. 577. 495. 451. 376. 181.  70.
440. 474. 574. 970. 893. 758. 414. 268. 159.   0.
933. 749. 812. 674. 593. 444. 329. 168. 178.  70.
906. 817. 706. 706. 577. 431. 346. 248. 179.  34.
864. 768. 724. 724. 561. 506. 350. 198. 214.  41.
832. 712. 608. 582. 593. 497. 421. 408. 265.  32.
842. 758. 647. 652. 452. 472. 461. 272. 299.  95.
