537. 952. 774. 676. 595. 449. 409. 360. 181.  17.
536. 677. 863. 814. 665. 507. 424. 369.  95.   0.
494. 726. 892. 803. 670. 456. 344. 340. 196.  29.
610. 953. 866. 666. 587. 498. 399. 246. 105.  20.
 760. 1234. 1000.  711.  544.  340.  215.   97.   47.    2.
 525.  531.  508.  623. 1359.  828.  422.  123.   31.    0.
 511.  823.  625.  829. 1073.  627.  309.   83.   60.   10.
 498.  596.  646. 1119.  797.  557.  348.  270.  113.    6.
687. 971. 710. 593. 569. 486. 392. 297. 199.  46.
 443.  467.  492.  510.  715. 1112.  597.  480.  134.    0.
463. 466. 734. 531. 634. 847. 876. 385.  14.   0.
 424.  444.  476.  522.  580.  783. 1093.  628.    0.    0.
410. 514. 572. 977. 774. 577. 449. 385. 292.   0.
520. 600. 643. 634. 869. 725. 454. 433.  72.   0.
 466.  688. 1024.  695.  624.  501.  401.  337.  149.   65.
405. 529. 681. 805. 818. 902. 637. 173.   0.   0.
508. 446. 463. 506. 539. 708. 965. 815.   0.   0.
572. 897. 775. 643. 596. 460. 453. 404. 142.   8.
469. 637. 923. 679. 572. 589. 460. 365. 203.  53.
626. 677. 938. 891. 751. 427. 276. 170. 165.  29.
590. 580. 641. 789. 665. 714. 575. 361.  35.   0.
 507.  997. 1121.  867.  635.  456.  240.  103.   22.    2.
395. 724. 551. 561. 613. 871. 828. 400.   7.   0.
 485.  659. 1153.  747.  661.  455.  380.  227.  154.   29.
 618. 1093.  921.  737.  625.  429.  306.  146.   71.    4.
499. 952. 888. 681. 616. 495. 409. 264. 138.   8.
545. 845. 723. 737. 674. 569. 365. 337. 155.   0.
588. 988. 871. 747. 718. 435. 364. 192.  46.   1.
576. 855. 923. 732. 499. 471. 395. 340. 125.  34.
508. 717. 942. 711. 906. 636. 373. 157.   0.   0.
597. 985. 856. 653. 555. 464. 379. 283. 135.  43.
 602.  723.  604.  841. 1070.  590.  327.  123.   70.    0.
562. 808. 816. 961. 769. 600. 373.  61.   0.   0.
