 437.  464.  477.  523.  578.  720. 1322.  429.    0.    0.
 462.  409.  489.  508.  623.  677. 1337.  445.    0.    0.
 463.  426.  442.  569.  619.  790. 1105.  536.    0.    0.
 433.  484.  459.  521.  626.  855. 1107.  465.    0.    0.
 465.  473.  483.  544.  598.  675. 1282.  430.    0.    0.
492. 527. 554. 603. 701. 980. 944. 149.   0.   0.
 432.  526.  525.  583.  679. 1133.  963.  109.    0.    0.
426. 495. 489. 565. 697. 955. 778. 525.  20.   0.
 471.  536.  635.  890.  729. 1212.  439.   38.    0.    0.
 467.  514.  650.  900.  784. 1178.  412.   45.    0.    0.
389. 436. 494. 549. 572. 948. 653. 517. 392.   0.
276. 684. 766. 668. 692. 574. 480. 395. 380.  35.
 450. 1075.  706.  666.  554.  468.  387.  261.  236.  147.
