444. 619. 725. 739. 622. 565. 335. 370. 354. 177.
 538. 1032.  784.  564.  494.  512.  470.  310.  176.   70.
 326.  387.  450.  442.  497.  525.  522. 1349.  350.  102.
 360.  426.  402.  488.  497.  486.  502. 1313.  380.   96.
 348.  376.  436.  468.  548.  510.  506. 1355.  311.   92.
466. 627. 919. 630. 555. 422. 396. 346. 351. 238.
438. 600. 999. 732. 520. 463. 468. 318. 205. 207.
740. 865. 713. 659. 608. 438. 322. 282. 208. 115.
785. 867. 780. 676. 532. 485. 327. 251. 194.  53.
716. 867. 751. 659. 568. 441. 361. 265. 160. 162.
736. 923. 736. 622. 531. 447. 379. 271. 207.  98.
733. 848. 762. 675. 544. 489. 341. 252. 142. 164.
801. 780. 604. 604. 561. 433. 345. 293. 340. 189.
753. 896. 720. 650. 559. 430. 365. 291. 183. 103.
736. 898. 748. 642. 596. 433. 338. 269. 197.  93.
743. 876. 764. 606. 511. 495. 371. 264. 216. 104.
 346.  399.  427.  419.  493.  500.  536. 1285.  429.  116.
