597. 736. 923. 705. 609. 487. 361. 309. 201.  22.
 425.  553.  559.  653.  663.  922. 1011.  156.    8.    0.
508. 609. 511. 599. 612. 910. 791. 329.  81.   0.
435. 456. 542. 507. 575. 939. 968. 438.  90.   0.
431. 493. 515. 591. 845. 813. 537. 693.  32.   0.
460. 498. 519. 628. 778. 907. 459. 664.  37.   0.
 423.  448.  462.  479.  626. 1039.  586.  635.  252.    0.
444. 543. 959. 749. 538. 566. 408. 388. 355.   0.
454. 542. 915. 803. 617. 573. 382. 280. 384.   0.
469. 494. 953. 936. 700. 511. 342. 267. 277.   1.
 463.  479. 1047.  939.  684.  533.  319.  241.  245.    0.
 460.  475. 1020.  933.  665.  518.  381.  212.  286.    0.
441. 499. 974. 849. 653. 532. 342. 362. 298.   0.
535. 487. 987. 599. 588. 514. 528. 398. 314.   0.
 438.  512. 1046.  879.  692.  478.  373.  302.  230.    0.
 433.  456.  542.  576.  576.  856. 1195.  316.    0.    0.
 467.  471.  506.  567.  534.  866. 1117.  422.    0.    0.
 334.  621.  773.  901.  782. 1007.  498.   34.    0.    0.
