 451.  495.  472.  504.  550. 1055.  966.  457.    0.    0.
 470. 1019.  791.  712.  559.  473.  342.  273.  218.   93.
519. 911. 846. 684. 494. 485. 376. 320. 177. 138.
468. 825. 866. 619. 571. 444. 420. 380. 257. 100.
479. 609. 984. 648. 664. 455. 350. 324. 307. 130.
 430.  447.  491.  501.  577.  725. 1264.  471.   44.    0.
 439.  467.  584. 1140.  753.  613.  482.  348.  124.    0.
595. 598. 998. 910. 698. 456. 314. 267. 110.   4.
4.600e+02 5.490e+02 5.330e+02 1.035e+03 7.490e+02 6.230e+02 4.160e+02
 3.620e+02 2.220e+02 1.000e+00
494. 500. 692. 813. 904. 712. 472. 240. 123.   0.
 485.  576.  798. 1118.  812.  522.  347.  229.   63.    0.
 494.  494.  499.  691. 1086.  621.  650.  385.   30.    0.
516. 939. 833. 679. 623. 432. 329. 309. 208.  82.
555. 817. 722. 588. 524. 444. 391. 432. 344. 133.
498. 572. 575. 699. 861. 869. 792.  84.   0.   0.
476. 710. 907. 558. 552. 469. 403. 366. 295. 214.
468. 983. 890. 736. 580. 514. 305. 237. 159.  78.
 495.  530.  744. 1106.  693.  601.  375.  233.  131.   42.
 504.  584.  748. 1052.  722.  518.  431.  265.  111.   15.
 481.  603.  773. 1098.  762.  460.  405.  243.   96.   29.
