 529.  622.  606.  640. 1068. 1119.  319.   47.    0.    0.
803. 761. 752. 587. 520. 449. 414. 297. 206. 161.
797. 828. 774. 677. 476. 469. 403. 231. 154. 141.
 527.  598.  590.  696. 1041. 1185.  297.   16.    0.    0.
813. 879. 729. 694. 546. 466. 320. 250. 162.  91.
850. 902. 779. 700. 527. 458. 324. 220. 129.  61.
672. 996. 779. 576. 511. 451. 392. 303. 213.  57.
484. 926. 922. 688. 561. 490. 422. 321. 122.  14.
501. 902. 939. 674. 580. 502. 402. 251. 178.  21.
493. 928. 870. 646. 565. 465. 429. 364. 171.  19.
502. 896. 816. 734. 612. 429. 391. 333. 184.  53.
536. 531. 983. 763. 554. 493. 407. 364. 289.  30.
 476.  512. 1090.  751.  550.  516.  413.  341.  239.   62.
 477.  550. 1077.  732.  602.  506.  413.  298.  195.  100.
 477.  534. 1276.  880.  625.  479.  309.  206.  140.   24.
 492.  578. 1095.  651.  569.  474.  499.  330.  250.   12.
 486.  539. 1113.  753.  680.  462.  393.  293.  202.   29.
 460.  726. 1068.  807.  556.  516.  316.  283.  186.   32.
 481.  639. 1144.  763.  488.  547.  401.  263.  190.   34.
