982. 868. 735. 676. 573. 437. 340. 224.  98.  17.
919. 805. 739. 683. 584. 457. 290. 205. 210.  58.
 474.  463.  489.  493.  541.  681. 1573.  236.    0.    0.
907. 811. 644. 566. 496. 502. 432. 352. 196.  44.
924. 794. 694. 618. 556. 425. 385. 313. 203.  38.
966. 905. 776. 654. 519. 424. 297. 219. 135.  55.
922. 812. 706. 631. 560. 479. 361. 235. 173.  71.
952. 907. 780. 676. 523. 473. 330. 178. 108.  23.
890. 829. 777. 666. 544. 452. 336. 242. 141.  73.
958. 803. 820. 599. 517. 455. 367. 208. 176.  47.
925. 861. 756. 686. 543. 443. 318. 252. 120.  46.
933. 831. 729. 692. 589. 393. 315. 273. 140.  55.
993. 952. 830. 731. 463. 433. 270. 154.  93.  31.
971. 851. 786. 630. 479. 466. 321. 240. 154.  52.
 440.  451.  499.  524.  559.  720. 1302.  455.    0.    0.
 466.  458.  481.  535.  551.  766. 1257.  436.    0.    0.
 442.  462.  462.  522.  588.  740. 1284.  450.    0.    0.
945. 843. 764. 638. 497. 478. 364. 228. 140.  53.
942. 845. 750. 655. 537. 448. 346. 268. 119.  40.
840. 782. 786. 586. 668. 404. 317. 255. 162. 150.
945. 869. 833. 667. 579. 404. 320. 175. 134.  24.
898. 852. 755. 663. 537. 448. 329. 249. 154.  65.
934. 894. 728. 638. 550. 454. 389. 212. 116.  35.
937. 868. 667. 597. 532. 469. 416. 264. 157.  43.
983. 885. 792. 678. 591. 390. 287. 182. 112.  50.
939. 835. 746. 676. 538. 427. 370. 269. 121.  29.
914. 753. 669. 628. 535. 447. 359. 309. 266.  70.
932. 858. 753. 653. 556. 428. 374. 241. 128.  27.
931. 830. 740. 662. 572. 430. 316. 272. 145.  52.
908. 835. 738. 612. 561. 442. 365. 293. 146.  50.
936. 833. 758. 626. 567. 434. 345. 268. 134.  49.
967. 814. 706. 548. 468. 513. 417. 300. 185.  32.
978. 939. 792. 709. 547. 405. 307. 177.  78.  18.
939. 808. 790. 763. 474. 489. 309. 194. 143.  41.
933. 791. 643. 585. 525. 441. 403. 354. 229.  46.
917. 795. 669. 557. 512. 456. 440. 318. 211.  75.
1032.  921.  804.  698.  523.  421.  273.  196.   68.   14.
962. 951. 831. 630. 573. 418. 279. 180.  85.  41.
968. 743. 733. 672. 528. 453. 333. 313. 166.  41.
906. 892. 767. 645. 545. 456. 356. 219. 128.  36.
1013.  803.  734.  615.  549.  467.  357.  286.  112.   14.
911. 809. 712. 647. 535. 453. 348. 279. 197.  59.
920. 750. 704. 617. 562. 454. 322. 304. 231.  86.
916. 788. 642. 547. 482. 472. 430. 350. 237.  86.
 440.  477.  518.  517.  589.  713. 1264.  432.    0.    0.
 435.  453.  488.  496.  616.  745. 1340.  377.    0.    0.
 558.  641.  727. 1026.  798.  557.  275.  237.  106.   25.
 443.  425.  491.  516.  579.  763. 1260.  473.    0.    0.
 450.  442.  459.  531.  609.  706. 1332.  421.    0.    0.
 448.  449.  491.  508.  594.  672. 1350.  438.    0.    0.
