435. 720. 816. 908. 905. 693. 362.  95.  16.   0.
877. 798. 685. 662. 561. 430. 343. 298. 219.  77.
 487.  595.  928. 1107.  774.  436.  462.  158.    3.    0.
 521.  997. 1064.  788.  592.  470.  224.  238.   56.    0.
769. 970. 684. 471. 391. 381. 604. 418. 246.  16.
692. 947. 812. 561. 544. 561. 539. 255.  38.   1.
818. 929. 744. 644. 535. 452. 404. 260. 136.  28.
612. 907. 961. 727. 629. 473. 315. 259.  67.   0.
817. 777. 689. 639. 541. 464. 379. 311. 241.  92.
810. 860. 762. 642. 533. 508. 392. 269. 142.  32.
 526.  448.  727. 1136.  762.  610.  364.  192.  176.    9.
520. 635. 899. 669. 602. 525. 483. 398. 198.  21.
465. 604. 658. 961. 946. 566. 401. 237. 112.   0.
509. 543. 713. 800. 903. 569. 490. 280. 143.   0.
4.840e+02 5.330e+02 5.770e+02 6.780e+02 1.011e+03 6.180e+02 4.840e+02
 3.840e+02 1.800e+02 1.000e+00
 483.  502.  602. 1095.  749.  615.  490.  348.   66.    0.
588. 974. 779. 722. 650. 467. 394. 276.  96.   4.
601. 901. 853. 745. 582. 520. 300. 243. 162.  43.
 520. 1009.  745.  650.  530.  474.  404.  320.  254.   44.
531. 676. 871. 840. 623. 447. 422. 382. 150.   8.
