 450.  443.  478.  546.  568.  858. 1178.  429.    0.    0.
 439.  448.  470.  532.  581.  706. 1312.  462.    0.    0.
 451.  462.  490.  498.  585.  742. 1292.  430.    0.    0.
707. 743. 666. 607. 483. 511. 503. 392. 307.  31.
487. 946. 745. 661. 561. 487. 356. 360. 300.  47.
462. 930. 768. 687. 587. 493. 341. 340. 251.  91.
 363.  597.  643.  669.  905. 1110.  611.   52.    0.    0.
 465.  443.  463.  509.  599.  730. 1276.  465.    0.    0.
 413.  456.  474.  511.  600.  714. 1336.  446.    0.    0.
514. 635. 578. 908. 734. 528. 404. 354. 265.  30.
 481.  527.  705. 1052.  835.  540.  293.  268.  193.   56.
878. 859. 792. 671. 564. 453. 311. 242. 117.  63.
917. 776. 787. 660. 563. 455. 309. 226. 187.  70.
931. 752. 700. 648. 684. 357. 308. 260. 213.  97.
896. 878. 734. 644. 603. 422. 351. 274. 114.  34.
950. 849. 735. 665. 544. 473. 373. 219. 108.  34.
971. 845. 677. 581. 536. 515. 422. 259. 123.  21.
 391.  648.  698.  765. 1027.  825.  483.  113.    0.    0.
847. 725. 639. 615. 522. 456. 443. 360. 263.  80.
936. 789. 758. 601. 591. 444. 411. 262. 116.  42.
816. 721. 734. 659. 540. 538. 409. 299. 185.  49.
849. 695. 661. 614. 541. 509. 477. 330. 204.  70.
874. 730. 701. 598. 584. 445. 454. 315. 214.  35.
864. 720. 652. 668. 570. 479. 377. 295. 228.  97.
812. 822. 737. 662. 590. 515. 366. 265. 133.  48.
885. 744. 658. 676. 678. 490. 337. 303. 160.  19.
 530.  839. 1068.  863.  564.  533.  343.  166.   41.    3.
 488.  948. 1120.  978.  591.  428.  254.   86.   51.    6.
770. 940. 850. 691. 603. 402. 329. 172. 139.  54.
 682. 1001.  781.  652.  543.  457.  373.  259.  139.   63.
