456. 552. 669. 897. 695. 621. 509. 340. 206.   5.
468. 539. 623. 932. 734. 536. 451. 483. 182.   2.
496. 466. 604. 755. 769. 533. 503. 434. 366.  24.
458. 561. 495. 911. 770. 560. 551. 423. 209.  12.
465. 498. 673. 926. 760. 546. 519. 368. 189.   6.
442. 526. 562. 979. 782. 566. 522. 386. 179.   6.
444. 516. 634. 884. 679. 529. 602. 437. 212.  13.
 432.  526.  634. 1021.  856.  550.  518.  284.  125.    4.
 451.  537.  483. 1019.  774.  613.  489.  342.  237.    5.
 450.  487.  527. 1071.  849.  611.  399.  371.  180.    5.
 441.  442.  471.  556.  577.  707. 1322.  434.    0.    0.
 436.  446.  489.  509.  602.  693. 1314.  461.    0.    0.
 378.  386.  398.  454.  488.  477.  526. 1384.  362.   97.
 427.  455.  461.  520.  608.  713. 1317.  449.    0.    0.
 438.  425.  497.  469.  646.  696. 1321.  458.    0.    0.
 414.  450.  490.  508.  583.  732. 1326.  447.    0.    0.
 433.  447.  490.  494.  594.  720. 1336.  436.    0.    0.
 459.  466.  502.  547.  565.  695. 1275.  441.    0.    0.
 440.  458.  495.  520.  586.  723. 1291.  437.    0.    0.
 443.  464.  459.  499.  575.  743. 1334.  433.    0.    0.
 425.  463.  441.  543.  587.  703. 1354.  434.    0.    0.
 370.  405.  399.  520.  473.  453.  575. 1279.  370.  106.
 421.  456.  479.  524.  580.  725. 1305.  460.    0.    0.
 450.  472.  477.  474.  549.  757. 1331.  440.    0.    0.
 433.  460.  488.  509.  567.  723. 1308.  462.    0.    0.
 444.  493.  483.  528.  576.  722. 1264.  440.    0.    0.
 430.  459.  500.  506.  585.  716. 1303.  451.    0.    0.
 428.  483.  469.  490.  581.  742. 1335.  422.    0.    0.
 369.  398.  451.  508.  499.  498.  519. 1312.  336.   60.
 487.  455.  433.  483.  592.  762. 1251.  487.    0.    0.
 432.  467.  496.  503.  591.  705. 1299.  457.    0.    0.
 364.  356.  445.  409.  459.  504.  558. 1282.  424.  149.
 448.  441.  460.  510.  582.  740. 1324.  445.    0.    0.
 431.  471.  469.  521.  564.  709. 1322.  463.    0.    0.
 353.  388.  404.  434.  441.  464.  584. 1268.  425.  189.
 331.  414.  433.  412.  490.  510.  520. 1328.  411.  101.
 435.  452.  481.  506.  577.  709. 1315.  475.    0.    0.
 438.  452.  489.  504.  595.  715. 1282.  475.    0.    0.
 447.  436.  482.  515.  578.  685. 1320.  487.    0.    0.
 454.  406.  499.  521.  586.  698. 1327.  459.    0.    0.
