384. 418. 431. 463. 572. 933. 648. 353. 633. 115.
426. 422. 432. 555. 637. 963. 611. 540. 336.  28.
494. 619. 646. 634. 910. 990. 579.  78.   0.   0.
475. 605. 582. 733. 873. 870. 525. 281.   6.   0.
525. 777. 794. 859. 609. 460. 449. 399.  78.   0.
857. 832. 624. 618. 561. 412. 380. 338. 233.  95.
673. 917. 801. 605. 509. 533. 424. 301. 136.  51.
611. 658. 659. 845. 841. 851. 409.  76.   0.   0.
944. 820. 778. 689. 526. 451. 326. 207. 153.  56.
894. 870. 755. 650. 571. 440. 341. 250. 142.  37.
950. 840. 821. 601. 575. 432. 351. 238. 106.  36.
930. 868. 714. 652. 536. 459. 377. 252. 127.  35.
792. 895. 671. 538. 494. 495. 429. 339. 217.  80.
 524.  634.  687.  738. 1032.  652.  545.  124.   14.    0.
909. 788. 703. 660. 518. 443. 409. 233. 228.  59.
989. 881. 676. 615. 489. 438. 376. 290. 150.  46.
950. 857. 752. 675. 572. 432. 320. 219. 135.  38.
930. 870. 813. 679. 575. 423. 290. 204. 122.  44.
944. 696. 687. 676. 572. 497. 287. 230. 255. 106.
891. 808. 669. 633. 558. 437. 352. 333. 192.  77.
994. 828. 768. 618. 567. 476. 359. 201. 117.  22.
909. 861. 736. 648. 539. 472. 349. 236. 145.  55.
956. 806. 680. 576. 480. 478. 409. 318. 198.  49.
938. 855. 805. 675. 533. 463. 317. 200. 120.  44.
899. 806. 768. 608. 533. 451. 365. 251. 178.  91.
926. 788. 664. 607. 502. 470. 360. 334. 232.  67.
971. 860. 806. 739. 531. 433. 301. 187.  95.  27.
989. 786. 716. 659. 533. 496. 335. 279. 114.  43.
870. 782. 706. 630. 597. 414. 346. 273. 242.  90.
951. 873. 765. 704. 559. 418. 324. 227. 104.  25.
930. 830. 790. 683. 511. 509. 303. 206. 165.  23.
947. 851. 782. 688. 578. 420. 297. 237. 131.  19.
1016.  953.  869.  719.  527.  389.  265.  118.   73.   21.
934. 802. 696. 578. 527. 488. 414. 277. 182.  52.
945. 876. 747. 607. 548. 466. 379. 246. 113.  23.
952. 844. 779. 705. 530. 436. 323. 228. 117.  36.
953. 801. 638. 516. 498. 478. 433. 343. 213.  77.
950. 793. 645. 546. 514. 449. 437. 318. 231.  67.
929. 834. 704. 586. 534. 446. 394. 331. 149.  43.
898. 813. 741. 596. 510. 484. 395. 267. 178.  68.
412. 486. 881. 932. 577. 522. 466. 376. 228.  70.
933. 834. 649. 584. 462. 471. 378. 336. 205.  98.
930. 853. 683. 629. 524. 460. 406. 282. 147.  36.
465. 451. 854. 920. 587. 505. 421. 371. 219. 157.
883. 878. 763. 640. 551. 462. 368. 208. 152.  45.
509. 707. 900. 524. 372. 429. 537. 465. 372. 135.
480. 505. 541. 691. 962. 650. 490. 408. 223.   0.
 510.  528. 1186.  977.  600.  448.  415.  134.   79.   73.
 444.  460.  632.  706. 1122.  622.  485.  321.  140.   18.
