395. 720. 743. 783. 801. 716. 476. 261.  54.   1.
 435.  415.  429.  514.  586.  586. 1106.  853.   26.    0.
424. 412. 420. 487. 477. 672. 952. 880. 226.   0.
417. 426. 453. 486. 544. 842. 777. 742. 263.   0.
420. 505. 842. 781. 595. 427. 387. 414. 317. 262.
 489.  856. 1023.  907.  853.  537.  281.    4.    0.    0.
341. 544. 469. 635. 690. 905. 789. 482.  95.   0.
 407.  584. 1018.  738.  722.  623.  456.  308.   94.    0.
 446.  448.  500.  547.  712. 1083.  713.  401.  100.    0.
421. 520. 920. 874. 544. 589. 444. 333. 254.  51.
 428.  452.  494.  512.  591.  700. 1336.  437.    0.    0.
 481.  486.  456.  498.  568.  691. 1396.  374.    0.    0.
607. 592. 568. 561. 606. 644. 418. 478. 476.   0.
458. 972. 768. 595. 550. 471. 444. 330. 232. 130.
 478.  414.  448.  497.  626.  688. 1409.  390.    0.    0.
 434.  446.  518.  532.  581.  734. 1276.  429.    0.    0.
744. 864. 688. 543. 505. 520. 434. 336. 204. 112.
 416.  462.  600. 1174.  680.  545.  467.  290.  172.  144.
385. 593. 538. 504. 901. 827. 825. 328.  49.   0.
494. 520. 853. 808. 577. 529. 430. 321. 340.  78.
 439.  516.  951. 1012.  668.  501.  400.  291.  149.   23.
 450.  461.  554.  666. 1052.  718.  508.  354.  187.    0.
 485.  491.  507.  554.  678. 1134.  559.  441.  101.    0.
 536. 1024.  856.  653.  565.  489.  357.  235.  180.   55.
451. 510. 521. 725. 970. 653. 574. 361. 185.   0.
 507.  442.  538.  603.  663. 1014.  635.  444.  104.    0.
 528. 1035.  842.  665.  569.  507.  386.  268.  109.   41.
509. 883. 568. 770. 966. 728. 387. 125.  14.   0.
 566.  548.  697. 1325.  758.  547.  268.  210.   31.    0.
 489. 1065.  910.  667.  575.  481.  351.  249.  122.   41.
485. 426. 643. 656. 592. 827. 765. 373. 181.   2.
 386.  438.  591. 1014.  915.  499.  612.  333.  150.   12.
412. 472. 557. 645. 698. 928. 746. 331. 157.   4.
 425.  485.  608.  653. 1121.  630.  504.  311.  178.   35.
390. 471. 676. 861. 795. 515. 715. 340. 168.  19.
 387.  384.  475.  392.  516.  542. 1037.  508.  647.   62.
361. 393. 447. 465. 482. 509. 827. 559. 754. 153.
 419.  705.  928. 1044.  801.  476.  292.  199.   82.    4.
836. 939. 809. 704. 549. 445. 286. 181. 153.  48.
 444.  467.  466.  514.  589.  768. 1218.  484.    0.    0.
 467.  462.  496.  524.  600.  793. 1098.  510.    0.    0.
 447.  485.  495.  530.  582.  749. 1260.  402.    0.    0.
426. 491. 465. 564. 595. 883. 877. 605.  44.   0.
 465.  471.  515.  532.  618. 1086.  825.  400.   38.    0.
 468.  507.  487.  606. 1242.  794.  431.  290.  125.    0.
426. 491. 538. 834. 924. 656. 504. 289. 276.  12.
483. 474. 524. 623. 814. 820. 669. 437. 106.   0.
 443.  469.  468.  516.  602.  784. 1137.  531.    0.    0.
436. 442. 488. 532. 607. 897. 933. 615.   0.   0.
 419.  457.  472.  550.  591.  796. 1078.  587.    0.    0.
 464.  484.  517.  528.  583.  715. 1195.  464.    0.    0.
 448.  456.  535.  577. 1026.  742.  503.  398.  265.    0.
468. 448. 498. 565. 966. 973. 571. 303. 158.   0.
 449.  464.  487.  474.  574.  916. 1198.  388.    0.    0.
 426.  451.  500.  488.  604.  796. 1223.  462.    0.    0.
 462.  467.  491.  547.  724. 1320.  484.  354.  101.    0.
 414.  476.  452.  526.  600.  733. 1295.  454.    0.    0.
 463.  476.  506.  547.  620.  874. 1052.  412.    0.    0.
856. 852. 721. 590. 533. 495. 406. 268. 168.  61.
473. 609. 859. 714. 610. 487. 484. 411. 261.  42.
 464.  525.  880. 1057.  640.  496.  365.  271.  164.   88.
