505. 894. 812. 670. 496. 499. 404. 293. 246. 131.
 453.  522.  558.  668.  655. 1009.  971.  114.    0.    0.
763. 959. 787. 718. 565. 455. 298. 221. 131.  53.
871. 852. 686. 624. 512. 455. 412. 296. 195.  47.
 490.  630. 1196.  849.  622.  481.  309.  221.  125.   27.
375. 672. 632. 673. 851. 792. 583. 299.  73.   0.
 377.  421.  468.  460.  508.  599.  933. 1045.  139.    0.
 515.  720. 1018.  621.  539.  464.  469.  296.  241.   67.
463. 812. 625. 595. 593. 635. 575. 463. 185.   4.
685. 941. 843. 677. 563. 460. 333. 251. 161.  36.
 461.  472.  513.  548.  574.  753. 1056.  573.    0.    0.
401. 453. 488. 790. 884. 592. 425. 360. 337. 220.
450. 650. 994. 709. 652. 481. 327. 338. 197. 152.
 460. 1106.  774.  602.  521.  477.  440.  309.  160.  101.
 446. 1056.  801.  659.  550.  438.  408.  246.  206.  140.
507. 948. 759. 650. 450. 479. 435. 260. 255. 207.
 474. 1122.  640.  598.  539.  440.  398.  327.  268.  144.
 462. 1002.  770.  659.  535.  484.  358.  307.  182.  191.
 458.  479.  493.  479.  540.  652. 1361.  488.    0.    0.
 458.  481.  487.  490.  597.  731. 1257.  449.    0.    0.
 473.  484.  484.  466.  567.  712. 1347.  417.    0.    0.
 438.  448.  484.  510.  590.  722. 1303.  455.    0.    0.
 449.  459.  490.  515.  574.  706. 1306.  451.    0.    0.
 491.  427.  455.  479.  586.  740. 1310.  462.    0.    0.
742. 874. 710. 661. 576. 473. 362. 306. 203.  43.
 406.  420.  470.  470.  617.  591. 1119.  777.   80.    0.
 460.  733. 1081.  739.  589.  534.  387.  269.  123.   35.
600. 818. 616. 666. 642. 635. 583. 308.  79.   3.
876. 953. 837. 730. 542. 457. 271. 187.  82.  15.
847. 694. 592. 570. 542. 446. 370. 354. 274. 261.
 535.  534.  642.  890. 1191.  569.  348.  165.   70.    6.
485. 538. 552. 642. 877. 635. 536. 361. 256.  68.
467. 456. 504. 638. 995. 619. 526. 291. 327. 127.
634. 853. 929. 704. 632. 425. 348. 216. 161.  48.
 436.  451.  444.  519.  609.  716. 1348.  427.    0.    0.
 477.  504.  537.  653. 1021.  708.  509.  360.  181.    0.
 436.  483.  442.  527.  582.  740. 1256.  484.    0.    0.
 466.  526.  566.  716. 1349.  671.  410.  201.   45.    0.
 428.  486.  480.  507.  559.  713. 1315.  462.    0.    0.
422. 508. 528. 568. 698. 801. 515. 519. 320.  71.
 445.  438.  494.  475.  588.  710. 1362.  438.    0.    0.
456. 448. 495. 599. 773. 807. 589. 404. 288.  91.
538. 398. 508. 539. 938. 960. 612. 433.  24.   0.
688. 829. 656. 783. 594. 451. 389. 245. 219.  96.
 462.  532.  592.  750. 1273.  626.  523.  192.    0.    0.
915. 847. 686. 639. 565. 483. 372. 234. 160.  49.
 462.  583.  539.  656. 1197.  708.  728.   77.    0.    0.
 465.  478.  499.  528.  578.  688. 1274.  440.    0.    0.
462. 476. 519. 596. 882. 855. 566. 420. 155.  19.
572. 838. 850. 947. 766. 472. 345. 160.   0.   0.
 427.  464.  459.  537.  571.  724. 1318.  450.    0.    0.
414. 447. 556. 548. 881. 990. 473. 408. 199.  34.
