412. 631. 524. 815. 823. 586. 565. 423. 162.   9.
 364.  390.  420.  451.  566.  511. 1094.  580.  483.   91.
270. 673. 606. 762. 870. 873. 538. 358.   0.   0.
378. 709. 781. 637. 665. 659. 463. 356. 245.  57.
 447.  605. 1015.  662.  597.  460.  348.  338.  278.  200.
286. 632. 772. 833. 875. 702. 513. 228. 109.   0.
340. 772. 966. 972. 635. 659. 386. 205.  15.   0.
241. 562. 718. 897. 823. 719. 569. 299. 100.  22.
363. 823. 777. 718. 765. 614. 516. 278.  96.   0.
300. 628. 862. 961. 808. 656. 437. 179. 116.   3.
265. 619. 636. 855. 900. 762. 555. 260.  98.   0.
239. 593. 853. 830. 942. 642. 550. 235.  66.   0.
396. 752. 788. 753. 645. 624. 460. 271. 215.  46.
 432.  577. 1094.  695.  485.  465.  446.  326.  239.  191.
294. 676. 701. 698. 854. 817. 546. 364.   0.   0.
235. 539. 627. 695. 786. 777. 770. 373. 148.   0.
276. 696. 691. 711. 830. 922. 553. 271.   0.   0.
215. 524. 703. 778. 875. 769. 555. 368. 121.  42.
351. 701. 720. 739. 826. 755. 552. 291.  15.   0.
433. 593. 991. 642. 564. 471. 378. 340. 323. 215.
263. 567. 777. 890. 870. 696. 471. 262. 104.  50.
2.550e+02 7.360e+02 8.480e+02 9.230e+02 1.003e+03 7.190e+02 3.240e+02
 1.410e+02 1.000e+00 0.000e+00
261. 536. 609. 781. 997. 622. 647. 324. 137.  36.
308. 851. 882. 886. 800. 655. 416. 145.   7.   0.
282. 592. 745. 874. 885. 686. 481. 294.  96.  15.
258. 516. 604. 832. 862. 701. 544. 331. 253.  49.
318. 681. 941. 881. 870. 680. 413. 166.   0.   0.
247. 551. 705. 835. 866. 720. 565. 292. 129.  40.
236. 611. 622. 754. 806. 739. 669. 361. 152.   0.
306. 661. 678. 785. 920. 857. 480. 263.   0.   0.
 333.  685.  954. 1035.  815.  640.  325.  158.    5.    0.
345. 746. 742. 692. 630. 645. 447. 390. 264.  49.
190. 545. 698. 799. 815. 758. 548. 405. 149.  43.
257. 646. 810. 962. 850. 674. 413. 338.   0.   0.
358. 763. 780. 695. 726. 582. 522. 403. 121.   0.
360. 638. 745. 846. 803. 759. 498. 292.   9.   0.
397. 849. 797. 780. 811. 688. 413. 206.   9.   0.
