497. 476. 931. 916. 617. 490. 457. 306. 213.  47.
953. 895. 683. 631. 492. 501. 379. 263. 126.  27.
816. 899. 723. 598. 569. 480. 445. 299.  95.  26.
689. 822. 764. 804. 535. 499. 418. 219. 159.  41.
972. 957. 821. 697. 561. 411. 281. 161.  73.  16.
 577. 1019.  657.  581.  559.  464.  424.  380.  207.   82.
522. 876. 754. 641. 606. 565. 496. 344. 138.   8.
795. 935. 689. 606. 555. 477. 394. 281. 159.  59.
1004.  823.  687.  575.  514.  459.  410.  309.  154.   15.
920. 840. 740. 637. 530. 449. 352. 238. 192.  52.
838. 843. 718. 666. 493. 472. 381. 279. 174.  86.
932. 827. 778. 722. 521. 456. 305. 210. 139.  60.
884. 851. 724. 683. 557. 444. 327. 254. 149.  77.
 447.  491.  504.  553.  633. 1055.  651.  513.  103.    0.
 462.  506.  550.  622.  935. 1141.  510.  214.   10.    0.
 457.  472.  446.  455.  623.  782. 1367.  348.    0.    0.
 404.  512.  563.  610.  701. 1016.  976.  168.    0.    0.
 528.  483.  448.  466.  566.  719. 1137.  603.    0.    0.
 454.  469.  599.  599.  774. 1123.  818.  114.    0.    0.
433. 465. 524. 936. 938. 601. 423. 321. 282.  27.
 446.  448.  557. 1060.  732.  568.  529.  276.  334.    0.
 592.  839. 1142.  773.  620.  390.  259.  194.  113.   28.
 609.  831. 1178.  767.  600.  381.  287.  173.   94.   30.
410. 624. 867. 889. 986. 629. 389. 142.  14.   0.
 378.  569.  982. 1029.  875.  573.  352.  174.   18.    0.
546. 759. 756. 704. 571. 577. 478. 333. 207.  19.
507. 791. 779. 761. 668. 583. 387. 318. 139.  17.
498. 965. 732. 742. 626. 428. 316. 312. 256.  75.
453. 757. 654. 657. 729. 810. 650. 216.  24.   0.
794. 753. 623. 590. 562. 472. 421. 386. 247. 102.
721. 721. 676. 601. 514. 502. 530. 391. 244.  50.
 441.  459.  450.  547.  539.  730. 1322.  462.    0.    0.
 441.  445.  447.  556.  590.  710. 1359.  402.    0.    0.
 423.  472.  482.  491.  577.  732. 1361.  412.    0.    0.
 419.  403.  423.  478.  493.  599.  824. 1311.    0.    0.
 394.  409.  401.  413.  426.  498.  624. 1030.  755.    0.
 434.  454.  481.  526.  571.  698. 1452.  334.    0.    0.
 449.  430.  473.  518.  574.  729. 1398.  379.    0.    0.
 439.  408.  462.  487.  490.  624.  747. 1293.    0.    0.
 420.  430.  428.  392.  467.  537.  619. 1253.  404.    0.
 361.  413.  404.  423.  469.  555.  654. 1265.  406.    0.
 297.  318.  319.  350.  371.  372.  413.  481.  598. 1431.
 307.  304.  329.  356.  376.  375.  405.  501.  607. 1390.
 316.  312.  348.  334.  368.  374.  402.  455.  591. 1450.
 371.  387.  358.  387.  350.  421.  498.  667. 1207.  304.
 350.  317.  354.  412.  385.  442.  523.  615. 1270.  282.
 312.  306.  339.  334.  389.  380.  410.  504.  595. 1381.
915. 707. 587. 692. 657. 415. 279. 305. 261. 132.
898. 882. 814. 691. 562. 432. 292. 197. 120.  62.
909. 792. 833. 619. 574. 411. 375. 255. 114.  68.
923. 842. 785. 678. 538. 452. 356. 200. 122.  54.
 353.  402.  402.  395.  452.  560.  761. 1013.  514.   98.
 422.  562.  570.  644.  755. 1056.  675.  266.    0.    0.
381. 381. 397. 433. 429. 564. 773. 922. 583.  87.
 426.  534.  551.  585.  769. 1056.  781.  248.    0.    0.
 490.  446.  509.  500.  547.  816. 1100.  542.    0.    0.
 445.  498.  495.  575.  686. 1041.  980.  230.    0.    0.
 489.  461.  511.  522.  618.  727. 1078.  544.    0.    0.
 422.  473.  531.  555.  645.  945. 1085.  294.    0.    0.
462. 462. 543. 599. 837. 847. 729. 470.   1.   0.
 463.  465.  486.  631.  833. 1138.  539.  395.    0.    0.
 470.  542. 1010.  798.  556.  523.  425.  336.  243.   47.
883. 848. 718. 632. 570. 446. 338. 298. 140.  77.
 504. 1033.  925.  726.  613.  442.  322.  248.  117.   20.
