824. 841. 796. 602. 551. 424. 287. 322. 187. 116.
844. 758. 792. 761. 504. 395. 453. 226. 141.  76.
711. 729. 653. 614. 626. 581. 520. 451.  65.   0.
742. 727. 720. 702. 674. 557. 333. 228. 214.  53.
463. 647. 676. 583. 590. 630. 634. 727.   0.   0.
515. 849. 665. 549. 560. 587. 550. 483. 192.   0.
687. 654. 657. 546. 575. 476. 389. 368. 365. 233.
 446.  505.  498.  523.  603.  748. 1342.  285.    0.    0.
 599. 1031.  889.  736.  556.  458.  326.  204.  104.   47.
596. 929. 867. 633. 499. 506. 407. 291. 195.  27.
979. 821. 732. 761. 596. 403. 256. 233. 124.  45.
928. 852. 756. 618. 534. 462. 344. 262. 146.  48.
896. 786. 740. 639. 487. 470. 414. 234. 208.  76.
 614. 1021.  815.  669.  520.  517.  361.  252.  142.   39.
430. 788. 783. 669. 801. 546. 535. 398.   0.   0.
373. 839. 965. 973. 869. 419. 281. 225.   6.   0.
404. 933. 858. 865. 802. 539. 378. 171.   0.   0.
 422.  800. 1001.  777.  734.  673.  316.  121.  106.    0.
805. 778. 771. 712. 614. 445. 337. 280. 134.  74.
798. 831. 775. 692. 564. 516. 354. 227. 138.  55.
493. 478. 514. 564. 912. 879. 540. 404. 166.   0.
 444.  483.  480.  561.  784. 1051.  504.  418.  225.    0.
 424.  463.  485.  480.  541.  669. 1170.  718.    0.    0.
 410.  439.  469.  517.  582.  700. 1244.  589.    0.    0.
264. 597. 845. 987. 787. 724. 551. 180.  15.   0.
853. 819. 792. 598. 606. 440. 405. 270. 143.  24.
864. 772. 714. 648. 582. 428. 427. 316. 172.  27.
837. 739. 740. 624. 556. 444. 421. 290. 219.  80.
728. 741. 681. 638. 492. 515. 429. 386. 340.   0.
376. 884. 782. 648. 875. 772. 493. 120.   0.   0.
 326.  611.  855. 1031.  748.  756.  423.  198.    2.    0.
