425. 459. 727. 797. 672. 526. 398. 276. 235. 435.
 380.  437.  454.  498.  551. 1053.  659.  528.  390.    0.
 511. 1009.  827.  684.  530.  492.  387.  282.  172.   56.
 548. 1052.  766.  658.  508.  478.  371.  268.  176.  125.
617. 925. 837. 655. 570. 446. 393. 260. 202.  45.
492. 559. 673. 923. 890. 787. 469. 130.  27.   0.
942. 854. 769. 671. 539. 431. 329. 233. 148.  34.
920. 805. 710. 635. 542. 468. 365. 266. 170.  69.
898. 772. 723. 645. 565. 434. 347. 272. 223.  71.
952. 900. 735. 621. 564. 445. 349. 243. 115.  26.
858. 937. 708. 615. 531. 533. 414. 240.  96.  18.
 462.  536. 1045.  796.  695.  449.  436.  258.  211.   62.
452. 555. 713. 890. 615. 512. 507. 393. 256.  57.
 471.  612. 1138.  885.  689.  479.  323.  201.  120.   32.
496. 523. 716. 906. 642. 535. 469. 382. 247.  34.
446. 481. 615. 985. 818. 565. 402. 363. 238.  37.
 459.  532.  599. 1006.  781.  548.  414.  352.  232.   27.
 444.  596. 1184.  929.  650.  491.  301.  209.  129.   17.
 365.  374.  379.  496.  537. 1047.  622.  438.  541.  151.
513. 835. 922. 539. 495. 426. 492. 452. 218.  58.
463. 453. 565. 520. 736. 994. 863. 300.  56.   0.
578. 866. 902. 721. 501. 528. 255. 344. 255.   0.
459. 795. 789. 612. 536. 451. 387. 327. 337. 257.
439. 595. 907. 996. 659. 567. 393. 219. 155.  20.
462. 557. 973. 988. 721. 553. 371. 226.  94.   5.
 433.  474.  489.  575.  633. 1058.  950.  325.   13.    0.
 551.  493. 1002.  778.  585.  484.  397.  280.  353.   27.
506. 600. 988. 841. 597. 548. 423. 430.  17.   0.
451. 550. 675. 935. 680. 568. 419. 351. 249.  72.
 485.  593. 1084.  770.  612.  494.  380.  330.  180.   22.
875. 864. 754. 638. 562. 446. 374. 220. 146.  71.
451. 497. 462. 571. 638. 740. 848. 590. 153.   0.
470. 438. 516. 582. 925. 868. 592. 372. 187.   0.
 479.  457.  519.  555. 1298.  806.  415.  258.  163.    0.
459. 464. 578. 606. 857. 663. 479. 534. 310.   0.
 464.  461.  500.  555.  723. 1342.  580.  268.   57.    0.
934. 838. 724. 648. 568. 440. 341. 263. 172.  22.
448. 496. 542. 686. 837. 606. 518. 435. 367.  15.
 468.  431.  456.  608.  655. 1018.  840.  361.  113.    0.
870. 860. 749. 720. 486. 493. 301. 260. 140.  71.
 434.  447.  466.  534.  752. 1075.  623.  532.   87.    0.
448. 504. 545. 591. 741. 727. 684. 484. 226.   0.
 465.  478.  484.  585.  830. 1050.  547.  326.  185.    0.
 442.  504.  476.  585.  856. 1086.  553.  310.  138.    0.
446. 467. 510. 584. 857. 983. 500. 405. 198.   0.
477. 464. 534. 595. 736. 802. 652. 495. 195.   0.
 429.  477.  491.  598.  802. 1062.  555.  376.  160.    0.
