 488.  937. 1166. 1049.  661.  367.  160.   95.   27.    0.
 496.  918. 1099.  976.  571.  387.  312.  135.   56.    0.
556. 790. 629. 596. 833. 864. 527. 153.   2.   0.
359. 665. 891. 922. 767. 582. 461. 299.   4.   0.
 421.  462. 1066.  750.  593.  517.  428.  326.  254.  133.
259. 604. 758. 931. 741. 779. 539. 228.  91.  20.
323. 458. 713. 913. 979. 522. 387. 410. 222.  23.
593. 738. 863. 670. 658. 506. 524. 343.  55.   0.
389. 759. 799. 803. 799. 653. 501. 247.   0.   0.
303. 568. 672. 952. 794. 600. 576. 458.  27.   0.
456. 682. 804. 827. 780. 509. 436. 438.  18.   0.
 440.  481. 1014.  732.  624.  498.  441.  311.  268.  141.
272. 533. 655. 717. 748. 855. 688. 301. 137.  44.
295. 546. 851. 845. 861. 714. 605. 233.   0.   0.
 387.  382.  407.  444.  455.  483.  604. 1259.  418.  111.
241. 514. 783. 756. 853. 716. 516. 394. 177.   0.
270. 568. 887. 791. 786. 727. 486. 280. 122.  33.
440. 675. 808. 688. 476. 446. 444. 536. 386.  51.
294. 659. 933. 863. 746. 586. 370. 321. 167.  11.
250. 633. 874. 899. 870. 727. 486. 163.  32.  16.
442. 681. 800. 608. 444. 436. 554. 337. 468. 180.
310. 578. 789. 720. 735. 737. 411. 456. 168.  46.
319. 650. 797. 752. 638. 762. 445. 437. 132.  18.
