480. 497. 485. 503. 578. 704. 996. 707.   0.   0.
 414.  461.  486.  539.  574.  740. 1320.  416.    0.    0.
 438.  452.  515.  433.  614.  723. 1448.  327.    0.    0.
 452.  451.  486.  493.  591.  758. 1340.  379.    0.    0.
 436.  455.  481.  521.  545.  742. 1486.  284.    0.    0.
 434.  446.  465.  501.  613.  737. 1391.  363.    0.    0.
 449.  463.  486.  500.  547.  731. 1443.  331.    0.    0.
 437.  473.  483.  528.  537.  719. 1322.  451.    0.    0.
 441.  418.  501.  521.  572.  718. 1324.  455.    0.    0.
 468.  463.  465.  536.  570.  690. 1529.  229.    0.    0.
 467.  424.  469.  543.  613.  727. 1350.  357.    0.    0.
 453.  469.  451.  505.  577.  722. 1301.  472.    0.    0.
 466.  418.  442.  542.  579.  719. 1423.  361.    0.    0.
 467.  481.  490.  498.  528.  683. 1351.  452.    0.    0.
453. 829. 969. 681. 593. 470. 396. 278. 178. 103.
 349.  396.  445.  450.  504. 1047.  596.  450.  565.  148.
729. 875. 685. 624. 634. 415. 294. 280. 216. 198.
427. 426. 946. 746. 577. 494. 431. 310. 247. 346.
939. 905. 740. 638. 546. 459. 360. 242.  99.  22.
780. 788. 682. 597. 508. 442. 421. 302. 272. 158.
 454.  528.  567.  663.  754. 1012.  632.  311.   29.    0.
