 602.  585.  612.  645.  708. 1045.  558.  195.    0.    0.
 562.  612.  582.  646.  644. 1308.  468.  116.   12.    0.
 579.  499.  462.  539.  632. 1285.  601.  221.  132.    0.
 572.  596.  593.  643.  716. 1099.  554.  150.   27.    0.
 448.  410.  471.  559.  582.  709. 1322.  449.    0.    0.
 458.  483.  493.  491.  586.  724. 1102.  613.    0.    0.
 426.  436.  514.  496.  589.  715. 1256.  518.    0.    0.
843. 801. 725. 647. 566. 549. 448. 237. 111.  23.
935. 851. 783. 678. 562. 438. 299. 221. 137.  46.
969. 848. 695. 642. 536. 447. 367. 275. 142.  29.
438. 452. 588. 688. 842. 739. 444. 459. 300.   0.
438. 515. 482. 556. 863. 714. 598. 540. 244.   0.
 439.  479.  488.  525.  577.  711. 1286.  445.    0.    0.
 449.  449.  496.  498.  592.  713. 1328.  425.    0.    0.
 450.  449.  503.  493.  565.  719. 1350.  421.    0.    0.
 425.  468.  475.  514.  578.  729. 1330.  431.    0.    0.
 444.  471.  470.  482.  564.  728. 1387.  404.    0.    0.
 451.  461.  468.  559.  572.  745. 1277.  417.    0.    0.
 417.  469.  485.  489.  591.  721. 1320.  458.    0.    0.
 437.  439.  457.  541.  598.  695. 1353.  430.    0.    0.
