299. 843. 798. 956. 843. 603. 373. 181.  53.   1.
250. 646. 706. 832. 987. 761. 403. 248.  95.  22.
489. 872. 719. 594. 510. 465. 386. 357. 292. 266.
417. 905. 791. 727. 569. 564. 492. 410.  75.   0.
269. 715. 761. 831. 867. 773. 502. 232.   0.   0.
 330.  731. 1011. 1138.  727.  600.  341.   72.    0.    0.
347. 703. 802. 979. 984. 722. 357.  56.   0.   0.
 337.  875.  926. 1089.  908.  493.  216.  104.    2.    0.
 479.  802. 1049. 1260.  873.  383.   98.    6.    0.    0.
 398.  829.  857. 1129.  937.  503.  192.  105.    0.    0.
356. 827. 906. 942. 793. 578. 381. 146.  21.   0.
 400.  751.  924. 1216.  883.  530.  208.   38.    0.    0.
 494. 1117.  836.  645.  532.  490.  387.  306.  143.    0.
435. 969. 707. 730. 727. 569. 525. 247.  41.   0.
 387.  824.  793. 1029. 1087.  609.  210.   11.    0.    0.
 402.  790. 1218. 1068.  761.  511.  182.   18.    0.    0.
 304.  764.  844. 1050.  954.  648.  334.   52.    0.    0.
 384. 1049. 1100. 1134.  738.  334.  153.   53.    5.    0.
 345.  763.  794. 1088.  974.  601.  306.   79.    0.    0.
367. 791. 820. 975. 990. 583. 261. 149.  14.   0.
369. 847. 911. 971. 764. 553. 352. 159.  24.   0.
 403.  852.  971. 1255.  870.  399.  176.   24.    0.    0.
 508. 1190.  850.  759.  635.  381.  282.  211.  131.    3.
386. 932. 800. 730. 723. 640. 410. 267.  62.   0.
299. 737. 803. 916. 918. 664. 393. 220.   0.   0.
 280.  699.  769. 1092.  928.  586.  413.  173.   10.    0.
213. 672. 608. 730. 873. 807. 610. 348.  89.   0.
275. 771. 817. 911. 888. 571. 348. 254. 105.  10.
 250.  705.  692.  835. 1017.  745.  413.  215.   72.    6.
 352.  902.  910. 1000.  918.  511.  237.  109.   11.    0.
 326.  902.  936. 1078.  862.  482.  224.  120.   20.    0.
 496.  781. 1030. 1296.  749.  422.  163.   13.    0.    0.
 509. 1159.  872.  735.  571.  420.  338.  243.  103.    0.
427. 891. 751. 817. 824. 536. 457. 219.  28.   0.
 356.  764.  927. 1075.  941.  605.  260.   22.    0.    0.
 369.  793. 1123. 1071.  692.  589.  287.   26.    0.    0.
373. 790. 753. 955. 945. 732. 344.  58.   0.   0.
 334.  889.  958. 1029.  849.  530.  269.   83.    9.    0.
 437.  776.  992. 1250.  896.  420.  169.   10.    0.    0.
 396.  963.  917. 1165.  870.  479.  108.   52.    0.    0.
351. 819. 823. 971. 816. 566. 428. 165.  11.   0.
 494.  930. 1176. 1270.  750.  281.   47.    2.    0.    0.
 559. 1145.  823.  628.  522.  470.  397.  291.  115.    0.
 414. 1014.  744.  903.  799.  533.  357.  157.   29.    0.
 386.  728.  827. 1021.  982.  677.  316.   13.    0.    0.
 409.  860. 1255. 1182.  678.  386.  165.   15.    0.    0.
 362.  713.  733. 1000.  983.  692.  423.   44.    0.    0.
 342.  847.  908. 1122.  875.  482.  251.  115.    8.    0.
 473.  706.  885. 1231.  932.  550.  166.    7.    0.    0.
446. 841. 707. 902. 918. 646. 379. 111.   0.   0.
 327.  923.  985. 1070.  847.  463.  216.  105.   14.    0.
 525.  845. 1011. 1244.  824.  398.   99.    4.    0.    0.
 496. 1133.  835.  656.  548.  476.  359.  258.  189.    0.
 464. 1117.  926.  858.  685.  423.  260.  210.    7.    0.
352. 821. 836. 998. 953. 675. 275.  40.   0.   0.
 333.  740. 1000. 1139.  864.  555.  302.   17.    0.    0.
 420.  716.  860. 1075.  909.  569.  388.   13.    0.    0.
 352.  806.  967. 1103.  817.  549.  218.  135.    3.    0.
 471.  735.  659. 1161. 1200.  516.  183.   25.    0.    0.
 396.  859.  912. 1179.  841.  431.  246.   86.    0.    0.
 353.  852.  846. 1002.  831.  552.  381.  126.    7.    0.
 512.  842. 1102. 1285.  742.  311.  154.    2.    0.    0.
 518. 1145.  730.  639.  562.  428.  418.  350.  160.    0.
416. 993. 760. 749. 762. 666. 361. 208.  35.   0.
 354.  799.  787. 1002. 1071.  658.  270.    9.    0.    0.
 365.  729. 1086. 1102.  742.  628.  282.   16.    0.    0.
 355.  805.  864. 1028. 1017.  643.  235.    3.    0.    0.
 326.  926.  994. 1126.  850.  436.  200.   80.   12.    0.
 469.  770. 1025. 1286.  810.  439.  147.    4.    0.    0.
 360.  943.  953. 1105.  914.  429.  210.   36.    0.    0.
 296.  906.  939. 1074.  853.  460.  223.  161.   38.    0.
2.590e+02 6.960e+02 6.210e+02 7.780e+02 1.058e+03 7.630e+02 4.360e+02
 2.480e+02 9.000e+01 1.000e+00
437. 906. 827. 721. 559. 420. 427. 317. 135. 201.
384. 825. 700. 659. 598. 577. 388. 424. 352.  43.
239. 692. 674. 749. 933. 844. 549. 222.  48.   0.
316. 706. 750. 796. 835. 674. 619. 244.  10.   0.
287. 758. 808. 918. 851. 706. 456. 166.   0.   0.
 326.  858. 1107. 1050.  766.  409.  283.  127.   24.    0.
 445.  696. 1027. 1247.  771.  460.  261.   43.    0.    0.
 381.  812.  836. 1093.  832.  514.  258.  224.    0.    0.
 310.  851. 1001. 1082.  917.  468.  182.  114.   25.    0.
 350.  752.  898. 1114.  947.  489.  275.  125.    0.    0.
698. 805. 556. 580. 454. 432. 358. 403. 585.  79.
455. 966. 729. 666. 646. 597. 523. 316.  52.   0.
 314.  797.  800. 1069.  941.  695.  297.   37.    0.    0.
 422.  818. 1233. 1144.  675.  492.  160.    6.    0.    0.
341. 801. 888. 996. 858. 672. 371.  23.   0.   0.
 314.  864.  956. 1036.  798.  473.  356.  146.    7.    0.
 395.  812. 1045. 1212.  858.  439.  162.   27.    0.    0.
 380.  829.  901. 1118.  891.  485.  206.  138.    2.    0.
372. 756. 768. 935. 867. 599. 343. 295.  15.   0.
 472.  910. 1063. 1306.  783.  310.  106.    0.    0.    0.
 540. 1067.  723.  588.  497.  511.  364.  433.  227.    0.
 406. 1009.  726.  721.  683.  587.  503.  260.   55.    0.
 352.  788.  886. 1066.  893.  630.  280.   55.    0.    0.
327. 746. 884. 997. 678. 624. 543. 151.   0.   0.
311. 683. 806. 822. 858. 725. 531. 209.   5.   0.
 294.  743.  865. 1061.  862.  632.  259.  183.   49.    2.
 262.  543.  459.  689. 1001.  729.  520.  480.  221.   46.
 325.  750.  681.  877. 1053.  673.  355.  174.   62.    0.
