 429.  520. 1100.  759.  609.  488.  386.  259.  249.  151.
 481. 1141.  669.  578.  578.  488.  423.  276.  183.  133.
 464.  454.  450.  515.  564.  699. 1341.  463.    0.    0.
 422.  484.  464.  561.  566.  730. 1292.  431.    0.    0.
 441.  458.  480.  499.  589.  706. 1323.  454.    0.    0.
 442.  440.  482.  522.  582.  736. 1287.  459.    0.    0.
 421.  444.  486.  534.  573.  724. 1320.  448.    0.    0.
393. 514. 733. 780. 509. 470. 410. 406. 393. 342.
 453.  451.  482.  519.  594.  698. 1294.  459.    0.    0.
 429.  469.  478.  521.  608.  697. 1307.  441.    0.    0.
438. 473. 830. 973. 581. 424. 447. 384. 163. 237.
 428.  489.  477.  513.  559.  743. 1326.  415.    0.    0.
 474.  451.  476.  495.  560.  723. 1302.  469.    0.    0.
972. 853. 795. 691. 588. 420. 261. 187. 159.  24.
932. 861. 773. 628. 559. 435. 377. 215. 136.  34.
911. 865. 768. 653. 577. 416. 317. 223. 166.  54.
924. 701. 687. 659. 636. 438. 307. 232. 256. 110.
967. 896. 779. 693. 541. 427. 287. 215. 115.  30.
919. 836. 726. 683. 569. 422. 346. 235. 163.  51.
864. 850. 774. 626. 537. 475. 328. 246. 153.  97.
922. 854. 763. 661. 501. 461. 358. 234. 124.  72.
929. 848. 780. 633. 577. 405. 338. 241. 149.  50.
978. 881. 722. 557. 499. 460. 383. 274. 137.  59.
951. 905. 784. 667. 536. 454. 330. 205.  95.  23.
948. 886. 810. 673. 557. 439. 304. 200.  84.  49.
929. 797. 666. 622. 535. 435. 389. 327. 197.  53.
979. 809. 744. 598. 439. 458. 400. 257. 189.  77.
909. 811. 711. 568. 515. 489. 424. 275. 183.  65.
955. 861. 800. 719. 585. 381. 275. 214. 143.  17.
879. 887. 728. 676. 563. 427. 330. 261. 146.  53.
949. 814. 681. 636. 529. 461. 387. 301. 154.  38.
961. 768. 665. 639. 605. 411. 356. 318. 191.  36.
910. 782. 737. 660. 550. 456. 339. 243. 212.  61.
978. 850. 654. 534. 509. 515. 434. 308. 142.  26.
904. 821. 802. 684. 526. 439. 334. 204. 162.  74.
889. 791. 715. 622. 571. 417. 347. 345. 163.  90.
908. 774. 641. 591. 486. 493. 417. 302. 222. 116.
 415.  526. 1249.  668.  552.  512.  397.  324.  226.   81.
 476. 1057.  731.  642.  567.  508.  370.  265.  173.  161.
 473.  443.  446.  484.  584.  745. 1342.  433.    0.    0.
 448.  452.  440.  532.  575.  739. 1296.  468.    0.    0.
 451.  427.  467.  520.  572.  737. 1325.  451.    0.    0.
 430.  459.  469.  501.  593.  730. 1320.  448.    0.    0.
 459.  444.  444.  531.  587.  727. 1333.  425.    0.    0.
382. 459. 772. 897. 716. 565. 377. 279. 243. 260.
 437.  474.  470.  488.  581.  722. 1355.  423.    0.    0.
 441.  435.  477.  543.  559.  729. 1306.  460.    0.    0.
421. 399. 787. 990. 605. 473. 537. 247. 206. 285.
 448.  438.  495.  497.  584.  737. 1306.  445.    0.    0.
 437.  421.  480.  537.  589.  718. 1308.  460.    0.    0.
1044.  823.  749.  708.  621.  387.  279.  229.   89.   21.
962. 832. 739. 628. 509. 448. 395. 273. 131.  33.
898. 755. 689. 568. 488. 460. 442. 289. 245. 116.
906. 843. 703. 570. 544. 469. 410. 285. 164.  56.
957. 808. 709. 505. 558. 462. 461. 282. 144.  64.
982. 930. 794. 686. 525. 421. 314. 193.  87.  18.
1016.  934.  845.  688.  537.  425.  278.  143.   75.    9.
934. 848. 710. 576. 531. 496. 388. 271. 171.  25.
954. 829. 755. 642. 546. 459. 375. 232. 116.  42.
946. 873. 776. 702. 543. 443. 305. 190. 143.  29.
986. 889. 823. 679. 560. 430. 277. 182.  92.  32.
971. 818. 653. 533. 488. 498. 449. 334. 164.  42.
909. 821. 733. 625. 516. 472. 355. 287. 158.  74.
979. 877. 760. 701. 553. 417. 332. 229.  94.   8.
953. 878. 792. 665. 593. 418. 303. 184. 130.  34.
931. 896. 835. 685. 549. 426. 303. 158. 126.  41.
921. 872. 770. 674. 548. 454. 342. 198. 121.  50.
903. 780. 742. 660. 545. 428. 374. 234. 200.  84.
972. 823. 739. 565. 491. 466. 384. 274. 195.  41.
1042.  969.  819.  654.  532.  374.  260.  173.   98.   29.
940. 853. 786. 663. 536. 443. 370. 195. 117.  47.
877. 924. 684. 620. 569. 414. 365. 286. 140.  71.
897. 863. 699. 629. 532. 456. 395. 275. 143.  61.
973. 873. 816. 712. 564. 411. 272. 175. 121.  33.
422. 563. 958. 648. 576. 506. 355. 319. 355. 248.
 498. 1086.  715.  662.  560.  474.  324.  290.  227.  114.
 478.  476.  421.  483.  588.  719. 1307.  478.    0.    0.
 442.  430.  484.  527.  589.  715. 1324.  439.    0.    0.
 438.  423.  484.  541.  567.  724. 1311.  462.    0.    0.
 416.  477.  511.  485.  606.  687. 1339.  429.    0.    0.
 465.  438.  483.  542.  608.  688. 1295.  431.    0.    0.
448. 486. 792. 796. 528. 427. 456. 435. 281. 301.
 458.  459.  455.  516.  574.  697. 1324.  467.    0.    0.
 446.  423.  511.  507.  574.  705. 1316.  468.    0.    0.
445. 433. 762. 824. 571. 515. 464. 334. 317. 285.
 490.  438.  499.  535.  590.  693. 1290.  415.    0.    0.
 435.  466.  501.  497.  570.  711. 1286.  484.    0.    0.
942. 822. 723. 651. 582. 424. 353. 269. 150.  34.
949. 869. 795. 711. 567. 410. 291. 185. 124.  49.
918. 844. 723. 707. 568. 466. 275. 228. 143.  78.
1035.  812.  598.  463.  463.  504.  501.  376.  169.   29.
937. 893. 799. 688. 536. 435. 300. 206. 110.  46.
996. 849. 697. 725. 652. 390. 263. 206. 127.  45.
918. 863. 746. 678. 594. 397. 313. 242. 136.  63.
931. 857. 771. 692. 576. 432. 296. 223. 132.  40.
948. 848. 711. 671. 580. 408. 327. 272. 145.  40.
943. 852. 769. 638. 548. 449. 343. 255. 104.  49.
984. 826. 882. 644. 592. 440. 256. 164. 119.  43.
930. 880. 782. 670. 537. 451. 344. 206. 107.  43.
940. 739. 737. 621. 509. 503. 367. 242. 222.  70.
985. 854. 801. 663. 546. 496. 283. 184. 108.  30.
901. 831. 750. 632. 546. 452. 370. 261. 158.  49.
903. 768. 793. 552. 583. 416. 404. 276. 179.  76.
975. 845. 719. 738. 617. 398. 230. 240. 119.  69.
901. 836. 691. 583. 486. 486. 420. 302. 177.  68.
891. 871. 751. 653. 536. 456. 359. 236. 138.  59.
926. 866. 816. 641. 570. 437. 310. 223. 131.  30.
950. 769. 728. 617. 500. 499. 361. 269. 221.  36.
914. 864. 735. 636. 558. 453. 378. 230. 127.  55.
990. 921. 710. 628. 578. 457. 387. 185.  93.   1.
939. 755. 685. 687. 604. 478. 289. 187. 212. 114.
 420.  567. 1020.  676.  610.  528.  377.  239.  279.  234.
 446. 1164.  771.  687.  544.  464.  377.  262.  165.   70.
 472.  459.  437.  508.  609.  712. 1295.  458.    0.    0.
 425.  473.  481.  538.  559.  744. 1294.  436.    0.    0.
 445.  436.  475.  514.  578.  759. 1297.  446.    0.    0.
 454.  418.  448.  539.  623.  661. 1356.  451.    0.    0.
 423.  460.  469.  515.  577.  719. 1314.  473.    0.    0.
423. 445. 794. 894. 656. 539. 406. 349. 231. 213.
 428.  471.  469.  519.  587.  704. 1290.  482.    0.    0.
 446.  453.  469.  487.  578.  747. 1318.  452.    0.    0.
433. 443. 784. 797. 476. 435. 442. 433. 344. 363.
 440.  462.  481.  516.  610.  703. 1293.  445.    0.    0.
 418.  440.  499.  506.  585.  717. 1327.  458.    0.    0.
978. 896. 854. 691. 544. 424. 270. 188.  83.  22.
928. 791. 731. 609. 495. 481. 402. 263. 185.  65.
937. 906. 806. 677. 559. 412. 306. 194. 107.  46.
978. 907. 829. 676. 539. 408. 274. 184. 112.  43.
958. 917. 746. 656. 519. 469. 317. 244.  82.  42.
964. 840. 706. 625. 554. 469. 352. 256. 145.  39.
942. 806. 698. 727. 555. 416. 329. 287. 152.  38.
927. 828. 742. 557. 537. 436. 416. 285. 164.  58.
977. 849. 745. 667. 541. 432. 311. 231. 150.  47.
901. 846. 723. 640. 539. 456. 357. 271. 156.  61.
984. 827. 681. 581. 534. 499. 378. 287. 149.  30.
963. 830. 666. 580. 533. 492. 417. 272. 149.  48.
913. 824. 752. 635. 541. 474. 343. 245. 173.  50.
911. 811. 704. 587. 541. 438. 399. 303. 193.  63.
944. 822. 711. 669. 523. 453. 394. 262. 107.  65.
968. 860. 763. 604. 506. 460. 365. 243. 140.  41.
957. 741. 692. 684. 586. 397. 327. 316. 193.  57.
902. 791. 748. 659. 484. 455. 405. 236. 175.  95.
948. 836. 747. 679. 548. 472. 308. 206. 156.  50.
957. 871. 770. 682. 580. 426. 298. 213. 113.  40.
947. 815. 728. 579. 494. 456. 403. 276. 209.  43.
927. 829. 745. 680. 584. 401. 335. 264. 147.  38.
988. 906. 824. 743. 537. 413. 250. 165.  94.  30.
978. 852. 812. 716. 539. 439. 280. 150. 105.  79.
