 451.  531.  749. 1047.  707.  522.  420.  319.  176.   28.
 500.  567.  775. 1209.  693.  529.  379.  176.  116.    6.
533. 507. 619. 973. 604. 522. 410. 359. 318. 105.
 463.  500.  810. 1024.  725.  505.  455.  244.  185.   39.
 523.  501.  851. 1076.  642.  577.  409.  251.  105.   15.
757. 859. 655. 589. 580. 462. 397. 353. 267.  31.
900. 748. 743. 647. 539. 454. 393. 247. 224.  55.
817. 821. 734. 623. 590. 520. 449. 248. 114.  34.
568. 664. 803. 699. 716. 587. 778. 127.   8.   0.
907. 820. 787. 701. 594. 448. 340. 223. 103.  27.
 357.  423.  384.  420.  412.  513.  565. 1326.  429.  121.
577. 580. 521. 544. 555. 582. 771. 820.   0.   0.
 455.  533.  917. 1147.  724.  498.  333.  200.  108.   35.
 523.  580. 1048.  727.  639.  497.  381.  306.  205.   44.
 556. 1183. 1040.  755.  584.  389.  250.  129.   42.   22.
596. 566. 522. 484. 524. 589. 741. 928.   0.   0.
331. 751. 687. 684. 816. 806. 639. 229.   7.   0.
330. 854. 662. 667. 673. 809. 680. 274.   1.   0.
