 404.  680.  756.  833. 1096.  819.  264.   98.    0.    0.
727. 804. 688. 576. 581. 488. 333. 281. 228. 244.
744. 767. 542. 510. 515. 464. 385. 283. 345. 395.
858. 613. 657. 680. 415. 429. 469. 290. 192. 347.
891. 783. 721. 612. 569. 439. 380. 241. 173. 141.
795. 789. 630. 573. 468. 464. 411. 313. 298. 209.
848. 714. 551. 500. 505. 474. 306. 313. 342. 397.
302. 575. 736. 926. 977. 658. 292. 339. 143.   2.
 486.  791.  973. 1020.  796.  470.  251.  129.   34.    0.
326. 532. 718. 932. 952. 626. 345. 312. 204.   3.
437. 917. 982. 908. 758. 494. 279. 136.  39.   0.
 436. 1128.  806.  653.  541.  490.  331.  312.  137.  116.
 460. 1152.  701.  571.  500.  491.  437.  298.  219.  121.
 447.  448.  492.  501.  568.  726. 1300.  468.    0.    0.
 411.  454.  478.  516.  571.  754. 1308.  458.    0.    0.
371. 389. 425. 443. 536. 981. 664. 453. 574. 114.
381. 399. 485. 430. 417. 961. 642. 478. 603. 154.
 357.  402.  414.  450.  500.  511. 1001.  856.  387.   72.
350. 408. 413. 472. 559. 971. 618. 405. 622. 132.
 417.  574.  566.  733. 1134.  967.  373.  151.   35.    0.
457. 742. 727. 746. 814. 556. 352. 252. 200. 104.
 454.  695.  752.  847. 1065.  503.  185.  196.  197.   56.
378. 567. 562. 745. 908. 897. 556. 294.  43.   0.
335. 637. 775. 853. 964. 633. 409. 207. 108.  29.
 546. 1323.  745.  528.  431.  419.  380.  327.  172.   79.
 449. 1060.  742.  590.  495.  480.  400.  354.  210.  170.
395. 581. 599. 734. 929. 799. 594. 281.  38.   0.
395. 665. 787. 940. 924. 527. 344. 230. 129.   9.
560. 959. 876. 662. 548. 481. 352. 251. 249.  12.
558. 969. 802. 735. 485. 459. 406. 222. 154. 160.
417. 549. 584. 750. 966. 752. 536. 353.  43.   0.
 322.  577.  681.  918. 1020.  627.  381.  259.  133.   32.
412. 633. 640. 740. 711. 413. 371. 462. 514.  54.
480. 719. 734. 767. 831. 525. 320. 239. 218. 117.
588. 747. 685. 596. 574. 431. 438. 458. 317. 116.
571. 995. 696. 588. 465. 500. 411. 354. 231. 139.
441. 675. 715. 774. 866. 552. 417. 297. 201.  12.
 337.  573.  676. 1026.  855.  588.  455.  278.  147.   15.
362. 538. 585. 848. 971. 511. 261. 336. 385. 153.
476. 644. 618. 852. 826. 368. 416. 541. 209.   0.
576. 689. 758. 801. 631. 428. 386. 420. 257.   4.
 501.  853. 1037.  897.  762.  448.  210.  188.   54.    0.
 368.  706.  809. 1014.  989.  482.  280.  174.  113.   15.
591. 757. 901. 721. 501. 465. 340. 344. 324.   6.
399. 598. 616. 679. 848. 727. 583. 408.  92.   0.
394. 651. 755. 997. 957. 473. 302. 227. 167.  27.
569. 814. 729. 708. 563. 398. 424. 411. 325.   9.
 630. 1063.  733.  707.  677.  443.  278.  192.  140.   87.
414. 590. 575. 718. 873. 819. 628. 283.  50.   0.
401. 628. 715. 957. 922. 685. 396. 195.  45.   6.
624. 815. 935. 494. 473. 463. 468. 380. 207.  91.
389. 446. 462. 528. 993. 513. 452. 410. 374. 383.
 398.  400.  429.  496. 1085.  566.  540.  416.  197.  423.
 386.  400.  443.  518. 1178.  638.  501.  305.  259.  322.
 379.  377.  391.  473.  488.  413.  693. 1212.  430.   94.
 473. 1040.  755.  601.  555.  430.  397.  305.  234.  160.
 437.  460.  491.  501.  599.  716. 1296.  450.    0.    0.
 432.  477.  453.  517.  556.  764. 1317.  434.    0.    0.
 474.  428.  471.  480.  583.  759. 1305.  450.    0.    0.
 481.  464.  519.  491.  558.  765. 1267.  405.    0.    0.
 384.  432.  399.  444.  617. 1106.  515.  443.  512.   98.
 383.  429.  443.  450. 1182.  714.  419.  295.  259.  376.
 404.  381.  481.  513. 1049.  503.  515.  451.  319.  334.
385. 423. 440. 477. 527. 728. 925. 742. 303.   0.
415. 388. 454. 496. 517. 636. 924. 797. 323.   0.
