 484.  417.  458.  528.  589.  757. 1247.  470.    0.    0.
538. 783. 868. 634. 592. 567. 466. 386. 116.   0.
 430.  461.  461.  504.  594.  716. 1349.  435.    0.    0.
 514.  802. 1050.  771.  586.  530.  337.  250.  110.    0.
 469.  433.  470.  516.  544.  745. 1332.  441.    0.    0.
523. 685. 894. 734. 586. 534. 479. 373. 142.   0.
 435.  434.  497.  507.  585.  739. 1320.  433.    0.    0.
528. 858. 755. 589. 499. 525. 492. 459. 245.   0.
 409.  453.  481.  524.  576.  740. 1320.  447.    0.    0.
542. 741. 978. 763. 608. 397. 405. 377. 139.   0.
 440.  463.  475.  515.  578.  725. 1294.  460.    0.    0.
515. 762. 883. 686. 608. 534. 455. 369. 138.   0.
 477.  473.  489.  510.  532.  726. 1293.  450.    0.    0.
559. 728. 823. 708. 664. 608. 493. 292.  75.   0.
 478.  429.  476.  518.  568.  712. 1364.  405.    0.    0.
526. 825. 910. 707. 598. 537. 474. 285.  88.   0.
 434.  480.  503.  537.  579.  728. 1272.  417.    0.    0.
497. 939. 824. 628. 577. 621. 498. 286.  80.   0.
 504.  495.  457.  508.  627.  732. 1179.  448.    0.    0.
498. 802. 994. 789. 610. 536. 392. 264.  65.   0.
 449.  414.  514.  522.  564.  751. 1287.  449.    0.    0.
537. 780. 958. 711. 602. 501. 423. 293. 145.   0.
 474.  514.  472.  534.  583.  683. 1292.  398.    0.    0.
537. 728. 979. 791. 605. 513. 406. 282. 109.   0.
 436.  479.  490.  520.  595.  719. 1268.  443.    0.    0.
 494.  730. 1072.  780.  635.  494.  357.  290.   98.    0.
 470.  442.  475.  468.  572.  771. 1335.  417.    0.    0.
 481.  836. 1056.  789.  618.  495.  386.  224.   65.    0.
 457.  430.  490.  490.  585.  708. 1316.  474.    0.    0.
 484.  803. 1034.  725.  587.  535.  382.  255.  145.    0.
 432.  460.  446.  519.  596.  722. 1315.  460.    0.    0.
 513.  884. 1014.  736.  651.  567.  365.  193.   27.    0.
 507.  477.  515.  513.  507.  682. 1314.  435.    0.    0.
 487.  690. 1047.  743.  656.  526.  385.  274.  142.    0.
 455.  473.  498.  555.  608.  685. 1275.  401.    0.    0.
493. 768. 974. 743. 637. 555. 372. 256. 152.   0.
 471.  433.  471.  519.  566.  681. 1347.  462.    0.    0.
564. 820. 794. 657. 581. 555. 464. 442.  73.   0.
 451.  478.  450.  494.  602.  742. 1270.  463.    0.    0.
 479.  808. 1008.  670.  622.  506.  420.  340.   97.    0.
 443.  450.  488.  505.  557.  742. 1330.  435.    0.    0.
493. 807. 982. 769. 627. 509. 391. 266. 106.   0.
 463.  431.  496.  516.  534.  766. 1317.  427.    0.    0.
474. 810. 926. 713. 644. 516. 435. 285. 147.   0.
 422.  429.  495.  523.  576.  733. 1326.  446.    0.    0.
533. 780. 816. 694. 621. 569. 463. 369. 105.   0.
 509.  561.  760.  763. 1206.  704.  422.   25.    0.    0.
 555.  644. 1025.  904.  944.  455.  253.  170.    0.    0.
 481.  597.  650.  790. 1218.  886.  324.    4.    0.    0.
 454.  455.  453.  487.  568.  750. 1344.  439.    0.    0.
 516.  785. 1049.  780.  595.  537.  417.  226.   45.    0.
 442.  449.  507.  514.  600.  712. 1289.  437.    0.    0.
509. 777. 882. 688. 605. 553. 446. 375. 115.   0.
 446.  465.  479.  484.  565.  752. 1317.  442.    0.    0.
539. 738. 807. 661. 597. 535. 481. 417. 175.   0.
 448.  458.  513.  493.  541.  705. 1317.  475.    0.    0.
512. 981. 950. 666. 608. 554. 416. 235.  28.   0.
 448.  440.  504.  503.  558.  690. 1325.  482.    0.    0.
477. 895. 903. 678. 610. 541. 454. 291. 101.   0.
 426.  452.  473.  517.  581.  736. 1306.  459.    0.    0.
492. 812. 931. 690. 641. 509. 437. 320. 118.   0.
 442.  422.  498.  508.  600.  695. 1329.  456.    0.    0.
530. 706. 957. 759. 645. 560. 397. 259. 137.   0.
 485.  414.  439.  537.  592.  724. 1359.  400.    0.    0.
473. 813. 904. 711. 637. 555. 445. 297. 115.   0.
 436.  429.  470.  518.  586.  736. 1317.  458.    0.    0.
507. 814. 883. 645. 585. 573. 504. 323. 116.   0.
 452.  455.  468.  511.  577.  717. 1349.  421.    0.    0.
500. 951. 826. 720. 633. 540. 434. 273.  73.   0.
 455.  424.  522.  444.  634.  691. 1326.  454.    0.    0.
592. 791. 902. 663. 560. 545. 489. 313.  95.   0.
 444.  422.  503.  516.  560.  752. 1325.  428.    0.    0.
506. 802. 817. 653. 578. 548. 526. 347. 173.   0.
 448.  463.  482.  525.  586.  719. 1295.  432.    0.    0.
529. 688. 867. 695. 673. 537. 436. 354. 171.   0.
 415.  455.  518.  496.  579.  711. 1320.  456.    0.    0.
474. 829. 957. 694. 651. 532. 431. 279. 103.   0.
 432.  448.  442.  542.  612.  701. 1298.  475.    0.    0.
530. 870. 899. 729. 662. 518. 431. 264.  47.   0.
 437.  461.  468.  525.  583.  719. 1327.  430.    0.    0.
505. 737. 881. 754. 664. 478. 411. 393. 127.   0.
 454.  458.  492.  494.  571.  711. 1283.  487.    0.    0.
486. 776. 939. 694. 602. 530. 431. 340. 152.   0.
 446.  467.  464.  463.  589.  758. 1319.  444.    0.    0.
477. 803. 967. 706. 657. 507. 389. 324. 120.   0.
