 448. 1019.  806.  660.  500.  487.  438.  270.  212.  110.
855. 882. 759. 647. 554. 454. 351. 248. 149.  51.
 480. 1053.  836.  646.  531.  496.  416.  293.  121.   78.
894. 801. 643. 540. 453. 487. 455. 365. 199. 113.
 402.  447.  483. 1041.  554.  477.  526.  393.  305.  322.
405. 489. 510. 944. 604. 491. 401. 437. 327. 342.
 434.  438.  447. 1071.  664.  482.  520.  354.  244.  296.
 427.  404.  459. 1021.  719.  490.  438.  360.  285.  347.
 405.  431.  493. 1062.  542.  421.  540.  432.  267.  357.
 434.  423.  461. 1011.  660.  496.  426.  351.  383.  305.
 378.  445.  462. 1114.  691.  511.  459.  387.  255.  248.
401. 513. 519. 926. 568. 476. 404. 400. 415. 328.
 424.  510.  505. 1162.  764.  612.  313.  249.  218.  193.
 414.  421.  433. 1094.  690.  614.  426.  260.  266.  332.
 364.  868. 1022.  926.  610.  456.  353.  231.  108.   12.
367. 853. 959. 840. 629. 484. 405. 272. 124.  17.
 498. 1068.  839.  702.  588.  466.  304.  261.  175.   49.
866. 851. 669. 613. 562. 429. 360. 300. 199. 101.
509. 930. 840. 677. 520. 468. 412. 268. 179. 147.
931. 878. 696. 618. 560. 470. 363. 250. 141.  43.
 400.  413.  477. 1201.  745.  528.  469.  301.  196.  220.
 406.  405.  458. 1171.  767.  543.  461.  323.  256.  160.
 410.  431.  500. 1083.  579.  472.  534.  381.  311.  249.
427. 453. 516. 899. 572. 461. 403. 455. 256. 508.
423. 441. 465. 931. 656. 558. 467. 309. 288. 412.
449. 403. 444. 965. 628. 460. 391. 442. 326. 442.
 372.  441.  485. 1041.  693.  523.  460.  343.  264.  328.
 403.  411.  467. 1101.  719.  550.  415.  341.  278.  265.
 385.  422.  493. 1097.  768.  613.  314.  325.  238.  295.
405. 475. 485. 995. 685. 550. 378. 332. 295. 350.
 399.  956. 1101.  924.  646.  386.  292.  165.   68.   13.
 362.  887. 1065.  821.  599.  470.  343.  239.  113.   51.
