449. 778. 929. 844. 772. 518. 325. 312.  23.   0.
284. 478. 582. 818. 924. 761. 494. 400. 156.  53.
356. 428. 739. 947. 784. 546. 363. 407. 337.  43.
379. 710. 635. 688. 894. 845. 620. 179.   0.   0.
439. 503. 899. 647. 436. 407. 494. 364. 356. 405.
492. 652. 822. 846. 818. 574. 338. 385.  23.   0.
439. 861. 882. 775. 806. 615. 403. 162.   7.   0.
 302.  654.  653.  749.  797. 1039.  554.  202.    0.    0.
370. 472. 829. 852. 732. 680. 419. 282. 239.  75.
384. 778. 967. 896. 717. 541. 443. 224.   0.   0.
 392.  461. 1053.  757.  605.  480.  448.  324.  235.  195.
290. 584. 625. 653. 778. 894. 666. 338.  92.  30.
339. 462. 727. 998. 788. 498. 465. 440. 209.  24.
752. 765. 668. 673. 551. 487. 392. 276. 241. 145.
490. 696. 945. 802. 615. 540. 409. 266. 167.  20.
 347.  373.  444.  488.  515.  491.  523. 1318.  339.  112.
279. 559. 863. 846. 905. 779. 465. 167.  87.   0.
307. 627. 931. 832. 781. 630. 432. 311.  73.  26.
379. 691. 869. 760. 530. 522. 468. 383. 317.  31.
312. 677. 823. 737. 676. 594. 461. 448. 218.   4.
252. 636. 842. 951. 866. 736. 510. 129.  28.   0.
425. 667. 842. 812. 592. 498. 435. 296. 314.  69.
302. 622. 864. 876. 757. 702. 438. 306.  73.  10.
290. 639. 893. 883. 802. 659. 295. 324. 140.  25.
