 447.  501.  485.  565.  587.  689. 1260.  416.    0.    0.
 457.  435.  471.  514.  582.  687. 1330.  474.    0.    0.
 464.  469.  464.  494.  622.  697. 1305.  435.    0.    0.
 430.  505. 1005.  903.  962.  851.  284.   10.    0.    0.
 439.  469.  482.  505.  565.  720. 1329.  441.    0.    0.
483. 472. 528. 785. 940. 612. 551. 331. 248.   0.
459. 513. 560. 870. 952. 721. 519. 276.  80.   0.
 465.  546.  551.  712. 1080.  664.  472.  297.  163.    0.
 461.  486.  495.  537.  575.  687. 1277.  432.    0.    0.
 431.  482.  479.  509.  594.  709. 1317.  429.    0.    0.
 454.  503.  577.  669. 1009.  652.  483.  402.  201.    0.
484. 527. 562. 752. 928. 653. 558. 384. 102.   0.
483. 545. 661. 688. 757. 613. 570. 492. 141.   0.
421. 521. 962. 737. 951. 968. 374.  16.   0.   0.
 448.  450.  492.  514.  549.  697. 1346.  454.    0.    0.
 464.  438.  433.  528.  609.  747. 1254.  477.    0.    0.
 464.  452.  476.  472.  607.  745. 1270.  464.    0.    0.
 500.  515.  615.  634. 1052.  646.  544.  330.  114.    0.
490. 532. 543. 550. 878. 657. 497. 438. 365.   0.
477. 508. 612. 747. 953. 691. 486. 294. 182.   0.
 376.  568.  870. 1046.  856.  869.  348.   17.    0.    0.
 430.  521.  463.  535.  588.  709. 1282.  422.    0.    0.
 449.  455.  469.  538.  571.  731. 1283.  454.    0.    0.
479. 497. 608. 802. 825. 719. 520. 340. 160.   0.
 449.  488.  484.  763. 1015.  602.  506.  364.  279.    0.
528. 596. 514. 745. 883. 784. 528. 281.  91.   0.
 442.  463.  468.  495.  595.  733. 1306.  448.    0.    0.
448. 544. 879. 895. 956. 892. 320.  16.   0.   0.
