512. 825. 998. 783. 680. 489. 281. 208. 174.   0.
448. 389. 486. 571. 577. 786. 815. 878.   0.   0.
606. 846. 981. 693. 547. 497. 410. 256. 114.   0.
 417.  467.  475.  526.  579.  731. 1292.  463.    0.    0.
 437.  503.  486.  533.  556.  717. 1273.  445.    0.    0.
 521.  484.  460.  559.  595.  704. 1316.  311.    0.    0.
 452.  463.  487.  557.  592.  681. 1294.  424.    0.    0.
 434.  440.  459.  536.  568.  729. 1324.  460.    0.    0.
 484.  462.  481.  518.  530.  679. 1297.  499.    0.    0.
 437.  491.  471.  504.  550.  672. 1340.  485.    0.    0.
 442.  433.  482.  505.  597.  725. 1290.  476.    0.    0.
 474.  421.  500.  447.  588.  731. 1350.  439.    0.    0.
 469.  429.  448.  537.  588.  752. 1237.  490.    0.    0.
 472.  469.  490.  513.  580.  735. 1272.  419.    0.    0.
 426.  462.  485.  522.  580.  715. 1301.  459.    0.    0.
 457.  422.  461.  523.  582.  751. 1267.  487.    0.    0.
 445.  462.  502.  531.  564.  720. 1242.  484.    0.    0.
 435.  457.  447.  496.  621.  720. 1293.  481.    0.    0.
 469.  462.  454.  542.  613.  664. 1311.  435.    0.    0.
 458.  467.  475.  500.  599.  739. 1255.  457.    0.    0.
 422.  456.  492.  496.  578.  739. 1311.  456.    0.    0.
 463.  457.  466.  521.  588.  704. 1300.  451.    0.    0.
 455.  390.  545.  497.  583.  705. 1301.  474.    0.    0.
 434.  440.  468.  538.  578.  735. 1304.  453.    0.    0.
 431.  435.  488.  519.  609.  681. 1338.  449.    0.    0.
 484.  701. 1078.  812.  675.  497.  331.  228.  116.   28.
 497.  701. 1094.  810.  659.  475.  337.  254.  106.   17.
657. 602. 546. 457. 453. 481. 619. 928. 207.   0.
591. 624. 580. 565. 578. 548. 618. 675. 171.   0.
 463.  600. 1011.  774.  605.  519.  446.  271.  213.   48.
404. 428. 478. 697. 845. 576. 417. 455. 373. 277.
 416.  420.  493. 1232.  673.  537.  428.  279.  199.  273.
496. 542. 688. 672. 853. 764. 595. 340.   0.   0.
448. 498. 543. 671. 861. 640. 484. 510. 295.   0.
426. 482. 522. 671. 955. 630. 536. 456. 272.   0.
545. 521. 508. 743. 937. 440. 457. 584. 215.   0.
 453.  469.  554.  668. 1004.  712.  544.  397.  149.    0.
471. 512. 628. 635. 760. 788. 574. 480. 102.   0.
464. 487. 583. 495. 859. 749. 603. 523. 187.   0.
 435.  488.  512.  792. 1004.  621.  491.  402.  205.    0.
410. 489. 592. 735. 881. 705. 569. 439. 130.   0.
483. 519. 531. 718. 849. 647. 468. 485. 250.   0.
430. 499. 545. 695. 737. 630. 583. 595. 236.   0.
 428.  497.  566.  649. 1039.  713.  544.  390.  124.    0.
451. 480. 485. 705. 987. 644. 549. 444. 205.   0.
439. 531. 487. 603. 930. 752. 651. 418. 139.   0.
 456.  487.  545.  744. 1014.  759.  568.  298.   79.    0.
465. 492. 543. 667. 844. 665. 625. 486. 163.   0.
453. 515. 558. 688. 819. 643. 603. 550. 121.   0.
649. 624. 654. 584. 598. 633. 664. 544.   0.   0.
723. 628. 634. 624. 630. 616. 626. 469.   0.   0.
691. 622. 608. 523. 534. 592. 678. 558. 144.   0.
633. 622. 556. 529. 574. 593. 608. 704. 131.   0.
576. 574. 551. 501. 496. 536. 581. 793. 342.   0.
661. 624. 560. 543. 546. 525. 613. 705. 173.   0.
603. 592. 548. 548. 546. 595. 618. 644. 256.   0.
609. 540. 585. 515. 510. 525. 531. 788. 347.   0.
626. 595. 587. 554. 553. 584. 597. 719. 135.   0.
612. 590. 557. 471. 519. 490. 559. 833. 319.   0.
622. 520. 514. 568. 520. 500. 634. 737. 335.   0.
596. 542. 519. 472. 504. 506. 564. 869. 378.   0.
625. 569. 536. 540. 519. 501. 607. 744. 309.   0.
600. 640. 557. 478. 462. 483. 623. 836. 271.   0.
603. 594. 526. 504. 501. 545. 592. 819. 266.   0.
605. 569. 546. 552. 556. 518. 594. 727. 283.   0.
626. 528. 584. 475. 483. 489. 582. 886. 297.   0.
597. 564. 510. 508. 533. 538. 628. 712. 360.   0.
628. 648. 566. 603. 595. 587. 538. 587. 198.   0.
601. 568. 555. 527. 475. 514. 608. 804. 298.   0.
667. 635. 587. 555. 537. 611. 641. 581. 136.   0.
650. 646. 647. 613. 586. 563. 572. 513. 160.   0.
672. 614. 594. 602. 614. 603. 572. 590.  89.   0.
628. 577. 569. 543. 553. 598. 575. 676. 231.   0.
660. 580. 560. 544. 588. 539. 604. 653. 222.   0.
603. 605. 583. 592. 530. 592. 572. 640. 233.   0.
630. 576. 582. 550. 503. 575. 604. 704. 226.   0.
628. 634. 581. 541. 547. 554. 606. 670. 189.   0.
654. 648. 574. 525. 558. 579. 621. 670. 121.   0.
649. 571. 496. 455. 444. 459. 601. 844. 431.   0.
625. 569. 518. 528. 548. 577. 623. 745. 217.   0.
660. 506. 529. 488. 518. 605. 534. 781. 329.   0.
606. 648. 596. 591. 560. 621. 573. 587. 168.   0.
581. 596. 576. 537. 542. 521. 589. 714. 294.   0.
583. 570. 571. 552. 539. 587. 560. 692. 296.   0.
610. 551. 621. 538. 531. 561. 598. 729. 211.   0.
674. 609. 585. 504. 468. 518. 659. 730. 203.   0.
682. 656. 600. 530. 538. 533. 643. 708.  60.   0.
632. 620. 558. 531. 530. 540. 673. 713. 153.   0.
641. 572. 620. 600. 558. 565. 582. 668. 144.   0.
619. 563. 525. 545. 528. 527. 631. 764. 248.   0.
619. 554. 506. 531. 528. 518. 567. 809. 318.   0.
 451.  490.  560.  648. 1022.  659.  555.  435.  130.    0.
 442.  473.  552.  701. 1084.  639.  523.  397.  139.    0.
431. 539. 471. 695. 916. 654. 687. 433. 124.   0.
470. 458. 584. 731. 876. 727. 477. 457. 170.   0.
453. 427. 602. 617. 824. 781. 483. 548. 215.   0.
