 368.  371.  408.  461.  549.  579.  744. 1084.  317.   69.
 484.  743. 1014.  654.  627.  432.  450.  242.  222.   82.
 454.  489.  471.  516.  602.  726. 1396.  296.    0.    0.
 470. 1086.  828.  720.  590.  465.  323.  220.  151.   97.
 479. 1045.  787.  682.  524.  465.  413.  282.  172.  101.
464. 603. 665. 610. 862. 944. 725.  77.   0.   0.
 516. 1000.  856.  735.  631.  461.  359.  209.  144.   39.
 618. 1003.  753.  612.  530.  505.  406.  318.  179.   26.
902. 930. 771. 563. 518. 510. 377. 273.  97.   9.
4.320e+02 5.140e+02 5.530e+02 6.070e+02 6.830e+02 1.087e+03 9.120e+02
 1.610e+02 1.000e+00 0.000e+00
 441.  490.  523.  512.  698. 1112.  866.  251.   57.    0.
 387.  417.  449.  474. 1016.  789.  514.  369.  454.   81.
469. 552. 685. 870. 871. 786. 639.  78.   0.   0.
485. 566. 585. 717. 788. 627. 642. 467.  73.   0.
465. 525. 732. 851. 974. 736. 534. 133.   0.   0.
471. 629. 525. 915. 784. 575. 523. 377. 151.   0.
652. 971. 851. 661. 572. 510. 338. 230. 140.  25.
 596. 1040.  731.  536.  496.  486.  449.  347.  195.   74.
866. 802. 798. 700. 548. 473. 291. 226. 191.  55.
852. 906. 726. 687. 524. 462. 347. 245. 118.  83.
 737. 1047.  828.  665.  556.  427.  328.  207.  122.   33.
895. 833. 671. 569. 474. 503. 435. 311. 182.  77.
930. 899. 762. 649. 535. 463. 353. 215. 109.  35.
933. 937. 794. 663. 563. 437. 306. 200.  98.  19.
 767. 1034.  809.  734.  680.  338.  231.  196.  128.   33.
 509. 1150.  774.  653.  568.  430.  406.  269.  152.   39.
891. 901. 724. 692. 564. 425. 352. 279. 108.  14.
 738. 1011.  811.  718.  560.  427.  329.  213.  110.   33.
574. 663. 881. 663. 490. 487. 432. 310. 373.  77.
734. 946. 718. 629. 600. 424. 374. 273. 184.  68.
859. 810. 656. 629. 534. 470. 362. 316. 223.  91.
