545. 625. 971. 840. 646. 448. 372. 251. 201.  51.
 466.  434.  476.  512.  660. 1064.  824.  405.  109.    0.
418. 464. 486. 530. 647. 987. 775. 597.  46.   0.
 470.  492.  465.  486.  572. 1001.  581.  759.  124.    0.
 463.  440.  462.  537.  544.  759. 1438.  307.    0.    0.
 461.  476.  426.  505.  584.  781. 1289.  428.    0.    0.
 480.  474.  451.  457.  602.  735. 1419.  332.    0.    0.
 427.  455.  462.  510.  600.  755. 1311.  430.    0.    0.
485. 547. 505. 744. 948. 879. 637. 205.   0.   0.
472. 616. 572. 563. 828. 926. 712. 261.   0.   0.
 555.  694. 1063.  833.  676.  434.  348.  176.  151.   20.
506. 665. 993. 737. 581. 538. 438. 292. 181.  19.
1059.  782.  544.  480.  411.  577.  684.  292.  102.   19.
6.350e+02 1.278e+03 1.447e+03 9.370e+02 3.460e+02 1.600e+02 8.800e+01
 3.900e+01 1.900e+01 1.000e+00
 765. 1446. 1381.  690.  381.  188.   76.   21.    2.    0.
 455.  450.  457.  506.  617.  722. 1294.  449.    0.    0.
 442.  460.  471.  494.  576.  756. 1422.  329.    0.    0.
374. 422. 488. 446. 871. 547. 450. 470. 534. 348.
419. 406. 455. 499. 797. 550. 469. 409. 498. 448.
 491.  525.  637. 1084.  675.  582.  505.  451.    0.    0.
499. 547. 545. 982. 716. 470. 571. 620.   0.   0.
 425.  437.  484.  610.  773.  777. 1048.  396.    0.    0.
541. 565. 947. 809. 626. 411. 400. 563.  88.   0.
 484.  545. 1068.  813.  601.  552.  392.  419.   76.    0.
