431. 518. 538. 674. 946. 697. 581. 501.  64.   0.
 432.  477.  515.  603.  741. 1075.  675.  380.   52.    0.
464. 466. 536. 531. 732. 967. 613. 567.  74.   0.
589. 811. 752. 668. 623. 412. 566. 350. 179.   0.
471. 732. 921. 756. 648. 600. 436. 281. 103.   2.
461. 652. 998. 713. 568. 525. 463. 344. 210.  16.
923. 853. 813. 657. 584. 440. 307. 245. 113.  15.
796. 865. 755. 620. 501. 507. 431. 283. 162.  30.
461. 630. 934. 746. 675. 650. 376. 352. 126.   0.
715. 745. 664. 641. 589. 507. 395. 206. 280. 208.
672. 815. 724. 672. 623. 479. 443. 368. 154.   0.
491. 792. 904. 638. 530. 582. 456. 376. 164.  17.
932. 815. 747. 679. 607. 439. 297. 284. 110.  40.
894. 848. 813. 690. 536. 427. 335. 227. 138.  42.
471. 837. 947. 746. 571. 508. 378. 291. 159.  42.
521. 792. 823. 651. 671. 457. 343. 371. 251.  70.
