533. 814. 658. 825. 690. 535. 447. 284. 126.  38.
457. 560. 651. 780. 806. 567. 354. 354. 281. 140.
 447.  443.  471.  517.  589.  742. 1267.  474.    0.    0.
 417.  387.  420.  444.  416.  517. 1077.  852.  354.   66.
 401.  415.  398.  440.  447.  506. 1136.  669.  410.  128.
344. 387. 427. 454. 475. 513. 976. 844. 423. 107.
389. 379. 477. 485. 527. 500. 856. 678. 553. 106.
378. 419. 440. 469. 426. 713. 935. 552. 507. 111.
 373.  404.  439.  534.  536.  532.  490. 1286.  275.   81.
922. 821. 705. 693. 550. 453. 323. 282. 149.  52.
917. 804. 739. 642. 559. 449. 324. 284. 168.  64.
925. 816. 770. 687. 580. 423. 317. 228. 151.  53.
936. 888. 796. 690. 549. 415. 293. 206. 131.  46.
939. 753. 641. 542. 501. 516. 392. 333. 240.  93.
995. 883. 722. 719. 561. 376. 251. 230. 155.  58.
980. 869. 853. 704. 522. 431. 282. 171.  88.  50.
910. 822. 770. 659. 562. 452. 325. 222. 167.  61.
923. 837. 673. 566. 520. 429. 429. 289. 212.  72.
895. 777. 729. 648. 553. 460. 351. 251. 191.  95.
900. 852. 780. 676. 556. 451. 318. 213. 142.  62.
941. 803. 744. 622. 505. 502. 375. 264. 158.  36.
 414.  490.  535.  568.  643.  777. 1003.  520.    0.    0.
417. 443. 481. 567. 672. 800. 872. 698.   0.   0.
410. 438. 679. 937. 634. 514. 408. 330. 285. 315.
