 565. 1063.  731.  581.  515.  490.  379.  337.  185.  104.
 489.  404.  482.  532.  547.  684. 1305.  507.    0.    0.
 354.  625.  873. 1032.  865.  672.  506.   23.    0.    0.
 428.  476.  457.  537.  558.  692. 1332.  470.    0.    0.
 500.  485.  590. 1056.  626.  582.  497.  327.  264.   23.
 587. 1217.  769.  679.  581.  463.  357.  201.   77.   19.
454. 508. 495. 563. 670. 972. 859. 429.   0.   0.
 511.  677. 1065.  721.  532.  514.  395.  262.  179.   94.
535. 939. 806. 649. 559. 487. 372. 328. 220.  55.
442. 512. 561. 582. 837. 941. 736. 306.  33.   0.
 467.  457.  538.  578.  644.  796. 1380.   90.    0.    0.
 481.  494.  550.  609. 1001. 1114.  511.  184.    6.    0.
 445.  548. 1033.  850.  636.  487.  428.  281.  155.   87.
445. 471. 439. 551. 689. 938. 851. 517.  49.   0.
 429.  480.  524.  512.  609.  769. 1196.  431.    0.    0.
 492.  709. 1123.  751.  585.  532.  321.  303.  130.    4.
495. 778. 961. 742. 621. 500. 353. 297. 172.  31.
474. 509. 574. 696. 925. 692. 583. 381. 116.   0.
817. 921. 765. 630. 566. 449. 353. 276. 154.  19.
 500.  582. 1030.  962.  717.  452.  299.  279.  113.   16.
415. 539. 668. 985. 718. 571. 448. 340. 203.  63.
 463.  501.  539.  639. 1030.  982.  577.  208.   11.    0.
 480.  481.  562.  699. 1085.  617.  507.  369.  150.    0.
 464.  481.  513.  514.  647.  931. 1018.  369.   13.    0.
 468.  485.  550.  503.  656. 1067. 1202.   19.    0.    0.
