 319.  754. 1084.  887.  801.  624.  309.  170.    2.    0.
295. 613. 750. 979. 870. 768. 378. 216.  80.   1.
541. 593. 971. 658. 459. 410. 436. 295. 250. 337.
437. 580. 804. 918. 554. 567. 560. 314. 216.   0.
309. 546. 756. 725. 897. 887. 610. 220.   0.   0.
338. 662. 890. 835. 902. 588. 373. 329.  33.   0.
440. 798. 983. 633. 549. 456. 432. 343. 191. 125.
262. 377. 759. 602. 854. 648. 760. 523. 139.  26.
276. 532. 933. 926. 910. 699. 499. 175.   0.   0.
278. 591. 797. 779. 841. 660. 620. 364.  20.   0.
 297.  534. 1001.  956.  934.  609.  435.  184.    0.    0.
418. 611. 828. 789. 658. 450. 428. 500. 209.  59.
373. 737. 929. 839. 920. 551. 494. 107.   0.   0.
 326.  672.  981. 1016.  914.  664.  303.   74.    0.    0.
303. 548. 823. 816. 802. 932. 536. 190.   0.   0.
334. 483. 747. 694. 777. 969. 706. 240.   0.   0.
 433.  564. 1139.  682.  651.  483.  356.  292.  190.  160.
336. 691. 818. 919. 825. 615. 385. 268.  91.   2.
299. 759. 942. 921. 794. 641. 372. 208.  14.   0.
472. 616. 955. 770. 657. 521. 347. 193. 201. 218.
398. 689. 733. 884. 629. 530. 566. 378. 143.   0.
291. 650. 839. 969. 810. 678. 366. 179. 125.  43.
421. 727. 949. 778. 544. 485. 450. 214. 213. 169.
304. 531. 774. 783. 872. 854. 540. 292.   0.   0.
 305.  642.  850.  881. 1026.  643.  468.  135.    0.    0.
336. 432. 557. 674. 688. 672. 906. 524. 158.   3.
351. 415. 429. 423. 407. 559. 882. 984. 421.  79.
 403.  474.  528. 1041.  636.  480.  496.  383.  299.  210.
475. 525. 714. 650. 879. 492. 349. 439. 371.  56.
 434.  505.  674. 1036.  905.  535.  445.  232.  184.    0.
500. 866. 969. 717. 572. 494. 381. 250. 171.  30.
 472.  504.  493.  528.  694. 1003.  689.  567.    0.    0.
 378.  362.  453.  431.  432.  502.  562. 1280.  427.  123.
237. 560. 806. 874. 871. 689. 516. 324.  73.   0.
278. 583. 776. 863. 804. 700. 443. 362. 125.  16.
438. 842. 793. 545. 367. 431. 538. 547. 382.  67.
319. 669. 860. 726. 683. 618. 528. 378. 164.   5.
228. 709. 878. 938. 879. 712. 469. 113.  24.   0.
416. 751. 933. 567. 585. 486. 567. 272. 304.  69.
308. 576. 828. 771. 719. 648. 552. 372. 131.  45.
284. 623. 876. 915. 785. 592. 421. 303. 101.  50.
