254. 653. 514. 675. 804. 880. 674. 320. 148.  28.
334. 686. 632. 805. 955. 657. 377. 312. 158.  34.
279. 677. 571. 781. 943. 857. 503. 257.  82.   0.
346. 820. 775. 740. 472. 501. 349. 444. 453.  50.
668. 950. 831.   2.   0. 277. 416. 760. 595. 451.
392. 648. 550. 517. 486. 711. 961. 671.  14.   0.
231. 602. 649. 894. 888. 730. 588. 326.  42.   0.
311. 613. 556. 627. 658. 820. 742. 466. 136.  21.
299. 717. 779. 953. 797. 621. 456. 239.  89.   0.
 262.  646.  765. 1011.  904.  641.  484.  237.    0.    0.
246. 642. 766. 997. 835. 569. 472. 322. 101.   0.
248. 643. 739. 883. 827. 745. 616. 249.   0.   0.
360. 778. 788. 674. 796. 855. 491. 195.  13.   0.
499. 997. 653. 605. 549. 449. 382. 289. 307. 220.
 450. 1049.  782.  601.  539.  452.  388.  337.  203.  149.
330. 528. 579. 818. 867. 637. 428. 466. 258.  39.
234. 662. 783. 931. 865. 658. 477. 276.  64.   0.
307. 584. 747. 790. 917. 789. 440. 258. 118.   0.
 462. 1071.  722.  667.  566.  475.  355.  244.  250.  138.
302. 755. 573. 517. 546. 856. 899. 426.  76.   0.
 516.  535.  701.  758.  718. 1511.  209.    2.    0.    0.
5.080e+02 6.360e+02 7.550e+02 7.690e+02 1.212e+03 9.370e+02 1.320e+02
 1.000e+00 0.000e+00 0.000e+00
 475.  993. 1306. 1140.  718.  247.   62.    9.    0.    0.
508. 537. 834. 675. 775. 688. 520. 329.  84.   0.
