754. 884. 713. 595. 513. 460. 429. 290. 206. 106.
 819. 1112.  776.  726.  560.  427.  307.  175.   48.    0.
 816. 1045.  737.  575.  575.  521.  418.  222.   39.    2.
891. 947. 939. 745. 508. 496. 220. 117.  84.   3.
786. 991. 819. 648. 552. 431. 368. 220. 115.  20.
 433.  688. 1078.  721.  599.  493.  367.  300.  196.   75.
 435.  566.  688. 1059.  750.  602.  426.  264.  128.   32.
481. 474. 616. 916. 662. 567. 509. 388. 260.  77.
448. 540. 769. 897. 607. 507. 368. 457. 357.   0.
 531. 1105.  751.  582.  548.  500.  457.  317.  145.   14.
 460.  577.  603.  670. 1065.  824.  507.  205.   39.    0.
 390.  787.  854. 1042.  643.  516.  385.  195.  123.   15.
530. 550. 786. 995. 573. 514. 515. 442.  45.   0.
 453.  494.  656. 1001.  750.  497.  407.  425.  209.   58.
 614.  628.  673. 1138.  681.  460.  376.  259.  109.   12.
838. 792. 675. 609. 496. 491. 403. 347. 211.  88.
 724. 1032.  916.  771.  641.  398.  290.  154.   24.    0.
 745. 1079.  772.  682.  600.  455.  370.  179.   68.    0.
821. 990. 844. 648. 591. 473. 343. 187.  51.   2.
528. 894. 968. 691. 583. 508. 429. 260.  89.   0.
448. 647. 976. 806. 646. 490. 399. 345. 156.  37.
414. 455. 599. 558. 821. 807. 706. 373. 154.  63.
565. 666. 846. 656. 607. 445. 417. 318. 266. 164.
515. 517. 823. 715. 792. 594. 982.  12.   0.   0.
498. 591. 674. 968. 897. 716. 403. 186.  17.   0.
409. 704. 706. 614. 728. 967. 735.  87.   0.   0.
865. 777. 729. 602. 535. 449. 408. 303. 218.  64.
497. 566. 677. 973. 727. 546. 457. 295. 193.  19.
