380. 405. 428. 552. 551. 788. 743. 819. 235.  49.
997. 849. 698. 651. 567. 445. 340. 253. 122.  28.
879. 871. 774. 648. 575. 447. 321. 232. 136.  67.
 449. 1001.  757.  715.  563.  497.  355.  215.  203.  195.
394. 403. 414. 437. 391. 685. 771. 591. 724. 140.
 480. 1141.  750.  627.  567.  460.  386.  299.  151.   89.
 464. 1030.  700.  588.  512.  446.  406.  342.  298.  164.
385. 429. 487. 502. 893. 564. 450. 388. 410. 442.
390. 403. 467. 508. 520. 987. 571. 372. 575. 157.
 380.  400.  374.  458.  509.  488.  519. 1341.  404.   77.
 357.  378.  421.  468.  519.  481.  520. 1368.  354.   84.
 339.  418.  390.  484.  466.  538.  499. 1311.  389.  116.
 362.  393.  453.  406.  475.  497.  559. 1292.  415.   98.
 351.  413.  356.  450.  468.  513.  558. 1293.  438.  110.
 395.  362.  411.  451.  502.  481.  526. 1268.  392.  162.
 380.  438.  413.  359.  420.  505.  588. 1194.  516.  137.
