 350.  525.  774. 1026.  742.  777.  665.   91.    0.    0.
411. 542. 588. 575. 631. 980. 817. 336.  70.   0.
 587. 1100. 1233. 1058.  595.  236.  116.   25.    0.    0.
 945. 1371.  972.  789.  467.  256.  104.   35.   11.    0.
 646. 1083.  884.  662.  510.  438.  318.  247.  126.   36.
714. 685. 645. 744. 690. 587. 471. 371.  43.   0.
941. 803. 815. 748. 515. 480. 325. 199. 114.  10.
969. 894. 770. 667. 556. 452. 318. 202.  87.  35.
1226.  885.  585.  590.  501.  361.  420.  212.  148.   22.
835. 924. 721. 625. 557. 473. 390. 259. 140.  26.
404. 576. 512. 554. 600. 855. 938. 451.  60.   0.
893. 843. 761. 668. 550. 450. 342. 247. 138.  58.
860. 850. 770. 669. 556. 468. 407. 225. 128.  17.
926. 766. 687. 711. 610. 446. 273. 256. 219.  56.
891. 743. 678. 601. 451. 473. 433. 311. 245. 124.
1008.  864.  808.  677.  513.  405.  332.  183.  111.   49.
948. 822. 773. 709. 613. 387. 281. 212. 141.  64.
895. 868. 728. 679. 545. 439. 366. 262. 134.  34.
828. 818. 759. 626. 554. 461. 391. 277. 172.  64.
394. 827. 631. 601. 507. 357. 372. 533. 512. 216.
 341.  399.  416.  472.  529.  530.  508. 1344.  339.   72.
519. 933. 788. 588. 545. 489. 441. 369. 209.  69.
507. 971. 868. 587. 574. 464. 419. 301. 184.  75.
395. 673. 597. 660. 613. 473. 321. 506. 509. 203.
720. 671. 752. 681. 652. 732. 555. 172.  15.   0.
946. 873. 743. 627. 509. 461. 372. 243. 138.  38.
 355.  412.  414.  475.  507.  512.  533. 1306.  364.   72.
