 422.  444.  462.  492.  585.  668. 1034.  843.    0.    0.
 458.  420.  482.  487.  554.  715. 1110.  724.    0.    0.
 485.  431.  452.  537.  665.  683. 1077.  620.    0.    0.
879. 815. 643. 536. 501. 438. 439. 357. 252.  90.
1089.  991.  834.  696.  609.  334.  247.  123.   23.    4.
968. 963. 845. 705. 546. 392. 268. 154.  80.  29.
901. 843. 750. 675. 581. 430. 306. 247. 136.  81.
951. 876. 764. 635. 556. 438. 352. 232. 111.  35.
912. 806. 758. 621. 525. 472. 372. 256. 186.  42.
918. 859. 730. 641. 581. 412. 369. 250. 156.  34.
897. 850. 736. 703. 564. 468. 281. 236. 151.  64.
962. 805. 661. 545. 453. 500. 472. 297. 211.  44.
959. 899. 741. 678. 551. 446. 300. 223. 119.  34.
949. 849. 839. 727. 512. 443. 300. 179. 112.  40.
991. 884. 735. 649. 513. 469. 349. 234. 100.  26.
929. 831. 753. 611. 524. 471. 331. 275. 166.  59.
914. 800. 747. 637. 556. 426. 370. 272. 177.  51.
945. 812. 863. 616. 623. 404. 321. 213. 110.  43.
935. 853. 731. 643. 551. 463. 347. 254. 129.  44.
915. 833. 686. 635. 521. 454. 388. 295. 176.  47.
916. 888. 766. 656. 544. 414. 362. 211. 121.  72.
892. 869. 748. 685. 550. 446. 323. 234. 143.  60.
936. 840. 777. 654. 545. 439. 293. 211. 172.  83.
887. 865. 716. 705. 513. 468. 314. 274. 140.  68.
960. 913. 751. 644. 578. 446. 343. 213.  84.  18.
911. 868. 744. 631. 556. 447. 355. 255. 141.  42.
970. 852. 718. 655. 531. 466. 356. 282. 102.  18.
900. 873. 804. 647. 559. 448. 323. 219. 126.  51.
899. 910. 689. 681. 518. 452. 357. 250. 149.  45.
 436.  495.  475.  497.  601.  723. 1380.  343.    0.    0.
938. 812. 576. 457. 431. 463. 479. 430. 284.  80.
965. 894. 647. 570. 506. 481. 435. 285. 133.  34.
943. 782. 692. 640. 568. 480. 313. 276. 190.  66.
1001.  792.  741.  719.  574.  388.  325.  269.  125.   16.
1054.  815.  778.  739.  500.  418.  350.  188.   87.   21.
921. 832. 712. 637. 546. 441. 393. 262. 165.  41.
907. 855. 729. 666. 559. 430. 332. 275. 148.  49.
946. 869. 774. 681. 558. 424. 311. 250. 124.  13.
1007.  908.  786.  698.  537.  441.  308.  169.   65.   31.
888. 812. 720. 627. 526. 463. 379. 282. 190.  63.
989. 820. 832. 671. 579. 403. 316. 206.  97.  37.
1035.  926.  748.  628.  558.  461.  337.  182.   62.   13.
 551. 1001.  705.  641.  547.  465.  396.  340.  215.   89.
959. 821. 807. 653. 620. 378. 326. 214. 135.  37.
939. 731. 739. 692. 479. 474. 335. 261. 207.  93.
958. 820. 757. 557. 545. 462. 418. 262. 115.  56.
954. 785. 809. 672. 561. 444. 291. 242. 155.  37.
963. 919. 773. 655. 553. 455. 318. 189. 101.  24.
981. 874. 754. 644. 597. 433. 305. 205. 103.  54.
913. 862. 750. 614. 570. 431. 393. 237. 145.  35.
1006.  937.  828.  718.  583.  348.  255.  167.   83.   25.
928. 845. 749. 624. 555. 448. 340. 234. 157.  70.
998. 784. 816. 735. 506. 458. 323. 164. 112.  54.
 398.  993. 1170. 1025.  707.  395.  154.   97.   11.    0.
343. 797. 812. 988. 850. 525. 309. 235.  81.  10.
379. 798. 703. 770. 743. 501. 493. 408. 140.  15.
469. 885. 930. 583. 556. 442. 370. 374. 206. 135.
285. 709. 684. 905. 918. 802. 453. 171.  23.   0.
 312.  679.  800. 1071.  941.  541.  298.  192.  110.    6.
338. 722. 860. 938. 718. 606. 380. 280. 108.   0.
435. 844. 876. 637. 499. 479. 425. 354. 251. 150.
432. 735. 909. 845. 725. 568. 440. 223.  62.  11.
312. 701. 742. 865. 835. 682. 460. 244. 109.   0.
437. 833. 881. 927. 788. 561. 263. 121. 104.  35.
456. 954. 838. 497. 407. 523. 489. 445. 241. 100.
316. 623. 663. 836. 892. 626. 563. 305. 126.   0.
301. 708. 757. 931. 938. 631. 390. 220.  74.   0.
298. 780. 780. 884. 792. 675. 431. 240.  70.   0.
 485. 1077.  783.  622.  598.  457.  399.  309.  190.   30.
402. 764. 667. 966. 979. 566. 297. 215.  73.  21.
285. 691. 752. 876. 855. 640. 451. 273.  90.  37.
 436.  942. 1038.  944.  669.  426.  282.  144.   61.    8.
344. 753. 910. 964. 762. 424. 373. 286. 118.  16.
