 490.  716. 1172.  767.  596.  489.  356.  210.  138.   16.
533. 678. 925. 663. 540. 589. 356. 361. 260.  45.
921. 767. 760. 665. 584. 492. 362. 196. 158.  45.
438. 533. 519. 613. 692. 865. 683. 556.  51.   0.
452. 514. 532. 595. 809. 886. 653. 479.  30.   0.
646. 989. 757. 655. 577. 461. 406. 270. 160.  29.
479. 470. 476. 571. 807. 950. 735. 442.  20.   0.
 466.  449.  487.  565.  796. 1229.  620.  325.   13.    0.
428. 499. 555. 928. 877. 601. 512. 304. 237.   9.
 461.  428.  443.  511.  618.  750. 1404.  335.    0.    0.
465. 500. 569. 595. 639. 783. 760. 442. 195.   2.
436. 410. 523. 633. 659. 884. 817. 503.  85.   0.
474. 478. 587. 650. 808. 852. 585. 401. 115.   0.
 456.  468.  503.  697. 1149.  750.  456.  308.  163.    0.
 466.  472.  446.  440.  534.  646. 1143.  579.  224.    0.
 403.  471.  481.  519.  604.  746. 1050.  662.   14.    0.
455. 493. 515. 618. 694. 930. 885. 342.  18.   0.
 445.  488.  477.  533.  578.  810. 1201.  418.    0.    0.
 401.  428.  468.  495.  534.  661. 1097.  774.   92.    0.
 408.  400.  418.  544.  496.  624. 1098.  816.  146.    0.
 440.  467.  506.  553.  645.  768. 1364.  207.    0.    0.
 382.  439.  472.  470.  552.  621. 1071.  884.   59.    0.
 414.  441.  459.  459.  492.  510. 1014. 1028.  133.    0.
 414.  429.  444.  485.  534.  602.  951. 1026.   65.    0.
 410.  417.  507.  554.  605.  712. 1111.  543.   91.    0.
 412.  447.  423.  469.  588.  760. 1100.  556.  195.    0.
444. 444. 477. 454. 595. 610. 982. 933.  11.   0.
456. 445. 576. 858. 738. 962. 505. 272. 135.   3.
 400.  421.  460.  461.  513.  636. 1047.  958.   54.    0.
415. 480. 491. 542. 621. 864. 874. 640.  23.   0.
