360. 417. 461. 471. 540. 548. 871. 631. 560.  91.
 407.  449.  465.  421. 1068.  662.  477.  312.  310.  379.
873. 794. 677. 657. 565. 446. 330. 298. 191. 119.
968. 855. 712. 582. 499. 455. 398. 286. 158.  37.
928. 821. 661. 553. 510. 497. 416. 322. 169.  73.
882. 781. 721. 658. 515. 473. 350. 285. 176. 109.
917. 845. 710. 628. 554. 458. 366. 246. 162.  64.
878. 800. 733. 607. 519. 461. 403. 274. 183.  92.
934. 836. 706. 631. 562. 456. 351. 276. 173.  25.
921. 737. 688. 596. 414. 489. 436. 311. 232. 126.
997. 906. 822. 681. 528. 429. 307. 177.  73.  30.
961. 860. 680. 559. 494. 470. 412. 309. 156.  49.
899. 839. 809. 605. 572. 422. 385. 226. 149.  44.
893. 731. 661. 581. 506. 462. 377. 319. 299. 121.
853. 800. 709. 654. 544. 450. 371. 255. 190. 124.
915. 773. 703. 636. 550. 435. 341. 249. 258.  90.
929. 797. 774. 666. 610. 404. 330. 233. 148.  59.
915. 778. 790. 669. 487. 485. 369. 223. 152.  82.
870. 832. 670. 702. 540. 478. 295. 273. 194.  96.
1001.  698.  579.  591.  515.  420.  377.  422.  289.   58.
875. 830. 703. 609. 597. 434. 349. 273. 212.  68.
935. 829. 783. 629. 531. 399. 374. 225. 150.  95.
937. 842. 750. 667. 546. 419. 300. 257. 160.  72.
1002.  744.  508.  495.  459.  393.  399.  446.  350.  154.
926. 840. 677. 593. 526. 456. 394. 308. 174.  56.
882. 779. 773. 588. 555. 444. 403. 236. 205.  85.
911. 834. 737. 640. 535. 459. 370. 237. 143.  84.
907. 814. 800. 677. 539. 466. 310. 204. 161.  72.
923. 831. 725. 609. 527. 475. 380. 285. 153.  42.
920. 800. 663. 604. 551. 420. 406. 247. 213. 126.
895. 811. 732. 577. 521. 450. 423. 283. 180.  78.
926. 771. 750. 633. 545. 437. 385. 244. 196.  63.
875. 777. 728. 670. 495. 506. 331. 253. 178. 137.
940. 924. 749. 655. 562. 433. 363. 192. 107.  25.
932. 766. 605. 594. 515. 410. 386. 389. 263.  90.
957. 771. 610. 621. 531. 423. 326. 350. 282.  79.
846. 777. 699. 654. 574. 399. 401. 253. 180. 167.
902. 802. 753. 701. 510. 482. 339. 225. 146.  90.
923. 857. 833. 638. 562. 421. 279. 241. 103.  93.
900. 771. 654. 588. 518. 457. 403. 308. 233. 118.
975. 781. 677. 631. 530. 426. 366. 321. 232.  11.
880. 865. 689. 656. 528. 444. 329. 275. 173. 111.
917. 772. 662. 596. 526. 484. 393. 267. 214. 119.
854. 819. 678. 650. 539. 452. 354. 286. 191. 127.
918. 694. 666. 674. 598. 406. 344. 306. 204. 140.
929. 804. 687. 546. 480. 478. 419. 324. 202.  81.
906. 771. 736. 687. 539. 475. 317. 218. 211.  90.
869. 828. 750. 587. 535. 454. 396. 245. 194.  92.
857. 745. 686. 634. 515. 450. 373. 329. 203. 158.
909. 829. 777. 654. 512. 482. 349. 227. 155.  56.
901. 806. 775. 646. 574. 439. 328. 230. 182.  69.
901. 805. 672. 613. 540. 421. 399. 324. 192.  83.
906. 707. 641. 587. 573. 435. 347. 321. 307. 126.
862. 799. 766. 524. 557. 440. 422. 284. 199.  97.
941. 786. 621. 581. 532. 394. 389. 382. 223. 101.
875. 762. 748. 678. 497. 462. 378. 237. 192. 121.
 449.  482.  515.  558.  639.  815. 1361.  131.    0.    0.
 482.  472.  513.  546.  625.  885. 1341.   86.    0.    0.
 461.  501.  509.  566.  635.  871. 1262.  145.    0.    0.
 460.  533.  526.  556.  595.  927. 1234.  119.    0.    0.
 459.  513.  545.  556.  670. 1052. 1018.  137.    0.    0.
 426.  549.  537.  549.  690. 1043. 1037.  119.    0.    0.
 399.  579.  570.  627.  794. 1077.  795.  109.    0.    0.
 261.  708.  601.  695.  943. 1040.  573.  129.    0.    0.
 292.  706.  698.  807.  928. 1001.  393.  125.    0.    0.
 338.  339.  831.  759. 1047.  493.  844.  299.    0.    0.
 450.  449.  483.  507.  594.  703. 1322.  442.    0.    0.
827. 767. 636. 620. 527. 537. 286. 302. 241. 207.
861. 712. 681. 596. 576. 453. 311. 328. 211. 221.
892. 780. 611. 587. 516. 432. 380. 395. 235. 122.
916. 730. 740. 629. 727. 357. 304. 240. 165. 142.
860. 760. 661. 644. 506. 456. 387. 298. 221. 157.
858. 790. 712. 603. 547. 450. 379. 294. 208. 109.
855. 797. 767. 655. 538. 482. 398. 233. 189.  36.
906. 868. 834. 662. 586. 410. 315. 175. 146.  48.
474. 455. 494. 532. 644. 803. 920. 551.  77.   0.
 457.  451.  480.  532.  817. 1117.  587.  476.   33.    0.
 438.  466.  510.  606. 1086.  751.  445.  378.  270.    0.
 629.  690.  822.  756. 1064.  661.  270.   56.    2.    0.
803. 815. 730. 696. 564. 460. 385. 240. 235.  22.
539. 647. 544. 594. 912. 767. 778. 169.   0.   0.
856. 745. 653. 621. 558. 425. 358. 313. 309. 112.
771. 838. 777. 661. 609. 496. 340. 228. 167.  63.
798. 812. 707. 638. 619. 451. 362. 242. 187. 134.
565. 692. 951. 703. 625. 546. 478. 290. 100.   0.
788. 800. 689. 602. 521. 476. 421. 373. 246.  34.
 553.  519.  604. 1119.  809.  628.  389.  251.   78.    0.
881. 794. 683. 556. 494. 474. 441. 316. 214.  97.
 438.  489.  510.  574.  740. 1130.  590.  457.   22.    0.
447. 468. 486. 539. 667. 962. 675. 706.   0.   0.
719. 753. 657. 631. 625. 592. 528. 376.  69.   0.
881. 791. 687. 720. 535. 375. 374. 359. 215.  13.
531. 538. 569. 964. 693. 554. 497. 582.  22.   0.
 433.  456.  464.  589.  667. 1070.  658.  613.    0.    0.
 409.  458.  483.  531.  564.  742. 1299.  464.    0.    0.
 439.  458.  474.  507.  572.  727. 1318.  455.    0.    0.
 457.  486.  496.  534.  570.  706. 1279.  422.    0.    0.
 436.  433.  481.  518.  573.  734. 1326.  449.    0.    0.
653. 742. 648. 592. 617. 583. 575. 391. 149.   0.
 489.  461.  480.  520.  516.  781. 1308.  395.    0.    0.
 447.  499.  478.  496.  534.  722. 1319.  455.    0.    0.
679. 722. 641. 603. 580. 551. 572. 405. 197.   0.
