466. 639. 962. 757. 574. 545. 554. 304. 137.  12.
 471.  578. 1177.  847.  731.  484.  343.  195.  108.   16.
 529.  534.  477.  502.  500.  559.  724. 1018.  107.    0.
 446.  470.  486.  535.  567.  821. 1040.  585.    0.    0.
445. 470. 502. 512. 619. 959. 986. 457.   0.   0.
 467.  878. 1133.  786.  630.  444.  301.  172.  111.   28.
 486.  821. 1012.  811.  619.  507.  258.  194.  186.   56.
 456.  456.  465.  494.  555.  744. 1323.  457.    0.    0.
 461.  460.  470.  518.  582.  753. 1409.  297.    0.    0.
451. 719. 973. 732. 557. 482. 411. 259. 191. 175.
446. 749. 916. 730. 687. 502. 305. 243. 246. 126.
382. 388. 456. 475. 555. 823. 644. 476. 688.  63.
 445.  438.  505.  550.  549.  733. 1310.  420.    0.    0.
 375.  421.  484.  496. 1049.  738.  545.  425.  381.   36.
473. 531. 812. 975. 688. 571. 374. 280. 183.  63.
 454.  465.  461.  532.  624.  798. 1162.  454.    0.    0.
 541.  935. 1010.  766.  599.  493.  340.  171.   79.   16.
553. 938. 897. 606. 614. 517. 473. 228. 120.   4.
879. 720. 698. 647. 651. 460. 378. 210. 254.  53.
 473.  437.  488.  512.  594.  728. 1304.  414.    0.    0.
 429.  479.  478.  489.  563.  732. 1317.  463.    0.    0.
 444.  454.  476.  512.  581.  722. 1304.  457.    0.    0.
 437.  486.  472.  504.  586.  744. 1369.  352.    0.    0.
 439.  454.  488.  534.  556.  706. 1337.  436.    0.    0.
 472.  461.  435.  479.  595.  777. 1437.  294.    0.    0.
 438.  443.  472.  513.  612.  745. 1292.  435.    0.    0.
532. 539. 708. 790. 759. 538. 517. 331. 225.  11.
 452.  526.  734. 1107.  801.  537.  362.  255.  161.   15.
494. 666. 912. 882. 678. 549. 379. 256. 115.  19.
469. 596. 991. 933. 701. 510. 316. 239. 139.  56.
 543.  601. 1042.  972.  634.  494.  342.  209.   80.   33.
 531.  701. 1027.  771.  659.  454.  383.  273.  131.   20.
559. 788. 938. 758. 576. 436. 402. 284. 164.  45.
469. 616. 965. 883. 640. 503. 392. 317. 121.  44.
460. 640. 990. 775. 664. 531. 403. 272. 184.  31.
 472.  647. 1035. 1003.  650.  509.  329.  202.   89.   14.
