469. 570. 977. 896. 817. 594. 341. 177. 109.   0.
 504.  520.  533. 1158.  909.  516.  365.  336.  109.    0.
 460.  549.  528. 1045.  830.  560.  463.  282.  186.   47.
 625. 1089.  711.  595.  457.  485.  434.  325.  154.   75.
569. 526. 909. 909. 704. 396. 509. 428.   0.   0.
444. 448. 535. 638. 775. 907. 657. 354. 192.   0.
 525.  663.  637.  705. 1294.  602.  351.  153.   20.    0.
 517.  616.  670.  838. 1188.  592.  328.  183.   18.    0.
 508.  720.  696.  749. 1134.  618.  372.  131.   22.    0.
 559.  572.  699.  853. 1238.  566.  306.  147.   10.    0.
 500.  609.  789.  694. 1150.  629.  375.  157.   47.    0.
 521.  621.  740.  675. 1314.  548.  371.  145.   15.    0.
 523.  576.  663.  677. 1340.  578.  322.  225.   46.    0.
 545.  685.  564.  721. 1100.  588.  430.  284.   33.    0.
 502.  640.  748.  786. 1150.  602.  344.  149.   29.    0.
472. 500. 943. 804. 733. 650. 458. 283. 107.   0.
