438. 525. 612. 895. 848. 587. 454. 344. 240.   7.
 475.  494.  579. 1055.  796.  635.  398.  310.  192.   16.
 487.  613.  976. 1031.  690.  502.  338.  229.   73.   11.
488. 627. 982. 766. 659. 505. 392. 256. 213.  62.
 721. 1020.  778.  658.  567.  482.  332.  270.  108.   14.
520. 616. 846. 827. 751. 433. 345. 391. 157.  64.
614. 886. 794. 542. 545. 439. 466. 282. 298.  84.
878. 903. 668. 582. 483. 430. 404. 362. 203.  37.
843. 964. 763. 623. 552. 486. 372. 219. 106.  22.
 431.  416.  475.  482.  578. 1022.  927.  505.  114.    0.
 506.  499.  614. 1093.  926.  597.  352.  254.  106.    3.
431. 430. 496. 540. 567. 968. 682. 779.  57.   0.
420. 512. 553. 574. 881. 957. 716. 336.   1.   0.
 415.  467.  496.  549.  575.  799. 1075.  574.    0.    0.
830. 854. 662. 544. 493. 466. 438. 361. 221.  81.
442. 460. 549. 612. 894. 872. 564. 377. 180.   0.
444. 435. 537. 560. 776. 948. 721. 431.  98.   0.
 465.  458.  525.  493.  569.  723. 1323.  394.    0.    0.
 427.  458.  472.  511.  597.  712. 1284.  489.    0.    0.
 467.  474.  508.  581.  728. 1058.  644.  400.   90.    0.
 447.  453.  472.  497.  536.  745. 1341.  459.    0.    0.
 446.  466.  501.  539.  571.  725. 1255.  447.    0.    0.
542. 639. 712. 753. 613. 477. 450. 396. 314.  54.
521. 750. 736. 843. 589. 559. 483. 312. 138.  19.
 471.  489.  477.  455.  549.  776. 1025.  704.    4.    0.
