386. 607. 718. 656. 826. 675. 763. 236.  80.   3.
 474.  439.  499.  504.  544.  709. 1293.  488.    0.    0.
 397.  413.  392.  439.  508.  574. 1134.  654.  379.   60.
 505. 1129.  746.  500.  460.  541.  501.  347.  185.   36.
 500.  623. 1052.  623.  609.  469.  431.  376.  200.   67.
 510.  608. 1052.  689.  505.  517.  412.  360.  248.   49.
 456.  578. 1152.  753.  628.  489.  368.  278.  180.   68.
542. 648. 926. 663. 548. 491. 376. 412. 309.  35.
 548.  584. 1018.  668.  568.  465.  382.  387.  269.   61.
 506.  601. 1322.  759.  621.  503.  366.  178.   84.   10.
 548.  615. 1138.  750.  594.  443.  363.  320.  174.    5.
 530.  653. 1304.  715.  582.  490.  376.  246.   54.    0.
5.520e+02 6.500e+02 1.231e+03 7.000e+02 6.100e+02 4.920e+02 3.820e+02
 2.400e+02 9.200e+01 1.000e+00
5.410e+02 6.590e+02 1.063e+03 7.400e+02 5.880e+02 4.760e+02 3.880e+02
 3.520e+02 1.420e+02 1.000e+00
 498. 1010.  672.  629.  494.  507.  365.  304.  298.  173.
 436.  440.  490.  511.  588.  713. 1317.  455.    0.    0.
 433.  473.  451.  524.  611.  717. 1288.  453.    0.    0.
431. 460. 642. 899. 445. 441. 500. 428. 321. 383.
378. 451. 638. 920. 625. 558. 415. 320. 331. 314.
 403.  389.  419.  483. 1190.  752.  498.  301.  259.  256.
378. 475. 629. 997. 679. 514. 408. 384. 277. 209.
 363.  495.  647. 1101.  645.  534.  406.  308.  267.  184.
 377.  410.  461.  431. 1034.  641.  487.  419.  314.  376.
407. 418. 624. 946. 713. 571. 339. 310. 400. 222.
436. 733. 943. 691. 618. 489. 364. 283. 241. 152.
403. 432. 661. 993. 587. 541. 442. 406. 247. 238.
466. 734. 906. 747. 594. 509. 333. 294. 171. 196.
