411. 493. 712. 976. 734. 811. 562. 182.  69.   0.
 374.  425.  401.  467. 1054.  569.  469.  409.  362.  420.
402. 427. 436. 519. 990. 537. 549. 433. 313. 344.
410. 384. 419. 470. 998. 605. 422. 349. 489. 404.
 374.  433.  490.  445. 1222.  700.  511.  333.  205.  237.
 360.  422.  454.  545. 1013.  604.  515.  415.  249.  373.
409. 539. 713. 778. 938. 806. 540. 169.  58.   0.
 363.  445.  470.  483. 1021.  688.  440.  361.  226.  453.
 364.  427.  474.  476. 1055.  603.  505.  383.  357.  306.
 371.  412.  475.  486. 1081.  663.  472.  386.  237.  367.
 407.  395.  435.  468. 1068.  611.  545.  439.  278.  304.
395. 400. 480. 488. 984. 610. 504. 357. 285. 447.
434. 464. 651. 844. 690. 952. 632. 207.  76.   0.
 371.  417.  475.  490. 1098.  632.  475.  395.  266.  331.
 395.  422.  442.  518. 1034.  688.  400.  405.  283.  363.
388. 406. 479. 490. 941. 585. 467. 430. 266. 498.
 380.  432.  450.  519. 1019.  656.  438.  332.  265.  459.
 376.  415.  466.  506. 1082.  647.  453.  422.  263.  320.
427. 527. 717. 887. 802. 782. 607. 166.  35.   0.
 361.  404.  463.  512. 1074.  573.  514.  429.  304.  316.
369. 422. 471. 455. 978. 604. 410. 403. 413. 425.
371. 472. 441. 513. 980. 609. 488. 388. 359. 329.
 406.  452.  450.  468. 1045.  554.  493.  458.  326.  298.
392. 418. 462. 483. 879. 482. 546. 460. 421. 407.
418. 515. 749. 898. 809. 814. 494. 202.  51.   0.
 358.  411.  474.  499. 1082.  580.  513.  418.  303.  312.
399. 436. 507. 508. 902. 560. 459. 387. 274. 518.
367. 442. 480. 474. 957. 619. 447. 390. 314. 460.
 380.  451.  459.  487. 1046.  616.  490.  340.  300.  381.
402. 459. 446. 464. 959. 532. 545. 430. 396. 317.
