409. 428. 473. 441. 546. 608. 886. 887. 270.   2.
784. 755. 699. 637. 587. 498. 422. 326. 168.  74.
466. 915. 855. 688. 568. 500. 342. 332. 176. 108.
852. 807. 760. 622. 548. 463. 416. 251. 182.  49.
474. 837. 894. 770. 581. 485. 379. 319. 211.   0.
502. 773. 965. 815. 686. 411. 295. 255. 248.   0.
887. 825. 724. 632. 651. 516. 323. 194. 128.  70.
687. 747. 752. 692. 618. 471. 382. 263. 338.   0.
 459.  461.  502.  516.  585.  737. 1425.  265.    0.    0.
 449.  483.  491.  519.  585.  690. 1428.  305.    0.    0.
450. 533. 631. 988. 738. 565. 400. 359. 261.  25.
735. 738. 736. 592. 526. 410. 376. 379. 271. 187.
897. 726. 629. 621. 552. 455. 332. 334. 275. 129.
818. 709. 712. 647. 663. 488. 383. 235. 226.  69.
832. 881. 761. 607. 525. 466. 418. 271. 154.  35.
777. 769. 708. 653. 607. 487. 347. 289. 195. 118.
