474. 557. 493. 504. 676. 890. 613. 498. 245.   0.
610. 935. 733. 713. 582. 403. 372. 317. 232.  53.
384. 426. 454. 468. 501. 836. 732. 704. 418.  27.
391. 431. 473. 487. 513. 936. 898. 595. 167.  59.
463. 457. 662. 824. 664. 540. 510. 378. 391.  61.
582. 548. 954. 713. 589. 551. 363. 292. 248. 110.
 451.  452.  500.  521.  593.  711. 1321.  401.    0.    0.
 456.  424.  498.  521.  583.  686. 1419.  363.    0.    0.
 472.  425.  467.  532.  568.  720. 1450.  316.    0.    0.
 338.  369.  452.  460.  518.  558.  487. 1348.  319.  101.
 383.  340.  372.  506.  531.  433.  548. 1360.  347.  130.
 361.  366.  410.  499.  542.  522.  499. 1415.  273.   63.
