422. 474. 494. 596. 930. 646. 518. 574. 213.  83.
407. 456. 519. 581. 811. 778. 436. 695. 208.  59.
380. 403. 421. 450. 430. 914. 637. 492. 673. 150.
375. 357. 457. 474. 442. 938. 625. 495. 602. 185.
 497.  571.  688.  632. 1175.  588.  777.   22.    0.    0.
 506.  577.  611.  684. 1280.  697.  576.   19.    0.    0.
900. 794. 647. 676. 562. 427. 345. 300. 232.  67.
933. 859. 756. 660. 524. 455. 356. 248. 119.  40.
997. 895. 840. 731. 591. 342. 265. 183.  78.  28.
884. 842. 734. 656. 538. 470. 335. 254. 175.  62.
948. 863. 761. 723. 586. 425. 252. 215. 126.  51.
1046.  931.  848.  728.  567.  372.  219.  170.   60.    9.
995. 927. 818. 692. 536. 426. 288. 184.  72.  12.
895. 866. 759. 599. 547. 448. 393. 236. 158.  49.
908. 901. 764. 652. 560. 453. 313. 231. 124.  44.
989. 914. 799. 684. 549. 429. 297. 190.  83.  16.
929. 814. 712. 541. 515. 439. 409. 310. 218.  63.
917. 877. 776. 631. 558. 436. 384. 198. 136.  37.
997. 837. 673. 625. 564. 430. 360. 282. 161.  21.
973. 916. 796. 676. 568. 394. 306. 189. 116.  16.
967. 868. 857. 688. 524. 428. 326. 151. 114.  27.
