408. 368. 414. 447. 390. 549. 925. 802. 505. 142.
458. 863. 994. 714. 615. 467. 380. 316. 122.  21.
899. 845. 697. 614. 556. 515. 394. 264. 137.  29.
 422. 1045. 1212. 1136.  771.  320.   44.    0.    0.    0.
 389.  365.  451.  396.  516.  488.  666. 1203.  364.  112.
420. 658. 775. 707. 786. 810. 546. 181.  67.   0.
377. 400. 448. 566. 884. 837. 488. 374. 538.  38.
 467.  455.  423.  564.  609.  772. 1230.  430.    0.    0.
 450.  445.  481.  491.  624.  770. 1181.  508.    0.    0.
 379.  786. 1118. 1073.  866.  515.  190.   23.    0.    0.
 338.  829. 1078. 1067.  847.  519.  200.   63.    9.    0.
 435.  437.  490.  476.  611.  737. 1389.  375.    0.    0.
943. 881. 676. 580. 522. 481. 412. 293. 131.  31.
951. 834. 780. 657. 546. 461. 327. 231. 133.  30.
945. 852. 702. 580. 526. 491. 395. 275. 137.  47.
943. 829. 757. 640. 520. 450. 352. 239. 162.  58.
949. 856. 759. 638. 560. 457. 353. 219. 106.  53.
880. 851. 712. 678. 561. 444. 303. 262. 185.  74.
930. 860. 788. 635. 545. 464. 350. 221. 111.  46.
