 473.  476.  519.  526.  628. 1215.  741.  349.   23.    0.
600. 574. 606. 698. 910. 531. 514. 374. 143.   0.
444. 599. 702. 830. 938. 613. 411. 283. 130.   0.
 458.  421.  508.  522.  678. 1117.  596.  478.  172.    0.
441. 502. 503. 562. 684. 860. 879. 503.  16.   0.
 445.  451.  462.  491.  630.  730. 1285.  456.    0.    0.
896. 720. 555. 509. 484. 485. 503. 418. 240. 140.
933. 844. 704. 528. 547. 491. 442. 285. 128.  48.
 447.  459.  465.  521.  562.  706. 1249.  541.    0.    0.
474. 485. 492. 529. 757. 857. 742. 437. 177.   0.
848. 920. 535. 784. 786. 656. 286.  93.  42.   0.
 461.  469.  482.  480.  580.  774. 1434.  270.    0.    0.
436. 469. 515. 577. 981. 786. 514. 455. 217.   0.
438. 477. 479. 551. 733. 929. 672. 490. 181.   0.
443. 485. 471. 580. 710. 955. 730. 461. 115.   0.
 432.  470.  502.  507.  628.  699. 1260.  452.    0.    0.
921. 743. 774. 635. 573. 441. 342. 275. 186.  60.
871. 773. 726. 676. 588. 460. 364. 308. 151.  33.
