381. 503. 688. 977. 707. 852. 732. 110.   0.   0.
 412.  496.  787. 1105.  855.  688.  537.   70.    0.    0.
 363.  561.  834. 1103.  829.  674.  517.   69.    0.    0.
383. 571. 695. 857. 869. 830. 662.  83.   0.   0.
331. 469. 989. 714. 871. 690. 467. 309. 100.  10.
 380.  434. 1087. 1041.  690.  688.  396.  145.   89.    0.
 342.  457. 1016.  702.  694.  631.  524.  380.  170.   34.
 348.  432. 1020. 1056.  682.  767.  386.  169.   90.    0.
313. 460. 930. 862. 711. 662. 539. 342. 131.   0.
 369.  510. 1047.  671.  677.  600.  511.  336.  229.    0.
419. 463. 969. 704. 709. 641. 418. 337. 254.  36.
 448.  477. 1166.  713.  550.  480.  469.  331.  210.  106.
367. 504. 920. 872. 886. 792. 386. 168.  55.   0.
334. 466. 894. 818. 820. 723. 461. 306. 128.   0.
 339.  597. 1026.  984.  850.  624.  347.  145.   38.    0.
369. 598. 989. 886. 829. 808. 330. 105.  36.   0.
440. 516. 933. 913. 703. 422. 433. 276. 314.   0.
365. 880. 726. 779. 932. 722. 342. 204.   0.   0.
443. 489. 843. 969. 750. 502. 313. 320. 321.   0.
431. 741. 676. 892. 987. 727. 432.  64.   0.   0.
359. 580. 929. 826. 814. 655. 399. 263. 112.  13.
 384.  471. 1021. 1005.  683.  658.  389.  209.  130.    0.
 333.  426. 1059.  761.  748.  733.  448.  310.  110.   22.
 348.  454.  996. 1041.  705.  799.  392.  151.   64.    0.
 350.  398. 1088.  938.  735.  762.  432.  178.   69.    0.
362. 463. 890. 873. 891. 625. 417. 285. 144.   0.
 362.  489. 1110.  853.  970.  540.  351.  166.  109.    0.
 440.  515. 1084.  623.  491.  509.  442.  420.  251.  175.
 343.  468. 1045.  933.  822.  805.  309.  156.   69.    0.
 336.  541. 1010.  962.  854.  637.  350.  202.   58.    0.
330. 568. 925. 736. 621. 724. 554. 280. 212.   0.
 330.  485. 1022.  920.  841.  594.  440.  196.  122.    0.
