901. 826. 707. 727. 562. 459. 263. 254. 185.  66.
675. 920. 807. 678. 589. 481. 361. 243. 149.  47.
664. 943. 740. 633. 547. 582. 423. 279. 125.  14.
632. 861. 797. 754. 681. 439. 371. 277. 115.  23.
 435.  475.  470.  491.  565.  711. 1282.  521.    0.    0.
 506.  467.  808. 1032.  679.  577.  413.  244.  212.   12.
 475.  546.  782. 1061.  719.  592.  400.  232.  133.   10.
502. 542. 772. 852. 645. 578. 400. 290. 308.  61.
494. 595. 664. 929. 638. 527. 442. 394. 222.  45.
504. 641. 695. 938. 608. 489. 463. 350. 205.  57.
508. 656. 676. 922. 711. 506. 463. 328. 155.  25.
 410.  412.  468.  471.  471.  559. 1295.  605.  232.   27.
543. 677. 741. 566. 565. 735. 638. 341. 136.   8.
