 428.  498.  452.  536.  549.  745. 1285.  457.    0.    0.
 508.  515.  482.  468.  497.  617. 1316.  547.    0.    0.
 423.  455.  488.  516.  601.  713. 1308.  446.    0.    0.
 448.  456.  469.  545.  535.  718. 1324.  455.    0.    0.
 452.  416.  512.  508.  602.  724. 1310.  426.    0.    0.
727. 894. 761. 656. 572. 499. 361. 290. 174.  16.
678. 936. 832. 692. 582. 456. 370. 215. 146.  43.
679. 950. 839. 615. 592. 516. 371. 280.  90.  18.
 368.  387.  440.  473.  572.  515.  517. 1347.  287.   44.
 254.  702.  911. 1016.  873.  616.  383.  163.   26.    6.
 347.  397.  416.  473.  491.  510. 1076.  670.  454.  116.
368. 402. 449. 458. 509. 468. 953. 721. 560.  62.
