295. 605. 814. 849. 926. 900. 488.  73.   0.   0.
358. 566. 826. 900. 753. 659. 543. 345.   0.   0.
459. 494. 608. 921. 735. 546. 452. 370. 307.  58.
784. 746. 682. 651. 599. 492. 375. 313. 260.  48.
825. 785. 702. 653. 531. 480. 362. 290. 188. 134.
496. 927. 721. 572. 524. 491. 374. 401. 332. 112.
 455.  462.  446.  522.  645. 1030.  889.  486.   15.    0.
 429.  490.  489.  560. 1358.  613.  520.  397.   94.    0.
405. 465. 496. 556. 635. 935. 839. 602.  17.   0.
 443.  439.  480.  488.  614.  750. 1272.  464.    0.    0.
 437.  465.  494.  489.  582.  686. 1347.  450.    0.    0.
 475.  500.  598.  569.  801. 1076.  643.  288.    0.    0.
455. 484. 476. 512. 635. 974. 800. 541.  73.   0.
 446.  447.  499.  579. 1199.  618.  559.  413.  190.    0.
 418.  465.  479.  560.  664. 1058.  822.  456.   28.    0.
 426.  464.  479.  530.  596.  702. 1316.  437.    0.    0.
 485.  489.  496.  531.  570.  694. 1246.  439.    0.    0.
451. 524. 635. 441. 647. 839. 847. 566.   0.   0.
 437.  467.  468.  512.  563.  742. 1301.  460.    0.    0.
 436.  479.  482.  515.  578.  711. 1240.  509.    0.    0.
479. 909. 884. 765. 658. 715. 389. 151.   0.   0.
 438.  840. 1050. 1202.  677.  451.  270.   22.    0.    0.
 449.  494.  495.  540.  574.  721. 1254.  423.    0.    0.
400. 648. 865. 725. 621. 570. 571. 460.  90.   0.
354. 533. 812. 993. 694. 600. 640. 324.   0.   0.
 495.  438.  487.  568.  689. 1090. 1023.  160.    0.    0.
 501.  490.  407.  454.  523.  750. 1285.  540.    0.    0.
 474.  472.  461.  513.  592.  746. 1258.  434.    0.    0.
517. 593. 627. 523. 603. 586. 606. 583. 312.   0.
 366.  554.  705. 1108.  699.  673.  596.  249.    0.    0.
 471.  445.  491.  593.  632.  934. 1068.  316.    0.    0.
 436.  443.  477.  499.  611.  680. 1063.  741.    0.    0.
 421.  466.  465.  532.  571.  801. 1059.  580.   55.    0.
519. 660. 784. 647. 573. 602. 719. 446.   0.   0.
 462.  518.  701. 1049.  624.  566.  487.  284.  201.   58.
465. 461. 567. 668. 997. 825. 621. 284.  62.   0.
440. 768. 968. 934. 721. 475. 306. 274.  64.   0.
 452.  445.  456.  539.  685. 1018.  488.  810.   57.    0.
454. 438. 543. 587. 968. 705. 458. 411. 386.   0.
 425.  435.  526.  512.  642. 1068.  580.  716.   46.    0.
 443.  479.  473.  576. 1067.  695.  529.  417.  271.    0.
 434.  457.  462.  530.  623. 1038.  692.  702.   12.    0.
 444.  486.  500.  584. 1097.  728.  596.  314.  201.    0.
 421.  462.  496.  523.  612. 1128.  689.  559.   60.    0.
438. 475. 465. 631. 986. 703. 543. 514. 195.   0.
 436.  461.  452.  515.  628.  751. 1077.  567.   63.    0.
487. 767. 873. 706. 634. 699. 532. 252.   0.   0.
 460.  522.  664. 1059.  624.  562.  470.  312.  206.   71.
