 397.  371.  432.  531.  451.  498. 1113.  776.  334.   47.
 311.  801. 1033. 1053.  902.  589.  224.   37.    0.    0.
 285.  775. 1034. 1088.  851.  585.  258.   67.    7.    0.
431. 857. 753. 743. 688. 552. 549. 356.  21.   0.
266. 615. 744. 843. 821. 729. 660. 236.  36.   0.
489. 967. 691. 615. 500. 462. 395. 288. 291. 252.
 328.  651.  955. 1085.  795.  567.  409.  133.   27.    0.
2.51e+02 6.05e+02 8.10e+02 1.02e+03 7.67e+02 6.19e+02 5.51e+02 2.67e+02
 5.90e+01 1.00e+00
281. 543. 487. 564. 586. 900. 874. 531. 170.  14.
 454.  535.  756.  865. 1282.  513.  323.  161.   61.    0.
435. 434. 433. 495. 517. 727. 890. 859. 160.   0.
 612. 1046.  870.  658.  546.  505.  331.  237.  139.    6.
485. 676. 741. 916. 836. 645. 336. 206. 106.   3.
587. 569. 698. 587. 931. 765. 593. 198.  22.   0.
429. 502. 547. 603. 871. 792. 836. 370.   0.   0.
4.750e+02 5.290e+02 5.620e+02 6.100e+02 1.231e+03 7.440e+02 6.250e+02
 1.730e+02 1.000e+00 0.000e+00
 527.  576.  656.  801. 1149.  964.  246.   31.    0.    0.
534. 934. 782. 765. 603. 486. 346. 315. 164.  21.
4.670e+02 6.410e+02 6.270e+02 9.590e+02 1.013e+03 7.130e+02 3.760e+02
 1.530e+02 1.000e+00 0.000e+00
463. 473. 491. 669. 991. 919. 504. 292. 148.   0.
543. 579. 780. 861. 713. 561. 462. 337. 114.   0.
525. 631. 902. 769. 620. 605. 485. 346.  67.   0.
552. 535. 846. 808. 634. 592. 477. 374. 132.   0.
