406. 394. 448. 485. 495. 714. 980. 770. 255.   3.
824. 894. 804. 634. 539. 433. 373. 237. 139.  73.
705. 807. 685. 641. 438. 499. 377. 315. 271. 212.
671. 907. 752. 653. 509. 481. 399. 244. 217. 117.
690. 942. 750. 580. 507. 473. 363. 318. 203. 124.
682. 953. 887. 602. 595. 441. 300. 277. 122.  91.
652. 910. 713. 623. 547. 436. 423. 275. 211. 160.
455. 629. 993. 768. 622. 485. 391. 292. 210. 105.
 474.  607. 1128.  728.  623.  480.  420.  276.  151.   63.
 408.  654. 1114.  762.  608.  472.  350.  286.  160.  136.
391. 421. 449. 679. 909. 598. 432. 456. 335. 280.
389. 418. 439. 709. 802. 517. 470. 465. 346. 395.
532. 689. 649. 905. 821. 602. 469. 221.  62.   0.
 499. 1058.  886.  587.  526.  458.  415.  284.  156.   81.
405. 448. 485. 580. 625. 893. 604. 601. 257.  52.
