 453.  484.  490.  547.  596.  760. 1122.  498.    0.    0.
 483.  507.  541.  559.  600.  731. 1030.  499.    0.    0.
 484.  843. 1012.  703.  575.  518.  396.  268.  130.   21.
826. 853. 824. 645. 508. 489. 337. 237. 169.  62.
326. 431. 433. 472. 496. 942. 626. 470. 624. 130.
361. 408. 427. 450. 506. 973. 643. 513. 556. 113.
373. 423. 446. 477. 457. 733. 549. 513. 853. 126.
451. 834. 723. 582. 515. 453. 407. 333. 304. 348.
832. 882. 804. 637. 573. 432. 359. 233. 142.  56.
 474. 1020.  773.  652.  532.  488.  351.  334.  182.  144.
 353.  390.  443.  419.  486.  532. 1082.  643.  484.  118.
 569. 1037.  812.  679.  540.  457.  391.  242.  171.   52.
347. 405. 441. 469. 471. 631. 956. 547. 606.  77.
 529.  666. 1226.  966.  612.  498.  273.  180.    0.    0.
 713. 1066.  799.  706.  585.  420.  390.  215.   46.   10.
 500.  713. 1019.  941.  639.  486.  367.  285.    0.    0.
 625. 1017.  784.  640.  541.  463.  359.  297.  194.   30.
406. 544. 895. 965. 636. 540. 459. 263. 242.   0.
615. 921. 809. 700. 556. 461. 351. 227. 197. 113.
456. 908. 728. 563. 469. 419. 425. 370. 365. 247.
 444.  441.  504.  483.  600.  713. 1327.  438.    0.    0.
915. 794. 725. 661. 532. 420. 363. 274. 200.  66.
872. 881. 741. 643. 555. 451. 350. 257. 154.  46.
 457.  455.  450.  496.  568.  779. 1309.  436.    0.    0.
894. 781. 765. 680. 616. 397. 340. 222. 154. 101.
921. 869. 814. 715. 555. 416. 285. 194. 141.  40.
 433.  447.  484.  544.  588.  698. 1303.  453.    0.    0.
855. 797. 638. 579. 508. 435. 403. 350. 224. 161.
931. 862. 770. 608. 500. 483. 333. 255. 159.  49.
 478.  478.  513.  554.  594.  685. 1261.  387.    0.    0.
940. 901. 738. 637. 504. 420. 344. 233. 129. 104.
879. 841. 702. 664. 536. 469. 349. 276. 169.  65.
585. 970. 821. 651. 537. 516. 330. 268. 197.  75.
365. 395. 427. 475. 526. 570. 824. 475. 821.  72.
627. 901. 734. 699. 540. 512. 348. 219. 227. 143.
346. 390. 418. 471. 532. 625. 939. 488. 620. 121.
569. 986. 776. 601. 553. 472. 398. 296. 197. 102.
364. 412. 398. 468. 454. 607. 893. 540. 677. 137.
 557. 1027.  799.  692.  570.  432.  396.  208.  187.   82.
333. 411. 454. 432. 527. 563. 825. 503. 781. 121.
387. 399. 380. 406. 540. 873. 653. 446. 690. 176.
 575. 1069.  849.  724.  528.  457.  336.  190.  170.   52.
404. 392. 412. 412. 464. 680. 992. 516. 569. 109.
 551. 1057.  819.  698.  543.  475.  330.  267.  159.   51.
347. 420. 462. 453. 467. 617. 878. 560. 644. 102.
393. 355. 435. 448. 459. 483. 867. 766. 585. 159.
 549. 1183.  926.  737.  538.  440.  284.  172.   97.   24.
360. 431. 467. 442. 483. 511. 677. 527. 945. 107.
 613. 1068.  771.  680.  559.  414.  368.  296.  144.   37.
366. 368. 447. 471. 454. 597. 951. 543. 599. 154.
 580. 1050.  790.  744.  551.  489.  308.  202.  171.   65.
363. 390. 435. 506. 496. 545. 803. 478. 837.  97.
 505. 1027.  778.  722.  572.  426.  434.  309.  142.   35.
403. 433. 394. 435. 493. 726. 654. 417. 838. 157.
348. 418. 418. 448. 508. 513. 855. 848. 479. 115.
718. 945. 726. 624. 519. 498. 390. 292. 197.  41.
 441.  437.  501.  503.  547.  761. 1412.  348.    0.    0.
357. 375. 422. 478. 503. 500. 879. 943. 386. 107.
 453. 1016.  699.  581.  525.  489.  400.  301.  330.  156.
335. 413. 421. 475. 450. 505. 913. 856. 470. 112.
 443.  467.  482.  502.  555.  730. 1208.  563.    0.    0.
 431.  479.  512.  480.  593.  807. 1290.  358.    0.    0.
 441.  455.  502.  511.  580.  763. 1161.  537.    0.    0.
 432.  441.  487.  520.  603.  747. 1212.  508.    0.    0.
480. 439. 467. 544. 590. 744. 960. 726.   0.   0.
 478.  425.  460.  552.  635.  660. 1353.  387.    0.    0.
 454.  491.  488.  516.  554.  728. 1271.  448.    0.    0.
 458.  371.  531.  533.  539.  787. 1313.  418.    0.    0.
 468.  451.  469.  534.  603.  760. 1055.  610.    0.    0.
 400.  368.  399.  407.  459. 1004.  519.  503.  634.  257.
390. 409. 386. 411. 490. 817. 729. 491. 687. 140.
 439.  415.  536.  441.  640.  659. 1268.  552.    0.    0.
642. 932. 743. 665. 616. 403. 368. 251. 239.  91.
462. 942. 837. 610. 453. 508. 392. 308. 333. 105.
431. 625. 651. 857. 744. 505. 379. 404. 282.  72.
 797. 1340.  434.    0.    0.  160.  375.  817.  627.  400.
466. 627. 639. 920. 748. 378. 356. 545. 237.  34.
 509.  878. 1049. 1153.  728.  371.  182.   54.   26.    0.
857. 828. 698. 558. 511. 473. 383. 310. 192. 140.
 444.  496. 1083.  668.  465.  470.  418.  352.  320.  234.
 437.  544. 1005.  615.  572.  496.  355.  344.  275.  307.
 444.  473. 1000.  618.  570.  471.  375.  354.  330.  315.
360. 421. 373. 446. 511. 887. 678. 462. 628. 184.
 572. 1096.  830.  711.  560.  446.  332.  251.  119.   33.
341. 406. 437. 457. 480. 557. 794. 563. 781. 134.
 559. 1078.  769.  602.  550.  496.  370.  259.  195.   72.
 388.  395.  408.  479.  521.  641. 1025.  488.  544.   61.
