538. 802. 935. 729. 572. 460. 388. 276. 200.  50.
539. 831. 916. 730. 522. 516. 383. 317. 155.  41.
 472.  558. 1052.  776.  690.  449.  340.  310.  301.    2.
 480.  553. 1109.  675.  549.  500.  468.  347.  240.   29.
 491.  494. 1143.  774.  627.  495.  411.  238.  265.   12.
 489.  539. 1092.  814.  607.  508.  373.  257.  257.   14.
831. 895. 796. 638. 580. 462. 336. 190. 152.  70.
901. 837. 723. 573. 557. 476. 409. 266. 159.  49.
809. 836. 746. 668. 552. 479. 317. 258. 172. 113.
904. 845. 733. 678. 563. 391. 380. 291. 139.  26.
 498.  767. 1006.  714.  548.  529.  373.  290.  190.   35.
 537.  808. 1295.  824.  588.  418.  267.  141.   60.   12.
