383. 681. 690. 813. 859. 713. 582. 226.   3.   0.
 420.  489. 1060.  734.  567.  458.  432.  335.  236.  219.
292. 551. 598. 682. 772. 781. 612. 357. 214.  91.
419. 686. 801. 799. 665. 673. 495. 374.  38.   0.
 410.  823. 1147.  890.  838.  470.  291.   81.    0.    0.
303. 522. 689. 832. 767. 817. 706. 314.   0.   0.
295. 422. 631. 854. 821. 630. 452. 481. 272.  92.
 524.  567.  637.  774. 1363.  742.  335.    8.    0.    0.
 526.  781. 1077. 1082.  667.  652.  147.   18.    0.    0.
575. 944. 721. 853. 666. 665. 343. 183.   0.   0.
515. 631. 585. 981. 906. 650. 406. 211.  65.   0.
648. 718. 698. 842. 803. 614. 346. 191.  63.  27.
550. 774. 975. 887. 704. 474. 306. 268.  12.   0.
 528.  559. 1380.  892.  641.  391.  335.  208.   16.    0.
 509.  566. 1379.  712.  678.  470.  355.  238.   43.    0.
 506.  839. 1216.  912.  663.  393.  244.  139.   38.    0.
913. 896. 718. 630. 537. 494. 382. 203. 148.  29.
583. 753. 900. 941. 787. 493. 311. 169.  13.   0.
952. 908. 815. 701. 577. 419. 283. 181. 102.  12.
 501.  903. 1103. 1066.  732.  403.  229.   13.    0.    0.
 517.  663.  797. 1019.  677.  563.  401.  225.   86.    2.
820. 893. 816. 709. 558. 443. 330. 246. 129.   6.
861. 830. 728. 664. 516. 477. 372. 280. 157.  65.
347. 411. 423. 457. 464. 759. 626. 504. 782. 177.
368. 449. 430. 472. 494. 822. 584. 457. 740. 134.
 445.  477.  474.  504.  581.  707. 1278.  484.    0.    0.
 506.  553. 1057.  985.  610.  528.  344.  237.  121.    9.
 449.  450.  464.  526.  562.  737. 1223.  539.    0.    0.
 470.  491.  674. 1085.  737.  595.  330.  274.  233.   61.
 441.  426.  493.  522.  589.  755. 1419.  305.    0.    0.
453. 567. 709. 865. 565. 504. 421. 381. 428.  57.
 417.  446.  498.  528.  581.  769. 1258.  453.    0.    0.
 448.  501.  707. 1031.  651.  520.  366.  353.  294.   79.
 478.  463.  438.  493.  631.  779. 1143.  525.    0.    0.
469. 490. 877. 926. 635. 539. 507. 324. 162.  21.
 441.  465.  454.  506.  563.  751. 1278.  492.    0.    0.
478. 445. 732. 923. 659. 541. 408. 389. 287.  88.
 494.  480.  591. 1009.  806.  578.  559.  399.   34.    0.
982. 831. 780. 659. 560. 426. 309. 196. 140.  67.
930. 881. 795. 687. 548. 422. 308. 202. 115.  62.
963. 833. 788. 718. 564. 423. 294. 226. 115.  26.
876. 844. 712. 646. 514. 472. 349. 302. 157.  78.
1008.  881.  876.  717.  489.  419.  283.  134.   98.   45.
884. 839. 698. 578. 508. 475. 420. 293. 174.  81.
960. 828. 817. 645. 602. 397. 329. 180. 149.  43.
954. 869. 728. 657. 535. 461. 382. 222. 110.  32.
984. 858. 780. 707. 574. 413. 275. 210. 128.  21.
959. 796. 743. 617. 520. 474. 390. 274. 147.  30.
954. 955. 774. 652. 581. 419. 333. 189.  71.  22.
990. 846. 631. 503. 493. 509. 443. 332. 153.  50.
965. 869. 782. 649. 582. 407. 370. 198. 109.  19.
944. 845. 670. 604. 515. 454. 429. 302. 156.  31.
1060.  942.  793.  647.  553.  448.  298.  147.   54.    8.
951. 873. 828. 684. 553. 440. 282. 205. 107.  27.
935. 845. 753. 622. 534. 497. 342. 265. 130.  27.
940. 807. 712. 684. 584. 391. 332. 282. 166.  52.
928. 850. 738. 690. 588. 431. 294. 220. 148.  63.
959. 811. 745. 626. 502. 425. 360. 259. 162. 101.
926. 870. 668. 549. 523. 454. 439. 288. 162.  71.
923. 741. 682. 532. 474. 468. 440. 326. 242. 122.
979. 947. 818. 724. 548. 407. 275. 162.  77.  13.
940. 840. 770. 677. 573. 424. 320. 216. 154.  36.
932. 776. 695. 642. 581. 425. 339. 314. 186.  60.
