411. 445. 499. 539. 588. 963. 634. 517. 290.  64.
 432.  446.  461. 1091.  660.  519.  443.  397.  260.  241.
543. 936. 918. 745. 586. 457. 332. 243. 134.  56.
 562. 1015.  696.  695.  632.  437.  343.  314.  185.   71.
515. 717. 843. 946. 756. 546. 343. 205.  68.  11.
 743. 1028.  830.  662.  559.  426.  311.  215.  131.   45.
631. 763. 759. 638. 531. 472. 452. 363. 242.  99.
645. 864. 799. 679. 589. 463. 336. 282. 206.  87.
770. 984. 894. 664. 587. 440. 278. 217. 103.  13.
802. 873. 759. 703. 665. 418. 241. 261. 168.  60.
 539.  602. 1180.  879.  634.  486.  291.  178.  128.   33.
 517. 1033.  796.  614.  526.  489.  470.  329.  140.   36.
531. 659. 890. 987. 657. 512. 378. 256.  80.   0.
 531.  729. 1071.  782.  668.  478.  301.  225.  138.   27.
 646. 1222.  918.  765.  529.  403.  259.  118.   68.   22.
 551.  546.  537. 1016.  608.  542.  589.  552.    9.    0.
 518. 1048.  777.  769.  604.  451.  311.  236.  236.    0.
 546. 1110.  798.  704.  550.  487.  269.  282.  201.    3.
 523.  533.  638.  615.  899. 1351.  375.   16.    0.    0.
 456.  651. 1026.  716.  583.  560.  468.  303.  151.   36.
524. 504. 740. 931. 573. 524. 420. 358. 320.  56.
 473. 1126.  889.  721.  615.  415.  348.  198.  109.   56.
7.510e+02 1.222e+03 8.840e+02 7.350e+02 5.600e+02 4.300e+02 2.450e+02
 1.000e+02 2.200e+01 1.000e+00
 505.  566.  636. 1014.  978.  775.  289.  178.    9.    0.
 433.  431.  425. 1144.  692.  566.  401.  406.  213.  239.
867. 808. 727. 579. 463. 506. 412. 285. 229.  74.
 717. 1127.  806.  743.  613.  390.  253.  184.   98.   19.
 354.  831.  980. 1078.  861.  590.  176.   69.   11.    0.
 478.  941. 1014.  756.  812.  469.  318.  159.    3.    0.
509. 528. 675. 679. 879. 777. 552. 301.  50.   0.
408. 553. 673. 899. 737. 851. 616. 205.   8.   0.
 463.  553. 1038.  765.  633.  544.  392.  323.  239.    0.
416. 532. 606. 862. 985. 717. 346. 327. 159.   0.
 459.  553. 1043.  994.  739.  460.  373.  305.   24.    0.
435. 577. 741. 649. 804. 737. 772. 235.   0.   0.
 534.  612. 1079.  796.  671.  470.  377.  253.  151.    7.
576. 837. 727. 602. 560. 516. 451. 415. 254.  12.
525. 440. 589. 956. 671. 655. 332. 450. 332.   0.
441. 493. 573. 876. 938. 608. 400. 522.  99.   0.
458. 628. 716. 562. 906. 778. 536. 313.  53.   0.
4.960e+02 5.190e+02 5.470e+02 9.600e+02 1.073e+03 5.800e+02 3.750e+02
 2.860e+02 1.130e+02 1.000e+00
 457.  734. 1026.  843.  596.  529.  369.  276.  120.    0.
 538.  795. 1118. 1044.  778.  408.  251.   18.    0.    0.
 682. 1096.  832.  706.  569.  441.  293.  181.  104.   46.
544. 966. 942. 737. 641. 495. 374. 205.  46.   0.
 398.  406.  424. 1047.  746.  530.  473.  275.  271.  380.
407. 451. 470. 957. 597. 519. 403. 427. 381. 338.
949. 788. 692. 630. 540. 455. 345. 271. 203.  77.
998. 804. 692. 637. 521. 456. 417. 314. 102.   9.
900. 852. 777. 667. 557. 422. 359. 232. 135.  49.
876. 885. 764. 690. 555. 438. 331. 231. 133.  47.
 421.  444. 1179.  679.  516.  463.  453.  366.  230.  199.
 428.  451. 1107.  672.  517.  481.  396.  397.  233.  268.
448. 501. 849. 715. 499. 473. 493. 367. 261. 344.
 414.  442.  594. 1064.  762.  553.  380.  287.  199.  255.
926. 925. 813. 683. 554. 412. 320. 207.  89.  21.
456. 759. 708. 872. 892. 713. 425. 121.   4.   0.
 443.  617.  546.  644.  693. 1053.  786.  168.    0.    0.
467. 559. 513. 804. 860. 806. 734. 207.   0.   0.
440. 483. 545. 735. 863. 642. 524. 340. 336.  42.
 317.  724.  902. 1025.  767.  566.  417.  215.   17.    0.
475. 903. 685. 557. 520. 486. 502. 376. 344. 102.
 371.  592. 1090. 1038.  846.  562.  302.  149.    0.    0.
417. 587. 770. 908. 910. 900. 301.  85.  72.   0.
 531.  654.  719.  910. 1027.  641.  283.  167.   18.    0.
407. 664. 957. 865. 773. 710. 413. 161.   0.   0.
 315.  488. 1006.  819.  979.  569.  490.  252.   32.    0.
 494. 1027.  815.  672.  553.  447.  392.  276.  191.   83.
481. 511. 442. 471. 705. 777. 579. 482. 436.  66.
 460.  565.  553. 1121.  790.  576.  396.  285.  167.   37.
 434.  445.  536.  606.  653.  926. 1055.  295.    0.    0.
504. 564. 577. 776. 741. 614. 507. 395. 269.   3.
475. 859. 880. 692. 577. 463. 366. 270. 252. 116.
405. 531. 664. 845. 877. 667. 778. 183.   0.   0.
 451.  523. 1053.  833.  612.  577.  450.  275.  157.   19.
494. 634. 806. 805. 576. 594. 433. 345. 221.  42.
604. 900. 662. 616. 537. 537. 509. 395. 171.  19.
406. 575. 706. 975. 904. 643. 414. 327.   0.   0.
 432.  516.  740. 1151.  764.  531.  445.  311.   60.    0.
 351.  628. 1072.  964.  866.  501.  340.  207.   21.    0.
500. 704. 811. 746. 580. 709. 510. 242. 148.   0.
545. 676. 805. 883. 706. 565. 414. 281.  75.   0.
493. 801. 926. 713. 677. 529. 419. 277. 110.   5.
536. 530. 754. 813. 827. 599. 625. 259.   7.   0.
482. 535. 719. 915. 858. 613. 475. 257.  93.   3.
482. 977. 867. 638. 552. 490. 352. 311. 146. 135.
485. 979. 770. 619. 617. 458. 355. 274. 226. 167.
 525. 1067.  797.  661.  526.  459.  384.  244.  192.   95.
376. 381. 418. 453. 448. 775. 754. 497. 707. 141.
340. 425. 412. 446. 506. 891. 809. 471. 552.  98.
360. 366. 438. 499. 492. 804. 765. 542. 599.  85.
673. 957. 877. 697. 614. 474. 309. 190. 143.  16.
 504.  544.  701.  676.  730. 1505.  290.    0.    0.    0.
703. 964. 736. 662. 575. 504. 380. 275. 134.  17.
 551.  596.  554.  553.  677. 1556.  444.   19.    0.    0.
697. 847. 680. 595. 547. 493. 414. 364. 244.  69.
 387.  405.  373.  469.  409.  485.  549. 1341.  396.  136.
 452.  541.  688. 1140.  744.  533.  362.  263.  179.   48.
 480.  956. 1076.  749.  610.  469.  269.  246.   95.    0.
506. 920. 734. 635. 577. 550. 418. 352. 230.  28.
576. 951. 763. 679. 544. 505. 380. 334. 192.  26.
 406.  964. 1201. 1009.  709.  412.  195.   54.    0.    0.
894. 814. 675. 612. 468. 495. 444. 265. 194.  89.
428. 888. 687. 625. 619. 584. 549. 356. 214.   0.
442. 546. 978. 767. 665. 576. 389. 341. 246.   0.
503. 898. 860. 664. 622. 504. 446. 320. 133.   0.
316. 645. 792. 731. 825. 803. 565. 264.   9.   0.
458. 471. 738. 743. 689. 884. 579. 295.  93.   0.
343. 518. 846. 864. 807. 845. 358. 268. 101.   0.
474. 538. 619. 883. 838. 809. 498. 251.  40.   0.
 487. 1051.  793.  676.  583.  472.  361.  277.  195.   55.
259. 582. 892. 967. 869. 701. 411. 175.  94.   0.
468. 510. 604. 993. 731. 642. 469. 295. 193.  45.
429. 425. 914. 953. 722. 572. 432. 339. 164.   0.
480. 744. 913. 682. 595. 458. 397. 326. 173. 182.
476. 711. 743. 694. 523. 575. 466. 450. 312.   0.
547. 901. 893. 684. 534. 504. 410. 237. 170.  70.
471. 671. 941. 726. 658. 559. 312. 356. 256.   0.
363. 651. 849. 791. 675. 706. 532. 299.  84.   0.
454. 467. 596. 613. 753. 852. 568. 549.  98.   0.
618. 946. 756. 651. 706. 622. 472. 179.   0.   0.
623. 955. 769. 681. 553. 426. 351. 277. 226.  89.
 509.  603. 1092.  687.  603.  479.  447.  304.  182.   44.
804. 886. 647. 579. 599. 496. 393. 260. 192.  94.
 448.  492.  642.  789. 1040.  589.  444.  333.  173.    0.
464. 626. 836. 858. 712. 619. 471. 269.  95.   0.
407. 553. 579. 787. 891. 874. 525. 246.  88.   0.
 468.  733.  935. 1005.  708.  483.  400.  171.   47.    0.
515. 893. 976. 746. 667. 450. 350. 243. 110.   0.
515. 782. 935. 876. 649. 659. 405. 127.   2.   0.
756. 876. 740. 648. 580. 483. 348. 222. 192. 105.
 488. 1171. 1082.  844.  552.  369.  262.  123.   41.   18.
