494. 768. 984. 880. 654. 562. 246. 210. 145.   7.
 446.  476.  600.  625. 1048.  702.  550.  268.  230.    5.
461. 520. 592. 708. 816. 725. 559. 357. 200.  12.
874. 823. 758. 633. 583. 410. 368. 289. 160.  52.
722. 695. 607. 578. 525. 412. 364. 326. 253. 468.
879. 785. 697. 644. 588. 398. 377. 300. 204.  78.
496. 866. 772. 680. 614. 561. 469. 331. 158.   3.
473. 580. 687. 758. 836. 891. 536. 177.  12.   0.
811. 705. 654. 615. 503. 490. 368. 409. 291. 104.
 585.  959. 1079.  762.  528.  428.  288.  191.  109.   21.
468. 517. 579. 730. 810. 934. 589. 272.  51.   0.
877. 786. 680. 613. 519. 464. 428. 292. 212.  79.
652. 935. 776. 692. 615. 431. 317. 295. 205.  32.
 480.  525.  572.  891. 1108.  708.  358.  202.  102.    4.
519. 879. 799. 812. 626. 516. 435. 247.  85.  32.
 679.  684.  690. 1099.  495.  399.  414.  250.  234.    6.
3.930e+02 9.170e+02 1.017e+03 9.160e+02 7.640e+02 4.890e+02 2.830e+02
 1.180e+02 5.200e+01 1.000e+00
848. 871. 772. 691. 548. 480. 370. 182. 154.  34.
4.330e+02 4.700e+02 5.730e+02 6.080e+02 1.054e+03 7.380e+02 5.400e+02
 2.930e+02 2.400e+02 1.000e+00
 430.  500.  525.  578. 1263.  815.  437.  275.  115.   12.
948. 923. 818. 638. 544. 449. 355. 179.  83.  13.
906. 848. 714. 648. 533. 439. 388. 286. 149.  39.
823. 855. 752. 716. 560. 477. 280. 253. 188.  46.
865. 773. 738. 670. 645. 458. 270. 261. 182.  88.
447. 501. 716. 815. 886. 738. 484. 263.  94.   6.
 598. 1092.  938.  792.  563.  392.  259.  215.   94.    7.
 399.  560.  606. 1016.  888.  611.  436.  275.  159.    0.
687. 721. 789. 636. 494. 459. 440. 272. 380.  72.
467. 691. 636. 653. 860. 753. 690. 197.   3.   0.
 497.  725.  827. 1233.  878.  414.  237.  124.   15.    0.
 456.  616.  958. 1015. 1096.  516.  230.   63.    0.    0.
449. 652. 744. 817. 837. 743. 601.  96.  11.   0.
466. 547. 652. 998. 746. 725. 475. 254.  85.   2.
 466.  542.  592.  765. 1012.  582.  419.  395.  169.    8.
 467.  523.  613.  656. 1037.  551.  436.  425.  212.   30.
 448.  663.  631.  685. 1131.  926.  375.   91.    0.    0.
474. 948. 954. 926. 608. 450. 293. 189.  86.  22.
