 437.  458.  493.  577.  820. 1073.  629.  340.  123.    0.
443. 474. 486. 589. 776. 933. 628. 467. 154.   0.
 422.  446.  487.  492.  592.  721. 1184.  606.    0.    0.
 461.  509.  498.  612.  598.  758. 1069.  445.    0.    0.
 488.  436.  492.  630. 1326.  767.  400.  232.  179.    0.
 452.  481.  564.  581. 1089.  731.  441.  412.  199.    0.
412. 504. 931. 725. 563. 486. 462. 419. 366.  82.
455. 485. 512. 540. 642. 951. 791. 519.  55.   0.
 457.  445.  507.  570.  644. 1183.  700.  433.   11.    0.
447. 475. 567. 938. 912. 621. 499. 337. 141.  13.
730. 988. 745. 591. 536. 482. 401. 311. 148.  18.
 462.  480.  480.  524.  572.  727. 1171.  534.    0.    0.
439. 506. 877. 999. 723. 456. 365. 243. 268.  74.
 434.  522.  990. 1018.  675.  478.  372.  272.  161.   28.
 492.  661.  608.  574.  868. 1120.  579.   48.    0.    0.
 502.  654.  547.  751.  932. 1006.  531.   27.    0.    0.
484. 567. 734. 644. 912. 918. 629.  62.   0.   0.
463. 512. 519. 592. 758. 902. 549. 527. 128.   0.
 437.  434.  452.  566.  662. 1014.  786.  599.    0.    0.
 452.  435.  485.  587.  782. 1140.  541.  369.  159.    0.
 460.  481.  534.  523.  611.  774. 1092.  475.    0.    0.
471. 697. 603. 688. 685. 867. 667. 215.  57.   0.
 463.  664.  534.  531.  662. 1126.  817.  148.    5.    0.
 405.  558.  590.  635.  669. 1088.  689.  262.   54.    0.
395. 632. 528. 601. 731. 971. 860. 210.  22.   0.
