 438.  468.  492.  501.  560.  678. 1365.  448.    0.    0.
426. 487. 802. 846. 558. 463. 480. 346. 285. 257.
434. 417. 854. 858. 598. 459. 473. 315. 287. 255.
 411.  463.  507.  518.  573.  721. 1319.  438.    0.    0.
 428.  440.  452. 1016.  671.  577.  408.  295.  339.  324.
812. 783. 748. 617. 591. 487. 429. 285. 156.  42.
 429.  465.  476.  484.  562.  748. 1240.  546.    0.    0.
425. 431. 476. 551. 935. 795. 474. 450. 413.   0.
 489.  377.  447.  493. 1024.  595.  540.  658.  327.    0.
402. 406. 515. 609. 893. 539. 462. 527. 253. 344.
380. 365. 426. 437. 518. 868. 559. 424. 759. 214.
 429.  448.  447.  531. 1145.  786.  474.  240.  450.    0.
 489.  446. 1025.  763.  744.  458.  331.  323.  227.  144.
 460.  439.  445.  508.  567.  737. 1317.  477.    0.    0.
 414.  462.  757. 1023.  656.  554.  414.  292.  233.  145.
436. 506. 990. 650. 582. 531. 398. 398. 307. 152.
455. 496. 492. 508. 542. 708. 618. 674. 457.   0.
385. 452. 434. 485. 507. 578. 937. 801. 371.   0.
 436.  498. 1172.  721.  577.  464.  447.  292.  236.  107.
 456.  495. 1122.  684.  555.  435.  485.  294.  270.  154.
468. 998. 669. 666. 574. 499. 374. 232. 238. 232.
 458.  480. 1087.  799.  581.  534.  447.  313.  177.   74.
 489. 1101.  753.  606.  519.  461.  399.  311.  219.   92.
451. 444. 892. 712. 707. 507. 365. 330. 245. 297.
 459. 1095.  863.  669.  587.  447.  389.  225.  149.   67.
431. 451. 484. 538. 770. 688. 629. 611. 348.   0.
 413.  451.  507.  487.  662. 1164.  614.  477.  175.    0.
 461.  469.  500.  478.  589.  719. 1285.  449.    0.    0.
451. 492. 919. 764. 617. 523. 429. 296. 226. 233.
 474. 1073.  738.  736.  630.  412.  315.  309.  179.   84.
425. 470. 878. 755. 620. 515. 397. 273. 295. 322.
 459. 1088.  800.  713.  604.  424.  328.  253.  169.  112.
454. 478. 485. 541. 779. 752. 564. 526. 371.   0.
 409.  460.  460.  503.  643. 1075.  647.  520.  233.    0.
 449.  466.  454.  480.  600.  742. 1266.  493.    0.    0.
374. 387. 457. 499. 503. 818. 901. 548. 463.   0.
 427.  482.  499.  787. 1197.  593.  431.  281.  184.   69.
 440.  456.  458.  529.  544.  689. 1250.  584.    0.    0.
409. 373. 374. 459. 550. 498. 906. 896. 485.   0.
 417.  458.  462.  592. 1209.  661.  483.  306.  299.   63.
 442.  442.  488.  537.  607. 1105.  652.  478.  199.    0.
434. 451. 474. 531. 639. 924. 657. 636. 204.   0.
405. 413. 473. 464. 786. 776. 509. 464. 588.  72.
372. 408. 436. 503. 499. 927. 846. 549. 410.   0.
420. 419. 447. 476. 525. 907. 763. 653. 295.  45.
397. 471. 459. 500. 942. 813. 546. 442. 348.  32.
390. 395. 475. 497. 585. 598. 978. 751. 215.  66.
476. 418. 445. 924. 902. 612. 528. 393. 240.  12.
435. 451. 508. 830. 881. 585. 457. 346. 344. 113.
426. 501. 511. 754. 942. 694. 543. 385. 194.   0.
 423.  507.  554. 1087.  673.  527.  423.  372.  258.  126.
 462.  457.  484.  493.  589.  712. 1271.  482.    0.    0.
 471.  494.  450.  524.  545.  678. 1367.  421.    0.    0.
 446.  493.  476.  503.  569.  715. 1333.  415.    0.    0.
 461.  459.  488.  559.  542.  754. 1261.  426.    0.    0.
455. 455. 510. 837. 889. 559. 440. 414. 371.  20.
 485.  479. 1089.  968.  708.  446.  337.  260.  106.   72.
433. 459. 510. 832. 829. 582. 429. 413. 405.  58.
410. 505. 958. 809. 651. 501. 418. 308. 282. 108.
453. 479. 532. 997. 651. 552. 486. 324. 315. 161.
412. 462. 459. 578. 947. 732. 492. 486. 382.   0.
386. 433. 427. 500. 890. 631. 506. 474. 525. 178.
462. 486. 852. 860. 561. 470. 490. 373. 224. 172.
 411.  482.  520. 1266.  710.  522.  438.  290.  218.   93.
 432.  424.  516.  484.  623.  703. 1304.  464.    0.    0.
 439.  436.  488.  546.  549.  726. 1311.  455.    0.    0.
 446.  438.  497.  466.  595.  735. 1309.  464.    0.    0.
 458.  452.  471.  514.  566.  706. 1320.  463.    0.    0.
 409.  436.  449.  497.  544.  619. 1005.  753.  206.   32.
453. 486. 566. 957. 616. 548. 469. 309. 394. 152.
402. 405. 468. 551. 829. 705. 566. 468. 475.  81.
 474.  949. 1021.  724.  635.  415.  365.  235.   92.   40.
434. 405. 474. 526. 572. 834. 739. 560. 371.  35.
397. 392. 448. 466. 558. 814. 722. 563. 590.   0.
 416.  432.  518. 1060.  645.  541.  482.  366.  266.  224.
827. 691. 681. 587. 556. 435. 425. 340. 257. 151.
 453.  432.  474.  493.  591.  741. 1195.  571.    0.    0.
 415.  445.  474.  560. 1095.  751.  601.  367.  242.    0.
 410.  454.  453.  492. 1085.  779.  516.  370.  391.    0.
388. 429. 506. 674. 946. 539. 528. 396. 308. 236.
387. 385. 471. 421. 511. 874. 556. 403. 679. 263.
 427.  384.  482.  554. 1008.  752.  515.  446.  382.    0.
 438.  520. 1048.  710.  554.  556.  344.  384.  245.  151.
 475.  475.  430.  486.  532.  750. 1338.  464.    0.    0.
433. 463. 724. 992. 595. 513. 418. 366. 277. 169.
 449.  479. 1180.  889.  676.  486.  361.  197.  168.   65.
