472. 545. 612. 729. 755. 768. 758. 302.   9.   0.
442. 414. 645. 583. 852. 776. 718. 520.   0.   0.
489. 644. 779. 924. 630. 652. 396. 227. 176.  33.
506. 579. 734. 972. 833. 474. 410. 271. 171.   0.
699. 893. 746. 652. 546. 482. 358. 281. 207.  86.
454. 522. 511. 565. 693. 897. 656. 466. 186.   0.
663. 911. 692. 643. 538. 488. 396. 364. 213.  42.
575. 971. 822. 710. 577. 558. 347. 248. 124.  18.
 522.  576.  751. 1049.  877.  879.  273.   23.    0.    0.
 677. 1093.  832.  659.  572.  457.  317.  213.   96.   34.
554. 704. 645. 656. 858. 878. 507. 148.   0.   0.
740. 957. 691. 565. 515. 472. 423. 326. 200.  61.
890. 900. 805. 673. 611. 389. 306. 215. 124.  37.
840. 975. 765. 629. 514. 476. 374. 243. 119.  15.
868. 898. 774. 686. 576. 416. 324. 255. 112.  41.
835. 804. 683. 653. 563. 463. 382. 245. 224.  98.
816. 929. 826. 685. 555. 469. 283. 235. 123.  29.
606. 835. 750. 680. 619. 520. 460. 351. 127.   2.
886. 875. 813. 700. 555. 435. 351. 205.  80.  50.
 633. 1036.  797.  675.  594.  436.  358.  242.  130.   49.
598. 983. 896. 749. 625. 435. 300. 205. 117.  42.
394. 699. 969. 933. 990. 577. 294.  94.   0.   0.
435. 477. 500. 598. 850. 731. 558. 525. 276.   0.
466. 497. 505. 580. 799. 670. 566. 558. 309.   0.
 437.  525.  517.  606.  617. 1164.  774.  304.    6.    0.
445. 453. 505. 639. 669. 992. 812. 397.  38.   0.
841. 840. 774. 673. 540. 462. 353. 263. 148.  56.
830. 951. 778. 626. 547. 433. 356. 254. 125.  50.
827. 899. 848. 621. 583. 455. 329. 234. 127.  27.
813. 928. 778. 671. 581. 445. 294. 234. 170.  36.
867. 809. 681. 734. 539. 531. 236. 252. 228.  73.
 435.  465.  793.  719.  847. 1094.  495.  102.    0.    0.
442. 545. 883. 698. 688. 973. 480. 241.   0.   0.
559. 942. 902. 730. 646. 482. 266. 225. 163.  35.
566. 940. 927. 729. 589. 437. 351. 217. 119.  75.
460. 521. 652. 810. 970. 670. 420. 301. 146.   0.
433. 541. 638. 692. 735. 663. 538. 460. 250.   0.
451. 458. 562. 608. 969. 816. 579. 318. 189.   0.
454. 497. 491. 599. 760. 698. 540. 584. 327.   0.
 524.  432.  486.  580.  532.  702. 1367.  327.    0.    0.
 417.  469.  475.  520.  595.  741. 1404.  329.    0.    0.
 436.  668. 1012.  796.  613.  478.  327.  291.  255.   74.
491. 695. 944. 890. 730. 383. 310. 225. 242.  40.
425. 524. 688. 723. 956. 736. 488. 364.  46.   0.
 474.  512.  621.  680. 1074.  843.  369.  360.   17.    0.
 454.  445.  488.  549.  583.  759. 1140.  532.    0.    0.
 422.  470.  487.  536.  605.  812. 1217.  401.    0.    0.
 440.  434.  476.  529.  557.  736. 1437.  341.    0.    0.
 425.  451.  466.  535.  575.  736. 1373.  389.    0.    0.
 441.  464.  481.  494.  557.  714. 1422.  377.    0.    0.
 456.  430.  475.  519.  569.  715. 1442.  344.    0.    0.
 486.  458.  480.  510.  529.  745. 1436.  306.    0.    0.
 445.  449.  493.  505.  573.  728. 1351.  406.    0.    0.
 451.  452.  452.  556.  573.  701. 1332.  433.    0.    0.
 427.  464.  485.  512.  600.  737. 1319.  406.    0.    0.
 422.  443.  510.  518.  562.  744. 1420.  331.    0.    0.
 469.  438.  449.  515.  570.  773. 1357.  379.    0.    0.
 463.  464.  511.  491.  526.  673. 1566.  256.    0.    0.
 470.  480.  543.  530.  591.  710. 1328.  298.    0.    0.
398. 434. 479. 555. 586. 874. 729. 759. 136.   0.
407. 411. 448. 498. 533. 914. 718. 794. 227.   0.
372. 406. 428. 503. 543. 521. 911. 981. 261.  24.
388. 386. 439. 517. 520. 517. 942. 993. 244.   4.
 384.  413.  437.  501.  550.  553. 1147.  737.  221.    7.
 398.  421.  429.  492.  503.  550. 1090.  788.  268.   11.
