460. 509. 610. 851. 742. 601. 522. 399. 231.  25.
397. 402. 526. 829. 624. 792. 811. 532.  37.   0.
 425.  467.  467.  501.  587.  732. 1311.  460.    0.    0.
 438.  409.  489.  538.  619.  729. 1243.  485.    0.    0.
603. 790. 784. 730. 610. 471. 324. 319. 253.  66.
 444.  459.  489.  502.  555.  695. 1330.  476.    0.    0.
600. 797. 732. 671. 632. 557. 471. 367. 119.   4.
595. 740. 782. 625. 686. 488. 455. 390. 186.   3.
 484. 1074.  662.  530.  477.  463.  410.  382.  290.  178.
960. 866. 802. 708. 483. 469. 327. 191.  96.  48.
905. 868. 700. 616. 543. 444. 381. 297. 156.  40.
834. 868. 756. 676. 558. 464. 311. 252. 160.  71.
424. 413. 435. 473. 500. 970. 700. 420. 479. 136.
559. 535. 835. 851. 730. 689. 420. 247.  84.   0.
 507. 1023.  900.  682.  583.  459.  391.  250.  141.   14.
465. 784. 832. 775. 630. 590. 437. 328. 109.   0.
 442.  542.  601.  592. 1042.  784.  501.  363.   83.    0.
479. 896. 964. 748. 640. 548. 430. 204.  41.   0.
476. 531. 844. 900. 875. 489. 327. 384. 124.   0.
461. 558. 565. 564. 818. 817. 975. 184.   8.   0.
433. 560. 724. 735. 978. 831. 516. 173.   0.   0.
 468.  526.  559.  798. 1114.  652.  558.  275.    0.    0.
 513.  869. 1090.  930.  637.  459.  239.  168.   45.    0.
 450.  482.  485.  512.  566.  714. 1224.  517.    0.    0.
 561. 1127.  751.  579.  547.  488.  387.  321.  107.   82.
574. 613. 867. 766. 670. 652. 496. 256.  56.   0.
479. 984. 914. 657. 605. 441. 374. 296. 168.  32.
450. 876. 837. 638. 677. 603. 445. 335.  89.   0.
 445.  481.  517.  676. 1038.  828.  460.  363.  142.    0.
590. 832. 803. 826. 652. 432. 435. 294.  86.   0.
448. 643. 761. 823. 836. 632. 440. 244. 123.   0.
448. 530. 575. 591. 824. 984. 834. 156.   8.   0.
513. 516. 633. 577. 758. 802. 694. 457.   0.   0.
 535.  539.  621.  836. 1088.  442.  697.  192.    0.    0.
497. 687. 927. 994. 813. 508. 243. 246.  35.   0.
