 484.  504.  617. 1063.  889.  579.  371.  280.  154.    9.
 474.  485.  771. 1090.  791.  555.  334.  302.  106.   42.
497. 703. 802. 722. 620. 429. 385. 420. 283.  89.
425. 463. 558. 562. 830. 738. 740. 529. 105.   0.
936. 873. 768. 662. 540. 457. 303. 273.  79.  59.
907. 803. 725. 599. 534. 473. 366. 318. 163.  62.
944. 847. 650. 563. 503. 514. 419. 309. 165.  36.
876. 818. 769. 641. 522. 442. 395. 238. 168.  81.
965. 822. 702. 595. 491. 510. 401. 276. 154.  34.
895. 791. 731. 656. 525. 501. 364. 268. 161.  58.
908. 842. 782. 715. 578. 452. 278. 221. 143.  31.
949. 844. 694. 607. 527. 468. 409. 278. 131.  43.
973. 836. 715. 692. 518. 440. 364. 276. 109.  27.
837. 926. 731. 637. 529. 460. 345. 264. 178.  43.
 496.  502.  548.  680. 1059.  724.  531.  306.  104.    0.
 538.  803. 1016.  739.  587.  467.  380.  204.  160.   56.
976. 721. 657. 682. 532. 412. 319. 313. 254.  84.
 466.  451.  501.  601.  677.  817. 1060.  377.    0.    0.
 403.  834. 1014. 1010.  837.  566.  274.   12.    0.    0.
 449.  516.  534.  629.  750. 1070.  735.  267.    0.    0.
758. 824. 681. 605. 531. 465. 366. 325. 208. 187.
 418.  475. 1099.  791.  647.  527.  355.  301.  203.  134.
 494.  506. 1037.  642.  486.  532.  443.  325.  206.  279.
497. 503. 510. 729. 778. 844. 721. 347.  21.   0.
451. 504. 507. 659. 743. 805. 745. 382. 154.   0.
 440.  511.  572.  616.  750. 1001.  722.  319.   19.    0.
 459.  503.  534.  537.  674. 1019.  745.  396.   83.    0.
 490.  514.  551.  639.  900. 1007.  606.  222.   21.    0.
 466.  481.  516.  594.  672. 1215.  599.  313.   94.    0.
 448.  518.  547.  627.  770. 1138.  592.  297.   13.    0.
 404.  472.  488.  536.  572.  709. 1372.  397.    0.    0.
450. 519. 524. 655. 584. 845. 804. 491.  78.   0.
 477.  515.  576.  672.  884. 1077.  546.  184.   19.    0.
433. 506. 551. 584. 867. 919. 691. 364.  35.   0.
 427.  512.  530.  652.  820. 1101.  621.  241.   46.    0.
425. 535. 524. 600. 768. 855. 688. 443. 112.   0.
 433.  494.  562.  670.  716. 1074.  605.  331.   65.    0.
443. 471. 556. 654. 710. 974. 714. 388.  40.   0.
 424.  452.  491.  523.  589.  711. 1394.  366.    0.    0.
472. 500. 546. 677. 643. 916. 771. 360.  65.   0.
 468.  566.  583.  600.  699. 1074.  614.  308.   38.    0.
 512.  521.  475.  611.  816. 1011.  500.  384.  120.    0.
 456.  501.  592.  716.  785. 1034.  688.  157.   21.    0.
467. 471. 561. 610. 722. 982. 631. 419.  87.   0.
445. 489. 544. 685. 741. 926. 667. 367.  86.   0.
488. 496. 520. 548. 765. 941. 632. 431. 129.   0.
 411.  505.  474.  502.  594.  685. 1399.  380.    0.    0.
