422. 454. 493. 636. 809. 868. 809. 459.   0.   0.
312. 425. 726. 833. 836. 805. 471. 481.  61.   0.
 443.  470.  514.  606. 1102.  809.  549.  288.  169.    0.
454. 491. 552. 599. 734. 862. 581. 454. 223.   0.
698. 700. 704. 674. 640. 596. 540. 344.  54.   0.
713. 610. 622. 594. 582. 687. 633. 481.  28.   0.
626. 699. 775. 804. 769. 435. 268. 223. 198. 153.
 465.  467.  476.  506.  579.  730. 1311.  416.    0.    0.
 417.  706. 1211. 1000.  654.  453.  293.  143.   55.   18.
417. 445. 508. 585. 835. 892. 838. 430.   0.   0.
874. 779. 708. 614. 528. 477. 393. 285. 215.  77.
902. 824. 710. 598. 543. 438. 400. 285. 190.  60.
887. 911. 777. 700. 551. 441. 339. 197. 113.  34.
895. 841. 759. 626. 547. 478. 351. 269. 119.  65.
924. 695. 732. 580. 440. 514. 426. 310. 243.  86.
920. 823. 800. 645. 609. 411. 345. 222. 141.  34.
