 609.  702.  705. 1124.  841.  504.  282.  139.   44.    0.
 436.  536.  617. 1002.  778.  584.  475.  311.  211.    0.
696. 670. 673. 648. 533. 538. 477. 412. 303.   0.
553. 886. 898. 634. 618. 457. 352. 273. 178. 101.
 450.  422.  445.  551.  609.  690. 1334.  449.    0.    0.
 430.  447.  472.  506.  583.  733. 1313.  466.    0.    0.
 435.  458.  473.  487.  580.  735. 1339.  443.    0.    0.
 440.  475.  475.  516.  566.  741. 1292.  445.    0.    0.
456. 494. 500. 553. 604. 786. 695. 669. 193.   0.
583. 919. 775. 730. 589. 393. 370. 297. 195.  99.
 511.  538.  490.  454.  504.  682. 1333.  438.    0.    0.
 438.  484.  464.  462.  561.  744. 1349.  448.    0.    0.
 450.  472.  448.  505.  579.  747. 1283.  466.    0.    0.
 457.  513.  446.  499.  567.  703. 1264.  501.    0.    0.
 444.  439.  522.  517.  718. 1012.  693.  453.  152.    0.
 445.  467.  451.  500.  619.  734. 1286.  448.    0.    0.
 434.  478.  462.  523.  579.  702. 1299.  473.    0.    0.
 417.  443.  496.  516.  582.  687. 1377.  432.    0.    0.
 451.  490.  489.  536.  598.  703. 1262.  421.    0.    0.
