 498.  612. 1105.  640.  592.  457.  518.  363.  165.    0.
437. 535. 617. 585. 878. 820. 764. 258.  56.   0.
544. 866. 789. 700. 629. 563. 364. 294. 168.  33.
527. 841. 726. 630. 647. 592. 541. 326. 114.   6.
540. 937. 715. 707. 637. 405. 372. 387. 213.  37.
485. 936. 775. 776. 681. 496. 389. 257. 129.  26.
715. 802. 758. 684. 554. 452. 397. 364. 190.  34.
 578.  775. 1040.  980.  762.  417.  218.  134.   46.    0.
838. 799. 762. 654. 642. 410. 365. 252. 228.   0.
831. 705. 679. 613. 526. 482. 347. 453. 263.  51.
898. 862. 824. 764. 603. 402. 341. 206.  47.   3.
 510.  543. 1232.  712.  585.  593.  381.  250.  144.    0.
 663. 1014.  670.  528.  487.  493.  451.  362.  217.   65.
499. 655. 953. 764. 603. 505. 420. 291. 197.  63.
788. 909. 717. 626. 501. 478. 399. 377. 124.  31.
 493.  533. 1323.  866.  687.  428.  282.  256.   82.    0.
 510. 1022.  856.  700.  629.  460.  336.  264.  155.   18.
717. 785. 717. 719. 657. 489. 369. 311. 166.  20.
 509. 1065.  868.  546.  592.  493.  475.  245.  139.   18.
731. 757. 692. 685. 621. 489. 412. 351. 196.  16.
