 434.  456.  505.  526.  594.  886. 1123.  426.    0.    0.
 403.  465.  602.  895. 1067.  678.  502.  243.   95.    0.
 472.  456.  514.  482.  643.  835. 1070.  478.    0.    0.
427. 448. 626. 865. 994. 783. 420. 188. 199.   0.
877. 833. 686. 605. 530. 476. 396. 317. 173.  57.
531. 694. 808. 598. 514. 532. 481. 411. 336.  45.
438. 580. 675. 676. 863. 825. 537. 259.  97.   0.
463. 542. 764. 825. 620. 510. 389. 346. 324. 167.
447. 522. 847. 968. 653. 543. 341. 367. 246.  16.
 458.  590. 1049.  757.  740.  466.  314.  279.  231.   66.
421. 431. 544. 977. 834. 534. 428. 355. 353.  73.
419. 439. 612. 820. 806. 549. 442. 354. 381. 128.
589. 809. 851. 783. 682. 573. 512. 151.   0.   0.
 446.  561.  915. 1067.  669.  529.  314.  239.  185.   25.
 444.  525.  781. 1152.  663.  550.  327.  282.  139.   87.
627. 896. 756. 639. 578. 445. 378. 311. 206. 114.
 431.  461. 1103.  832.  667.  516.  392.  239.  181.  128.
473. 712. 722. 872. 847. 613. 457. 209.  45.   0.
525. 654. 693. 756. 968. 651. 421. 240.  42.   0.
630. 688. 593. 631. 883. 594. 528. 304.  99.   0.
517. 512. 669. 767. 691. 723. 547. 483.  41.   0.
 437.  689. 1128.  689.  627.  513.  447.  266.  139.   15.
 420.  647. 1107.  705.  617.  547.  425.  329.  146.    7.
 467.  446.  524.  464.  567.  674. 1338.  470.    0.    0.
 466.  493.  495.  512.  568.  729. 1277.  410.    0.    0.
 440.  459.  451.  505.  642.  751. 1283.  419.    0.    0.
 421.  461.  482.  502.  567.  719. 1286.  512.    0.    0.
 426.  426.  499.  506.  593.  755. 1327.  418.    0.    0.
 430.  450.  496.  510.  607.  745. 1329.  383.    0.    0.
416. 508. 598. 507. 805. 457. 662. 586. 411.   0.
506. 996. 685. 499. 446. 462. 436. 432. 309. 179.
 465.  474.  476.  533.  835. 1097.  634.  334.  102.    0.
852. 805. 687. 663. 614. 408. 342. 293. 205.  81.
443. 473. 664. 988. 848. 508. 388. 317. 285.  36.
965. 936. 878. 759. 476. 446. 249. 123. 105.  13.
 472. 1002.  811.  703.  601.  414.  385.  290.  157.  115.
384. 476. 427. 513. 455. 609. 910. 921. 255.   0.
 436.  481.  531. 1086.  601.  461.  450.  387.  280.  237.
495. 952. 726. 645. 730. 461. 303. 248. 267. 123.
422. 487. 526. 559. 740. 906. 700. 459. 151.   0.
864. 932. 774. 697. 569. 448. 271. 228. 114.  53.
 443.  480.  734. 1091.  769.  618.  346.  291.  157.   21.
913. 824. 761. 689. 555. 446. 328. 255. 152.  27.
484. 924. 707. 695. 590. 504. 312. 279. 288. 167.
 426.  418.  445.  469.  484.  538. 1026.  896.  248.    0.
407. 469. 525. 999. 660. 538. 379. 343. 342. 288.
487. 508. 946. 978. 649. 519. 385. 263. 173.  42.
532. 902. 917. 619. 500. 461. 492. 367. 135.  25.
 515.  456.  685. 1139.  871.  448.  453.  323.   60.    0.
547. 714. 566. 518. 630. 961. 840. 162.  12.   0.
630. 834. 563. 486. 613. 857. 719. 197.  51.   0.
