 320.  808. 1039. 1131.  858.  560.  229.    5.    0.    0.
 314.  887. 1054. 1136.  877.  487.  193.    2.    0.    0.
 302.  794.  953. 1092.  882.  669.  248.   10.    0.    0.
599. 786. 817. 761. 642. 470. 340. 277. 197.  61.
544. 792. 874. 688. 582. 524. 432. 295. 162.  57.
635. 810. 722. 612. 539. 485. 437. 384. 234.  92.
696. 562. 838. 666. 504. 448. 507. 376. 284.  69.
667. 836. 841. 651. 571. 473. 485. 310. 113.   3.
578. 874. 865. 672. 594. 472. 419. 312. 149.  15.
591. 880. 959. 676. 597. 483. 388. 257. 105.  14.
578. 893. 882. 767. 595. 441. 373. 277. 127.  17.
673. 837. 919. 729. 597. 457. 353. 266. 109.  10.
585. 907. 939. 693. 571. 476. 397. 270. 101.  11.
570. 905. 975. 797. 635. 442. 288. 213. 103.  22.
682. 862. 847. 621. 591. 536. 440. 276.  95.   0.
485. 555. 615. 626. 791. 734. 586. 409. 141.   8.
509. 616. 586. 691. 676. 658. 460. 420. 289.  45.
537. 583. 532. 688. 938. 631. 324. 515. 200.   2.
525. 552. 579. 697. 716. 948. 567. 297.  66.   3.
460. 583. 670. 805. 810. 627. 450. 341. 185.  19.
438. 564. 702. 770. 975. 726. 422. 245.  99.   9.
484. 540. 645. 816. 909. 708. 374. 324. 144.   6.
478. 545. 551. 762. 847. 806. 388. 423. 148.   2.
594. 838. 771. 648. 550. 478. 410. 317. 253.  91.
524. 895. 955. 751. 580. 455. 325. 244. 170.  51.
560. 861. 884. 693. 524. 482. 381. 286. 213.  66.
597. 868. 802. 739. 703. 411. 289. 267. 205.  69.
614. 808. 805. 664. 594. 436. 391. 346. 220.  72.
610. 908. 986. 784. 543. 459. 317. 201. 125.  17.
572. 838. 817. 705. 648. 453. 338. 268. 202. 109.
612. 961. 937. 708. 605. 449. 324. 209. 117.  28.
