 563.  955. 1229.  880.  748.  400.  171.    4.    0.    0.
4.91e+02 5.16e+02 4.95e+02 6.50e+02 1.29e+03 7.80e+02 4.10e+02 2.07e+02
 1.10e+02 1.00e+00
4.650e+02 4.750e+02 6.030e+02 6.900e+02 1.039e+03 7.350e+02 5.320e+02
 2.360e+02 1.740e+02 1.000e+00
504. 598. 841. 813. 608. 499. 441. 265. 315.  66.
526. 532. 921. 907. 622. 532. 348. 283. 213.  66.
479. 741. 664. 632. 619. 639. 685. 486.   5.   0.
340. 482. 772. 811. 769. 805. 572. 297. 102.   0.
 426.  452.  478.  526.  607.  803. 1164.  494.    0.    0.
354. 578. 726. 910. 844. 813. 457. 180.  88.   0.
 446.  451.  468.  579.  555.  795. 1124.  532.    0.    0.
