916. 772. 688. 614. 534. 465. 361. 352. 209.  39.
387. 463. 437. 458. 471. 591. 982. 864. 231.  66.
 461.  470. 1048.  743.  569.  486.  430.  300.  315.  128.
946. 786. 697. 572. 513. 443. 440. 282. 211.  60.
1036.  930.  882.  699.  555.  382.  260.  122.   76.    8.
956. 874. 909. 710. 559. 405. 274. 172.  70.  21.
415. 417. 455. 540. 946. 712. 485. 504. 435.  41.
 463.  445.  463.  515.  583.  747. 1270.  464.    0.    0.
 439.  487.  449.  537.  605.  733. 1262.  438.    0.    0.
 420.  454.  481.  514.  570.  730. 1334.  447.    0.    0.
 476.  475.  485.  541.  647.  825. 1384.  117.    0.    0.
903. 832. 709. 631. 513. 515. 336. 258. 175.  78.
907. 901. 719. 709. 550. 447. 313. 216. 134.  54.
935. 849. 752. 612. 520. 450. 396. 258. 146.  32.
897. 895. 728. 621. 519. 499. 360. 246. 124.  61.
984. 847. 801. 625. 539. 482. 332. 219. 112.   9.
950. 852. 763. 643. 519. 472. 380. 210. 127.  34.
924. 752. 610. 650. 565. 424. 343. 334. 267.  81.
916. 813. 783. 645. 501. 489. 324. 256. 166.  57.
914. 843. 737. 631. 524. 486. 376. 250. 137.  52.
938. 867. 700. 664. 539. 471. 353. 269. 119.  30.
1098. 1034.  884.  725.  499.  343.  195.  115.   48.    9.
884. 834. 712. 623. 552. 436. 372. 299. 173.  65.
 459.  492.  570.  606.  798. 1142.  626.  242.   15.    0.
892. 820. 725. 610. 569. 440. 366. 280. 182.  66.
922. 886. 777. 677. 564. 429. 322. 216. 112.  45.
952. 869. 729. 667. 557. 446. 357. 226. 116.  31.
911. 854. 684. 586. 545. 456. 388. 279. 189.  58.
921. 827. 764. 655. 548. 464. 323. 257. 159.  32.
1002.  895.  849.  684.  533.  455.  266.  150.   96.   20.
952. 858. 742. 695. 539. 438. 344. 233. 112.  37.
1060.  905.  825.  686.  620.  375.  200.  144.   98.   37.
900. 818. 678. 619. 541. 459. 366. 297. 197.  75.
947. 874. 747. 629. 552. 465. 359. 240. 112.  25.
913. 853. 728. 703. 615. 402. 296. 212. 160.  68.
935. 795. 814. 669. 514. 494. 299. 231. 152.  47.
 404.  467.  436. 1010.  924.  595.  455.  304.  214.  141.
 420.  481.  497.  567. 1063.  762.  506.  404.  250.    0.
455. 493. 496. 591. 609. 789. 548. 604. 336.  29.
 434.  687. 1048.  958.  640.  535.  368.  171.  109.    0.
 466.  466.  459.  518.  562.  729. 1284.  466.    0.    0.
 552.  492.  591.  720. 1116.  745.  361.  297.   76.    0.
463. 480. 546. 735. 917. 739. 506. 356. 183.  25.
443. 511. 607. 691. 827. 796. 557. 355. 152.  11.
 513.  492.  578.  803. 1089.  715.  456.  265.   39.    0.
502. 478. 660. 543. 785. 647. 571. 458. 289.  17.
 501.  504.  514.  562. 1194.  764.  520.  285.   99.    7.
 492.  569.  612.  784. 1100.  667.  392.  287.   47.    0.
 439.  494.  563.  687. 1015.  779.  490.  337.  138.    8.
 451.  499.  617.  539. 1087.  686.  510.  359.  171.   31.
 492.  571.  614.  647. 1151.  541.  484.  325.  125.    0.
475. 521. 532. 693. 871. 747. 585. 389. 131.   6.
476. 528. 616. 610. 984. 696. 528. 368. 136.   8.
437. 456. 539. 625. 977. 820. 547. 485.  64.   0.
 360.  564.  599.  628.  779. 1038.  828.  154.    0.    0.
 392.  411.  407.  453. 1056.  745.  521.  396.  375.  194.
417. 448. 517. 586. 918. 744. 490. 445. 385.   0.
 439.  466.  463.  525.  575.  727. 1322.  433.    0.    0.
 511.  519.  723.  718. 1046.  602.  420.  281.  130.    0.
477. 477. 525. 775. 954. 832. 512. 290.  95.  13.
466. 499. 572. 558. 978. 720. 531. 401. 214.  11.
 534.  539.  585.  641. 1065.  522.  493.  397.  174.    0.
 457.  507.  499.  678. 1051.  784.  480.  332.  145.   17.
474. 539. 633. 633. 676. 664. 630. 435. 245.  21.
516. 509. 738. 860. 870. 742. 399. 232.  84.   0.
458. 495. 600. 696. 992. 776. 442. 317. 146.  28.
452. 534. 540. 666. 936. 829. 501. 382. 101.   9.
467. 527. 610. 810. 979. 729. 472. 261.  95.   0.
 460.  521.  586.  595. 1064.  768.  501.  320.  120.   15.
 476.  459.  566.  560. 1050.  687.  520.  323.  275.   34.
476. 464. 551. 613. 995. 818. 634. 328.  71.   0.
 383.  626.  566.  646.  798. 1003.  790.  138.    0.    0.
381. 427. 450. 534. 974. 667. 525. 361. 403. 228.
 453.  408.  525.  468.  577.  752. 1298.  469.    0.    0.
 458.  462.  485.  592.  621.  811. 1421.  100.    0.    0.
939. 856. 779. 677. 570. 424. 328. 220. 137.  20.
904. 815. 801. 632. 513. 487. 328. 261. 158.  51.
933. 812. 688. 647. 528. 454. 376. 296. 180.  36.
930. 849. 774. 688. 572. 414. 313. 228. 135.  47.
958. 801. 738. 643. 478. 496. 395. 254. 156.  31.
885. 792. 773. 677. 514. 483. 355. 187. 184. 100.
909. 818. 727. 637. 525. 474. 360. 274. 177.  49.
906. 844. 707. 650. 552. 432. 333. 291. 168.  67.
974. 904. 849. 708. 517. 445. 277. 154. 100.  22.
958. 827. 670. 546. 510. 479. 464. 299. 158.  39.
930. 880. 821. 636. 586. 422. 330. 195. 101.  49.
922. 821. 705. 612. 513. 462. 405. 268. 182.  60.
 489.  487.  553.  614.  884. 1173.  554.  181.   15.    0.
863. 793. 695. 596. 546. 433. 390. 323. 199. 112.
946. 888. 696. 616. 560. 469. 352. 246. 125.  52.
923. 843. 802. 690. 568. 429. 309. 185. 132.  69.
990. 855. 785. 725. 575. 386. 296. 214.  80.  44.
986. 823. 729. 565. 523. 467. 361. 316. 158.  22.
863. 838. 715. 652. 576. 427. 346. 267. 174.  92.
984. 927. 781. 738. 510. 422. 270. 160. 120.  38.
933. 753. 650. 680. 655. 369. 318. 300. 216.  76.
883. 766. 743. 631. 554. 441. 368. 245. 190. 129.
926. 754. 651. 649. 555. 443. 329. 301. 272.  70.
939. 839. 804. 655. 505. 478. 325. 229. 130.  46.
916. 798. 753. 644. 531. 444. 377. 238. 186.  63.
