 381.  357.  428.  477.  487.  491.  574. 1325.  348.   82.
293. 549. 656. 537. 729. 794. 915. 374.  99.   4.
398. 689. 949. 731. 778. 487. 335. 279. 202. 102.
 441.  605.  563.  777.  704. 1037.  754.   69.    0.    0.
413. 840. 680. 594. 602. 514. 442. 430. 341.  94.
 357.  566.  559.  562.  780. 1011.  909.  206.    0.    0.
 407.  949. 1047.  928.  731.  513.  257.  105.   13.    0.
256. 606. 584. 605. 785. 872. 743. 409.  90.   0.
472. 968. 750. 637. 519. 451. 412. 300. 238. 203.
313. 674. 726. 838. 955. 756. 466. 169.  45.   8.
304. 529. 662. 861. 740. 877. 684. 263.  30.   0.
