 414. 1063.  926.  779.  551.  513.  395.  202.   86.   21.
 427. 1023.  935.  793.  494.  525.  398.  242.   94.   19.
296. 641. 599. 794. 998. 735. 506. 304.  77.   0.
469. 784. 719. 701. 761. 722. 498. 273.  23.   0.
 400.  426.  457. 1115.  717.  552.  407.  320.  226.  330.
283. 675. 682. 783. 723. 530. 490. 514. 266.   4.
 434.  851. 1053. 1106.  828.  425.  189.   58.    6.    0.
 305.  654.  657.  813. 1026.  796.  395.  232.   72.    0.
480. 637. 695. 810. 775. 816. 560. 172.   5.   0.
429. 821. 826. 963. 871. 624. 315.  97.   4.   0.
 370.  588.  509.  585.  731. 1007.  703.  457.    0.    0.
444. 534. 730. 573. 697. 935. 562. 344. 131.   0.
904. 894. 858. 630. 554. 440. 344. 205.  83.  38.
