449. 437. 820. 910. 723. 562. 324. 396. 252.  77.
568. 855. 815. 696. 557. 509. 342. 301. 259.  48.
597. 780. 920. 707. 604. 436. 402. 296. 140.  68.
 420.  469.  557. 1097.  748.  507.  391.  322.  361.   78.
436. 808. 665. 654. 721. 997. 602.  63.   4.   0.
491. 505. 807. 815. 586. 551. 556. 386. 209.  44.
558. 907. 870. 778. 600. 423. 350. 272. 168.  24.
 579.  747. 1126.  703.  563.  481.  333.  235.  162.   21.
 462.  442.  597. 1031.  722.  470.  550.  313.  320.   43.
445. 710. 675. 781. 712. 698. 698. 228.   3.   0.
