556. 513. 550. 614. 861. 551. 357. 523. 425.   0.
 534.  958. 1097.  754.  650.  433.  306.  169.   47.    2.
694. 838. 739. 680. 558. 501. 401. 356. 174.   9.
642. 746. 842. 705. 746. 688. 401. 162.  18.   0.
514. 645. 673. 862. 731. 609. 468. 351.  97.   0.
565. 945. 712. 506. 488. 447. 515. 399. 357.  16.
 501.  908. 1051.  801.  678.  445.  315.  162.   77.   12.
432. 464. 522. 749. 769. 611. 636. 716.  51.   0.
519. 867. 863. 716. 520. 490. 460. 255. 193.  67.
420. 494. 623. 939. 715. 536. 509. 380. 287.  47.
440. 487. 597. 649. 755. 970. 805. 207.  40.   0.
423. 452. 470. 512. 545. 690. 998. 818.  42.   0.
 545.  585.  683.  602. 1069.  999.  395.   72.    0.    0.
 423.  404.  483.  546.  610. 1103.  728.  419.  234.    0.
 418.  453.  473.  531.  587.  689. 1129.  657.   13.    0.
 415.  482.  436.  500.  621.  746. 1124.  621.    5.    0.
458. 451. 530. 667. 968. 718. 581. 344. 233.   0.
 463.  534.  520.  615.  768. 1113.  568.  346.   23.    0.
455. 483. 538. 629. 655. 794. 686. 641.  69.   0.
414. 444. 459. 516. 653. 985. 877. 555.  47.   0.
502. 505. 683. 681. 677. 915. 726. 246.  15.   0.
478. 579. 672. 583. 806. 825. 569. 343.  95.   0.
 499.  523.  626.  757.  849. 1002.  583.  111.    0.    0.
 722.  808. 1163.  999.  751.  406.   99.    2.    0.    0.
 715.  895. 1203. 1019.  705.  322.   82.    9.    0.    0.
425. 510. 602. 788. 948. 578. 453. 379. 234.  33.
521. 853. 846. 711. 643. 465. 344. 307. 206.  54.
 473.  505.  521.  665. 1055.  654.  518.  372.  187.    0.
 476.  517.  570.  638. 1284.  787.  374.  248.   56.    0.
417. 436. 526. 587. 667. 780. 820. 624.  93.   0.
433. 474. 572. 598. 927. 992. 528. 365.  61.   0.
470. 615. 922. 829. 683. 578. 462. 272. 110.   9.
630. 963. 761. 610. 549. 472. 362. 323. 222.  58.
567. 953. 891. 716. 576. 491. 338. 251. 134.  33.
604. 854. 703. 621. 552. 418. 455. 362. 215. 166.
 624. 1129.  853.  677.  555.  445.  294.  240.  113.   20.
