 460.  449.  487.  555.  626.  778. 1179.  416.    0.    0.
839. 760. 672. 640. 583. 474. 370. 340. 215.  57.
841. 800. 753. 632. 564. 472. 379. 275. 182.  52.
928. 867. 762. 605. 476. 444. 386. 281. 167.  34.
886. 865. 770. 651. 581. 467. 359. 234. 107.  30.
456. 454. 425. 560. 650. 959. 786. 658.   2.   0.
551. 589. 739. 883. 696. 542. 477. 331. 125.  17.
 453.  452.  505.  538.  660. 1067.  815.  396.   64.    0.
437. 479. 503. 544. 642. 849. 976. 520.   0.   0.
429. 716. 564. 878. 973. 711. 415. 216.  48.   0.
470. 502. 579. 674. 815. 709. 576. 457. 168.   0.
 450.  467.  504.  518.  634.  764. 1025.  588.    0.    0.
578. 903. 626. 629. 585. 471. 381. 351. 341.  85.
560. 992. 839. 533. 575. 487. 427. 276. 194.  67.
592. 493. 964. 884. 753. 458. 338. 216. 220.  32.
971. 887. 790. 632. 567. 425. 326. 215. 102.  35.
937. 892. 822. 676. 542. 443. 299. 198. 107.  34.
747. 835. 819. 695. 615. 410. 346. 298. 144.  41.
417. 609. 763. 637. 702. 623. 644. 524.  31.   0.
 494.  534.  704. 1202.  749.  518.  369.  223.  112.   45.
 451.  426.  494.  542.  649. 1101.  866.  367.   54.    0.
417. 475. 470. 542. 626. 907. 992. 521.   0.   0.
473. 641. 705. 833. 941. 596. 352. 295. 114.   0.
1054.  796.  780.  518.  520.  531.  378.  247.   98.   28.
873. 799. 702. 650. 514. 496. 346. 248. 233.  89.
959. 863. 693. 571. 501. 492. 393. 297. 142.  39.
942. 900. 759. 660. 516. 487. 344. 212. 101.  29.
1009.  937.  835.  634.  558.  467.  292.  155.   60.    3.
985. 834. 804. 612. 514. 428. 332. 242. 150.  49.
907. 857. 664. 601. 525. 453. 407. 318. 176.  42.
917. 789. 673. 645. 567. 416. 361. 322. 187.  73.
923. 900. 765. 702. 550. 456. 277. 226. 107.  44.
1057.  905.  778.  651.  537.  425.  332.  183.   72.   10.
939. 821. 686. 550. 496. 472. 416. 305. 199.  66.
 372.  388.  410.  456.  451.  496.  727. 1064.  435.  151.
418. 405. 387. 862. 751. 652. 407. 362. 399. 307.
374. 395. 428. 435. 504. 729. 703. 517. 724. 141.
389. 432. 453. 455. 449. 970. 579. 529. 565. 129.
362. 391. 414. 474. 507. 945. 611. 442. 667. 137.
454. 776. 839. 762. 754. 558. 395. 236. 160.  16.
923. 905. 800. 694. 532. 457. 330. 200.  79.  30.
915. 914. 794. 688. 567. 441. 312. 203.  98.  18.
 440.  489.  490.  503.  498.  623. 1014.  836.   57.    0.
434. 401. 466. 499. 616. 739. 909. 870.  16.   0.
 415.  462.  474.  528.  595.  671. 1081.  717.    7.    0.
 455.  625. 1021.  668.  632.  551.  467.  280.  232.   19.
935. 815. 833. 733. 504. 436. 352. 184. 116.  42.
947. 892. 802. 666. 562. 438. 333. 204.  91.  15.
 450.  425.  462.  522.  555.  633. 1143.  749.   11.    0.
422. 418. 469. 525. 564. 782. 934. 826.  10.   0.
 417.  438.  466.  542.  566.  696. 1177.  646.    2.    0.
521. 582. 686. 853. 947. 551. 420. 258. 132.   0.
841. 793. 665. 648. 564. 473. 374. 322. 188.  82.
916. 851. 798. 683. 592. 435. 342. 217.  85.  31.
961. 855. 815. 686. 540. 474. 322. 186.  97.  14.
953. 829. 788. 647. 544. 504. 355. 204.  98.  28.
914. 838. 725. 689. 553. 458. 344. 269. 142.  18.
526. 560. 706. 807. 956. 555. 424. 302. 114.   0.
874. 774. 739. 631. 657. 444. 333. 247. 198.  53.
875. 852. 753. 697. 590. 424. 336. 230. 127.  66.
928. 815. 736. 635. 565. 456. 397. 273. 122.  23.
936. 837. 747. 656. 556. 479. 374. 241.  92.  32.
934. 866. 776. 638. 587. 436. 360. 211. 120.  22.
