 447.  684.  967.  993. 1056.  714.   80.    9.    0.    0.
 447.  722.  933.  945. 1080.  714.  101.    8.    0.    0.
 472.  673.  983.  937. 1059.  631.  146.   49.    0.    0.
 482.  683.  931. 1033. 1181.  574.   60.    6.    0.    0.
369. 386. 472. 476. 496. 504. 825. 943. 389.  90.
414. 421. 462. 699. 949. 569. 421. 409. 316. 290.
 511.  687.  847.  769. 1144.  790.  182.   20.    0.    0.
358. 430. 486. 681. 869. 610. 464. 291. 331. 430.
352. 357. 459. 475. 518. 441. 956. 890. 389. 113.
372. 442. 478. 694. 791. 500. 486. 403. 387. 397.
 453.  754.  770.  864. 1134.  772.  177.   26.    0.    0.
372. 416. 450. 751. 894. 589. 485. 408. 271. 314.
337. 751. 590. 545. 545. 644. 803. 609. 126.   0.
230. 592. 784. 920. 947. 566. 508. 294. 109.   0.
236. 608. 494. 646. 796. 788. 777. 400. 178.  27.
232. 655. 756. 861. 906. 690. 544. 238.  68.   0.
307. 694. 659. 802. 855. 608. 406. 389. 215.  15.
274. 609. 629. 829. 931. 616. 541. 344. 177.   0.
408. 746. 651. 492. 515. 656. 879. 499. 104.   0.
246. 604. 705. 839. 830. 846. 532. 257.  91.   0.
267. 632. 543. 748. 876. 852. 670. 278.  78.   6.
225. 619. 697. 879. 935. 751. 493. 260.  91.   0.
324. 767. 790. 863. 870. 677. 320. 242.  95.   2.
255. 619. 626. 864. 856. 659. 572. 371. 128.   0.
