 541.  526.  602.  558.  762. 1150.  679.  132.    0.    0.
 488.  560.  475.  714. 1025. 1024.  513.  151.    0.    0.
 474.  497.  536.  799. 1014.  935.  561.  134.    0.    0.
 509.  540.  499.  720. 1059. 1024.  445.  154.    0.    0.
 439.  574.  545.  674.  905. 1037.  625.  151.    0.    0.
 537.  586.  555.  676.  879. 1007.  580.  130.    0.    0.
467. 521. 579. 743. 942. 942. 601. 155.   0.   0.
 519.  582.  487.  629. 1005.  974.  651.  103.    0.    0.
 476.  514.  512.  649.  834. 1117.  619.  229.    0.    0.
 486.  496.  501.  623.  769. 1235.  602.  238.    0.    0.
 531.  490.  515.  711.  881. 1066.  623.  133.    0.    0.
 341.  582.  678.  892. 1032.  589.  354.  378.  104.    0.
 363.  604.  798. 1045. 1059.  461.  321.  283.   16.    0.
390. 442. 453. 495. 500. 598. 707. 514. 766.  85.
373. 404. 450. 469. 488. 669. 689. 571. 747.  90.
