 448.  419.  522.  732. 1097.  722.  436.  509.   65.    0.
477. 662. 846. 691. 635. 621. 502. 386. 130.   0.
 465.  585. 1152.  911.  675.  510.  371.  185.   77.   19.
414. 585. 828. 963. 680. 406. 458. 340. 276.   0.
 473.  532.  525.  569. 1202.  774.  393.  329.  153.    0.
482. 523. 551. 668. 826. 639. 526. 415. 320.   0.
415. 558. 630. 821. 844. 969. 514. 183.  16.   0.
475. 522. 584. 673. 682. 841. 759. 356.  58.   0.
 483.  491.  664.  892. 1229.  614.  379.  111.   87.    0.
433. 833. 890. 753. 946. 535. 540.  20.   0.   0.
452. 501. 588. 681. 869. 582. 554. 456. 267.   0.
459. 491. 569. 779. 934. 678. 497. 387. 138.  18.
483. 514. 553. 764. 789. 838. 739. 236.  34.   0.
 473.  537.  703.  717.  873. 1083.  429.  129.    6.    0.
 463.  532.  649.  646. 1082.  948.  413.  195.   22.    0.
369. 743. 844. 811. 979. 796. 325.  83.   0.   0.
465. 505. 521. 711. 984. 628. 462. 378. 290.   6.
475. 491. 547. 803. 785. 679. 546. 346. 268.  10.
482. 517. 611. 687. 853. 771. 584. 390.  55.   0.
440. 519. 679. 691. 925. 825. 627. 224.  20.   0.
 477.  569.  639.  643.  762. 1186.  497.  174.    3.    0.
417. 712. 733. 939. 899. 631. 473. 124.  22.   0.
 459.  482.  621. 1130.  722.  561.  439.  292.  191.   53.
 446.  496.  632. 1048.  770.  561.  449.  344.  166.   38.
446. 555. 666. 689. 681. 925. 689. 270.  29.   0.
471. 625. 636. 621. 641. 981. 693. 261.  21.   0.
 454.  535.  639.  672.  920. 1151.  523.   56.    0.    0.
506. 823. 880. 862. 754. 580. 337. 167.  41.   0.
 446.  526.  656. 1117.  764.  548.  352.  304.  200.   37.
 457.  522.  707. 1074.  687.  557.  410.  359.  162.   15.
 343.  943. 1116. 1054.  787.  423.  196.   64.   24.    0.
 344.  883. 1072.  945.  746.  534.  256.  132.   38.    0.
492. 486. 448. 526. 620. 719. 883. 768.   8.   0.
 512.  540.  542.  562.  592.  760. 1044.  398.    0.    0.
914. 831. 716. 603. 529. 468. 386. 271. 199.  33.
993. 957. 806. 611. 549. 449. 320. 161.  87.  17.
456. 476. 480. 559. 755. 935. 728. 419. 142.   0.
439. 539. 544. 454. 624. 850. 774. 600. 126.   0.
520. 711. 720. 645. 584. 559. 536. 459. 216.   0.
 439.  473.  508.  572.  746. 1135.  637.  321.  119.    0.
459. 479. 646. 554. 640. 732. 625. 630. 185.   0.
501. 729. 773. 697. 580. 566. 542. 478.  84.   0.
400. 549. 533. 853. 855. 764. 722. 274.   0.   0.
423. 478. 544. 999. 811. 635. 648. 412.   0.   0.
