483. 973. 852. 669. 604. 492. 359. 214. 190. 114.
659. 670. 636. 672. 801. 864. 452. 191.   5.   0.
 506. 1042.  874.  762.  593.  454.  329.  244.  146.    0.
 439. 1024.  806.  670.  577.  456.  321.  317.  194.  146.
496. 984. 886. 745. 543. 484. 340. 223. 157.  92.
 714.  654.  424.  423.  886. 1022.  639.  188.    0.    0.
 455. 1027.  833.  664.  585.  473.  373.  264.  183.   93.
479. 534. 539. 720. 904. 727. 571. 461.  15.   0.
 505. 1012.  725.  625.  554.  469.  345.  397.  318.    0.
466. 945. 843. 668. 539. 452. 444. 302. 177. 114.
 489. 1043.  884.  715.  569.  431.  378.  232.  125.   84.
661. 792. 480. 511. 796. 792. 721. 197.   0.   0.
 541.  587.  758. 1024.  723.  532.  412.  239.  109.   25.
508. 609. 855. 997. 689. 526. 367. 251. 105.  43.
 460.  497. 1192.  821.  564.  522.  410.  253.  159.   72.
435. 495. 605. 574. 780. 893. 651. 399. 112.   6.
482. 575. 775. 982. 897. 672. 332. 166.  58.  11.
352. 710. 924. 984. 819. 542. 328. 219.  72.   0.
