 683. 1042.  715.  467.  575.  605.  467.  256.  132.    8.
 442.  430.  492.  500.  613.  728. 1321.  424.    0.    0.
446. 423. 504. 562. 671. 849. 873. 538.  84.   0.
450. 503. 576. 648. 909. 618. 477. 457. 307.   5.
978. 866. 810. 679. 533. 472. 336. 177.  77.  22.
618. 909. 718. 683. 637. 463. 334. 321. 236.  31.
787. 706. 671. 619. 630. 529. 386. 297. 216. 109.
765. 681. 594. 619. 563. 553. 592. 360. 202.  21.
899. 724. 676. 506. 505. 478. 436. 360. 234. 132.
520. 701. 985. 728. 645. 476. 396. 301. 165.  33.
780. 804. 734. 701. 586. 516. 376. 287. 130.  36.
 557.  651. 1097.  736.  646.  467.  430.  264.   98.    4.
513. 565. 731. 926. 693. 565. 340. 266. 229. 122.
530. 609. 901. 724. 618. 557. 477. 363. 130.  41.
7.630e+02 1.433e+03 1.040e+03 7.650e+02 4.900e+02 2.590e+02 1.230e+02
 6.600e+01 1.000e+01 1.000e+00
