 439.  497.  542.  607.  824. 1116.  720.  205.    0.    0.
505. 857. 978. 737. 543. 542. 433. 236. 119.   0.
799. 709. 688. 552. 681. 352. 394. 302. 470.   3.
640. 729. 628. 580. 575. 568. 604. 548.  78.   0.
926. 849. 757. 634. 568. 455. 353. 261. 116.  31.
 765. 1062.  822.  666.  532.  397.  268.  225.  143.   70.
894. 884. 809. 679. 537. 457. 314. 223.  90.  63.
656. 879. 913. 852. 539. 570. 379. 138.  24.   0.
443. 541. 937. 843. 729. 584. 381. 310. 182.   0.
908. 757. 653. 559. 473. 491. 375. 365. 281.  88.
964. 809. 652. 585. 463. 442. 392. 352. 235.  56.
957. 700. 685. 684. 539. 460. 363. 248. 217.  97.
1021.  627.  566.  483.  486.  412.  420.  392.  384.  159.
922. 783. 685. 503. 502. 456. 491. 312. 230.  66.
887. 745. 735. 635. 492. 491. 400. 259. 183. 123.
939. 773. 748. 601. 511. 507. 354. 307. 176.  34.
951. 902. 734. 676. 556. 435. 349. 236.  95.  16.
885. 816. 733. 612. 591. 450. 378. 245. 181.  59.
952. 729. 603. 489. 468. 463. 460. 419. 299.  68.
896. 841. 751. 687. 528. 462. 358. 260. 117.  50.
864. 774. 703. 543. 547. 421. 456. 313. 202. 127.
951. 702. 690. 598. 381. 534. 473. 282. 252.  87.
933. 803. 736. 731. 589. 421. 297. 239. 149.  52.
929. 789. 615. 613. 514. 459. 388. 356. 221.  66.
969. 969. 837. 644. 507. 408. 275. 187.  94.  60.
931. 923. 749. 615. 502. 464. 379. 233. 134.  20.
935. 931. 747. 692. 560. 452. 314. 204.  98.  17.
929. 864. 786. 650. 544. 457. 328. 226. 130.  36.
845. 790. 733. 663. 538. 463. 353. 260. 194. 111.
902. 805. 721. 639. 558. 451. 352. 280. 168.  74.
752. 646. 636. 574. 570. 514. 353. 344. 327. 234.
787. 690. 565. 511. 523. 469. 382. 429. 403. 191.
911. 848. 724. 606. 547. 461. 383. 275. 140.  55.
355. 408. 438. 486. 489. 988. 572. 479. 605. 130.
479. 538. 858. 823. 673. 487. 431. 338. 311.  12.
433. 525. 537. 685. 791. 862. 876. 241.   0.   0.
 376.  477.  449.  502.  575.  694. 1141.  629.  107.    0.
441. 643. 894. 868. 593. 582. 510. 328.  91.   0.
475. 604. 858. 987. 632. 585. 432. 233. 144.   0.
524. 701. 801. 952. 730. 573. 367. 200.  98.   4.
 457.  522.  552.  585.  812. 1178.  524.  267.   53.    0.
