 373.  384.  429.  455.  533.  487.  500. 1380.  328.   81.
 440.  446.  513.  514. 1009.  637.  689.  422.  202.   78.
 461.  455. 1039.  880.  519.  531.  404.  257.  258.  146.
483. 460. 481. 665. 792. 551. 392. 697. 324. 105.
488. 654. 974. 719. 646. 479. 324. 306. 291.  69.
664. 650. 714. 633. 629. 592. 303. 450. 315.   0.
729. 638. 667. 687. 697. 450. 614. 320. 148.   0.
426. 443. 460. 588. 509. 763. 735. 843. 179.   4.
455. 686. 840. 851. 581. 463. 389. 294. 241. 150.
889. 752. 664. 674. 627. 436. 293. 264. 226. 125.
902. 918. 712. 637. 565. 436. 394. 243. 108.  35.
 466.  571. 1036.  692.  505.  484.  423.  382.  290.  101.
 348.  397.  412.  439.  488.  538.  520. 1336.  379.   93.
 447.  441.  467.  503. 1139.  790.  473.  381.  224.   85.
 457.  474. 1117.  630.  514.  446.  436.  458.  328.   90.
 434.  455.  510.  595. 1122.  712.  464.  386.  181.   91.
 438.  676. 1039.  705.  569.  534.  363.  319.  231.   76.
714. 649. 686. 773. 798. 512. 395. 255. 168.   0.
730. 581. 607. 576. 656. 561. 674. 447. 118.   0.
389. 418. 477. 483. 562. 744. 773. 862. 236.   6.
467. 842. 960. 751. 604. 498. 427. 209. 123.  69.
900. 810. 784. 603. 512. 451. 398. 268. 158.  66.
920. 818. 775. 649. 533. 482. 378. 211. 136.  48.
491. 582. 931. 690. 466. 439. 536. 330. 216. 269.
 342.  398.  412.  433.  459.  523.  527. 1320.  418.  118.
 450.  481.  494.  616. 1306.  739.  437.  354.   68.    5.
464. 562. 923. 652. 564. 482. 449. 288. 365. 201.
 417.  444.  505.  495. 1046.  791.  555.  501.  145.   51.
 530.  680. 1076.  741.  518.  485.  403.  296.  184.   37.
720. 649. 525. 709. 865. 600. 453. 343.  86.   0.
718. 687. 905. 692. 676. 595. 246. 331. 100.   0.
382. 412. 466. 493. 546. 909. 771. 768. 199.   4.
431. 861. 980. 903. 641. 452. 329. 183. 140.  30.
864. 820. 751. 611. 574. 436. 374. 262. 166.  92.
1031.  905.  696.  588.  601.  497.  367.  179.   73.   13.
 448.  621. 1014.  619.  501.  475.  466.  410.  213.  183.
 364.  401.  387.  419.  479.  472.  556. 1343.  396.  133.
415. 450. 588. 532. 990. 624. 510. 578. 197.  66.
 448.  524. 1167.  765.  571.  521.  342.  328.  230.   54.
 410.  464.  589.  568. 1031.  719.  540.  433.  157.   39.
489. 636. 974. 710. 566. 496. 406. 336. 241.  96.
710. 691. 785. 740. 691. 541. 368. 315. 109.   0.
690. 769. 589. 816. 792. 469. 422. 248. 155.   0.
398. 478. 487. 555. 521. 871. 751. 730. 159.   0.
514. 684. 962. 854. 542. 466. 421. 242. 209.  56.
972. 703. 610. 682. 619. 376. 350. 325. 232.  81.
890. 837. 793. 667. 543. 476. 333. 217. 148.  46.
 483.  588. 1036.  729.  514.  546.  345.  319.  218.  172.
