 459.  456.  479.  543.  572.  743. 1255.  443.    0.    0.
478. 674. 852. 849. 653. 548. 407. 326. 163.   0.
 674.  875. 1006.  924.  657.  381.  281.  138.   14.    0.
901. 849. 763. 692. 579. 428. 314. 240. 148.  36.
778. 896. 781. 693. 578. 458. 345. 232. 154.  35.
900. 812. 720. 647. 483. 501. 355. 269. 211.  52.
923. 847. 721. 601. 535. 465. 407. 283. 148.  20.
814. 757. 703. 643. 618. 441. 357. 343. 206.  68.
 475.  512.  557.  648. 1231.  582.  412.  317.  216.    0.
673. 955. 737. 597. 515. 451. 426. 322. 213.  61.
 463.  660. 1021.  915.  766.  523.  299.  210.   93.    0.
644. 821. 999. 999. 593. 347. 301. 211.  35.   0.
893. 858. 767. 631. 548. 449. 363. 258. 143.  40.
759. 916. 774. 657. 465. 470. 371. 293. 188.  57.
987. 880. 786. 656. 512. 423. 327. 210. 148.  21.
820. 817. 687. 606. 579. 433. 406. 304. 211.  87.
831. 798. 723. 655. 523. 490. 398. 317. 180.  35.
 466.  466.  598.  688. 1052.  638.  516.  376.  150.    0.
 572. 1100.  842.  763.  574.  428.  287.  247.  102.   35.
 440.  431.  496.  478.  597.  729. 1309.  470.    0.    0.
