 445.  467.  489.  519.  556.  714. 1302.  458.    0.    0.
713. 666. 695. 692. 652. 649. 613. 270.   0.   0.
873. 813. 695. 581. 498. 458. 420. 317. 211.  84.
958. 860. 770. 579. 508. 453. 353. 285. 130.  54.
939. 818. 707. 557. 529. 466. 450. 262. 166.  56.
912. 829. 673. 694. 559. 450. 333. 278. 174.  48.
655. 583. 535. 561. 600. 651. 927. 438.   0.   0.
920. 886. 760. 722. 580. 399. 298. 196. 134.  55.
880. 785. 725. 627. 524. 449. 408. 256. 188. 108.
993. 827. 761. 712. 560. 427. 311. 244.  97.  18.
669. 666. 629. 653. 630. 661. 836. 206.   0.   0.
938. 830. 706. 573. 524. 441. 394. 314. 181.  49.
1016.  793.  610.  601.  556.  455.  418.  318.  147.   36.
917. 785. 684. 616. 540. 463. 388. 270. 210.  77.
951. 833. 705. 604. 514. 511. 395. 249. 142.  46.
672. 671. 612. 546. 556. 685. 989. 219.   0.   0.
886. 830. 757. 629. 590. 436. 352. 210. 167.  93.
892. 752. 744. 674. 476. 496. 377. 239. 194. 106.
972. 855. 834. 659. 564. 430. 296. 217.  97.  26.
581. 564. 547. 583. 545. 560. 615. 734. 221.   0.
925. 848. 735. 681. 570. 424. 299. 266. 152.  50.
917. 880. 687. 641. 522. 505. 354. 256. 133.  55.
908. 855. 722. 630. 527. 471. 372. 270. 135.  60.
969. 862. 745. 648. 544. 428. 380. 240. 117.  17.
 639.  545.  463.  496.  521.  540.  609. 1016.  121.    0.
913. 793. 703. 649. 535. 452. 343. 301. 185.  76.
1016.  906.  789.  648.  539.  471.  325.  187.   65.    4.
934. 798. 701. 661. 548. 431. 343. 301. 191.  42.
622. 560. 576. 542. 487. 512. 611. 973.  67.   0.
925. 808. 730. 650. 566. 432. 355. 247. 184.  53.
891. 796. 736. 631. 529. 452. 375. 260. 203.  77.
905. 809. 657. 666. 483. 475. 393. 309. 195.  58.
986. 830. 873. 649. 543. 460. 273. 197. 130.   9.
602. 569. 551. 524. 561. 555. 576. 831. 181.   0.
932. 858. 751. 639. 547. 447. 354. 235. 153.  34.
950. 880. 741. 611. 541. 493. 353. 259.  89.  33.
931. 799. 804. 696. 522. 449. 353. 187. 150.  59.
