459. 476. 513. 790. 719. 472. 408. 544. 522.  47.
466. 492. 666. 880. 821. 645. 537. 309. 109.  25.
358. 392. 413. 476. 495. 699. 980. 557. 500.  80.
406. 399. 399. 500. 517. 692. 912. 482. 533. 110.
 353.  409.  439.  447.  525.  688. 1018.  493.  508.   70.
887. 820. 741. 652. 520. 449. 356. 252. 196.  77.
768. 780. 685. 576. 540. 464. 395. 280. 235. 227.
988. 754. 680. 610. 442. 455. 378. 326. 239.  78.
689. 601. 627. 467. 592. 592. 536. 481. 258. 107.
 485.  605. 1014.  821.  632.  533.  377.  344.  118.   21.
357. 384. 408. 471. 542. 517. 893. 932. 341. 105.
887. 824. 679. 587. 494. 479. 404. 314. 198.  84.
 370.  414.  451.  535.  561. 1090.  582.  355.  487.  105.
 363.  437.  434.  481.  571. 1205.  585.  375.  388.  111.
 365.  405.  441.  389.  525. 1032.  570.  477.  546.  200.
 441.  452.  440.  531.  587.  736. 1292.  471.    0.    0.
 452.  491.  480.  521.  552.  682. 1302.  470.    0.    0.
 469.  592. 1018.  736.  658.  450.  395.  290.  235.  107.
 468.  555. 1167.  825.  671.  471.  329.  271.  128.   65.
 492.  616. 1195.  845.  643.  482.  335.  212.  106.   24.
483. 620. 939. 749. 683. 430. 417. 323. 230.  76.
 446.  433.  446.  544.  623.  655. 1418.  385.    0.    0.
 376.  843.  936. 1076. 1046.  551.  122.    0.    0.    0.
 450.  447.  458.  524.  586.  724. 1353.  408.    0.    0.
 463.  583.  620.  705. 1206.  677.  420.  227.   49.    0.
 493.  560.  736. 1072.  917.  602.  396.  158.   16.    0.
 397.  811.  891. 1067. 1086.  579.  119.    0.    0.    0.
1008.  868.  766.  649.  502.  475.  325.  206.  106.   45.
923. 844. 776. 641. 526. 463. 347. 237. 143.  50.
499. 528. 836. 815. 547. 544. 438. 327. 311. 105.
415. 408. 464. 509. 597. 971. 637. 736. 213.   0.
 465.  511.  751. 1012.  679.  568.  433.  278.  188.   65.
749. 821. 713. 619. 560. 516. 488. 325. 131.  28.
496. 948. 770. 644. 517. 472. 369. 361. 213. 160.
475. 516. 760. 925. 640. 546. 427. 416. 218.  27.
 492.  588.  636. 1055. 1092.  401.  330.  222.  125.    9.
 528.  609.  636.  836. 1064.  617.  479.  169.   12.    0.
459. 684. 826. 907. 939. 623. 329. 174.   9.   0.
574. 742. 778. 828. 752. 528. 420. 211. 117.   0.
 432.  631.  926. 1008.  907.  482.  309.  200.   55.    0.
577. 751. 859. 888. 651. 475. 303. 205. 169.  72.
846. 772. 661. 560. 480. 475. 461. 370. 234.  91.
873. 902. 782. 689. 610. 442. 295. 201. 111.  45.
846. 839. 728. 679. 544. 470. 337. 240. 196.  71.
508. 529. 522. 549. 593. 606. 849. 579. 158.  57.
862. 767. 695. 586. 544. 472. 396. 317. 237.  74.
370. 408. 408. 427. 422. 758. 988. 531. 512. 126.
