459. 625. 777. 973. 660. 551. 389. 286. 160.  70.
512. 541. 698. 956. 724. 558. 411. 265. 198.  87.
 368.  355.  404.  484.  456.  531.  520. 1310.  383.  139.
 467.  589.  749. 1111.  753.  523.  377.  227.  101.   53.
 514.  585.  766. 1187.  735.  506.  344.  216.   82.   15.
 361.  356.  421.  506.  495.  557.  528. 1334.  327.   65.
 481.  580.  668. 1015.  775.  571.  369.  252.  185.   54.
 469.  681.  756. 1036.  739.  543.  390.  228.   85.   23.
 374.  392.  358.  427.  424.  488.  581. 1267.  451.  188.
477. 569. 756. 931. 716. 556. 444. 267. 144.  90.
 503.  642.  655. 1019.  723.  524.  400.  296.  161.   27.
 407.  396.  414.  430.  418.  513.  590. 1231.  422.  129.
 482.  670.  767. 1086.  711.  579.  342.  237.   69.    7.
 495.  651.  744. 1039.  767.  533.  342.  218.  128.   33.
 339.  389.  419.  497.  488.  495.  551. 1340.  360.   72.
 496.  621.  738. 1022.  690.  539.  412.  254.  145.   33.
 492.  607.  718. 1104.  727.  574.  338.  222.  142.   26.
 361.  398.  449.  476.  535.  526.  504. 1302.  331.   68.
503. 692. 653. 892. 676. 540. 444. 333. 171.  46.
 517.  554.  723. 1055.  615.  556.  397.  265.  198.   70.
 357.  373.  394.  477.  455.  453.  579. 1335.  385.  142.
554. 625. 703. 757. 567. 580. 468. 373. 247.  76.
519. 617. 649. 918. 707. 573. 392. 325. 183.  67.
 370.  370.  443.  487.  468.  459.  508. 1335.  373.  137.
541. 645. 616. 934. 620. 558. 471. 308. 184.  73.
510. 743. 678. 758. 594. 518. 518. 388. 193.  50.
 326.  423.  395.  416.  420.  546.  551. 1260.  484.  129.
 478.  688.  600. 1001.  729.  515.  394.  319.  174.   52.
517. 603. 747. 947. 626. 558. 412. 307. 195.  38.
 368.  370.  405.  517.  485.  506.  478. 1337.  357.  127.
467. 703. 720. 910. 713. 557. 423. 273. 147.  37.
 509.  588.  642. 1058.  699.  553.  372.  263.  193.   73.
 365.  372.  456.  468.  491.  483.  503. 1305.  380.  127.
 536.  566.  612. 1005.  778.  533.  355.  292.  229.   44.
 525.  583.  716. 1005.  687.  532.  386.  265.  179.   72.
 366.  381.  416.  463.  503.  495.  537. 1329.  361.   99.
517. 653. 656. 911. 718. 514. 419. 310. 197.  55.
553. 612. 711. 925. 726. 506. 437. 302. 160.  18.
 384.  405.  422.  378.  429.  508.  550. 1235.  438.  201.
527. 554. 732. 944. 671. 531. 437. 269. 211.  74.
 508.  620.  741. 1129.  698.  506.  391.  202.  120.   35.
 351.  421.  379.  414.  398.  528.  589. 1271.  457.  142.
610. 614. 693. 673. 599. 477. 520. 385. 291.  88.
508. 620. 557. 936. 744. 541. 384. 324. 236. 100.
 356.  402.  415.  451.  480.  534.  520. 1323.  379.   90.
536. 670. 668. 827. 667. 528. 449. 363. 187.  55.
 476.  576.  701. 1112.  719.  536.  397.  220.  155.   58.
 373.  333.  463.  477.  517.  470.  562. 1339.  330.   86.
 528.  524.  673. 1204.  631.  552.  380.  227.  160.   71.
 518.  575.  669. 1235.  771.  494.  308.  210.  134.   36.
 361.  387.  428.  441.  463.  512.  560. 1277.  432.   89.
533. 627. 596. 872. 735. 579. 416. 312. 218.  62.
 565.  532.  639. 1100.  755.  576.  338.  193.  187.   65.
 346.  420.  384.  427.  474.  506.  575. 1297.  426.   95.
528. 640. 682. 782. 655. 561. 461. 362. 201.  78.
480. 667. 746. 842. 686. 567. 452. 311. 155.  44.
 407.  455.  452.  357.  375.  530.  520. 1275.  504.   75.
 519.  570.  666. 1093.  718.  529.  382.  246.  171.   56.
479. 593. 794. 967. 726. 556. 410. 266. 134.  25.
 391.  422.  404.  349.  410.  483.  571. 1234.  517.  169.
472. 689. 732. 832. 627. 565. 451. 350. 167.  65.
503. 661. 768. 917. 709. 567. 424. 281.  91.  29.
 355.  372.  435.  450.  528.  477.  524. 1382.  335.   92.
