367. 385. 432. 482. 540. 748. 811. 464. 648.  73.
349. 396. 441. 459. 479. 786. 748. 594. 627.  71.
336. 794. 954. 953. 824. 690. 271. 128.   0.   0.
 357.  798.  998. 1019.  808.  554.  307.  109.    0.    0.
472. 750. 838. 946. 818. 768. 285.  73.   0.   0.
462. 712. 755. 910. 762. 827. 397. 124.   1.   0.
426. 528. 752. 858. 923. 848. 479. 128.   8.   0.
 478.  503.  572.  620. 1034.  889.  720.  134.    0.    0.
477. 544. 553. 572. 968. 764. 910. 162.   0.   0.
 466.  525.  595.  627. 1091.  915.  672.   59.    0.    0.
 452.  507.  557.  646. 1059.  845.  704.  180.    0.    0.
 466.  501.  584.  914. 1021.  660.  488.  316.    0.    0.
322. 770. 960. 929. 808. 539. 388. 222.  12.   0.
 368.  694. 1006.  926.  796.  610.  327.  184.   39.    0.
 480.  515.  650. 1044.  824.  849.  514.   74.    0.    0.
421. 520. 681. 807. 675. 952. 687. 207.   0.   0.
441. 476. 715. 885. 832. 952. 543. 106.   0.   0.
387. 452. 454. 525. 576. 973. 634. 761. 188.   0.
450. 462. 436. 475. 490. 971. 678. 715. 273.   0.
 397.  443.  503.  499.  493. 1061.  650.  736.  168.    0.
 412.  432.  501.  508.  546. 1084.  592.  704.  171.    0.
 467.  464.  476.  550. 1156.  763.  417.  291.  366.    0.
336. 758. 924. 850. 896. 649. 325. 164.  48.   0.
328. 741. 889. 836. 853. 678. 391. 216.  18.   0.
 570.  626.  685.  754. 1521.  570.  188.   36.    0.    0.
 565.  667.  780.  819. 1600.  415.   96.    8.    0.    0.
 539.  698.  650.  794. 1332.  585.  254.   98.    0.    0.
 409.  447.  494.  487.  535. 1040.  698.  713.  127.    0.
421. 418. 448. 547. 529. 933. 638. 852. 164.   0.
 404.  438.  501.  485.  530.  755.  552. 1029.  256.    0.
405. 387. 451. 566. 551. 940. 646. 759. 245.   0.
447. 471. 489. 489. 935. 534. 611. 629. 345.   0.
343. 743. 957. 911. 822. 582. 356. 231.   5.   0.
346. 852. 969. 962. 841. 652. 228. 100.   0.   0.
 484.  857. 1229. 1103.  723.  356.  164.   34.    0.    0.
 418.  732. 1215. 1098.  694.  524.  221.   48.    0.    0.
 406.  725. 1078. 1152.  739.  491.  282.   77.    0.    0.
440. 492. 524. 573. 750. 981. 766. 424.   0.   0.
 438.  517.  511.  635.  708. 1003.  793.  345.    0.    0.
 460.  481.  528.  544.  730. 1023.  763.  421.    0.    0.
430. 483. 537. 547. 704. 858. 911. 480.   0.   0.
 459.  491.  517.  726. 1041.  639.  467.  548.   62.    0.
345. 389. 457. 455. 501. 747. 845. 498. 627.  86.
370. 409. 426. 480. 464. 730. 802. 506. 686.  77.
381. 415. 367. 400. 513. 698. 805. 557. 651. 163.
367. 400. 444. 495. 474. 774. 894. 463. 582.  57.
