923. 812. 774. 661. 554. 455. 321. 249. 159.  42.
496. 754. 735. 809. 619. 467. 577. 394.  97.   2.
860. 797. 715. 613. 550. 476. 394. 305. 198.  42.
924. 809. 837. 678. 507. 483. 342. 182. 160.  28.
456. 458. 484. 510. 683. 888. 890. 565.  16.   0.
672. 665. 592. 564. 607. 668. 427. 427. 328.   0.
843. 690. 708. 724. 571. 528. 321. 205. 216. 144.
694. 666. 626. 681. 751. 917. 318. 240.  57.   0.
602. 646. 643. 462. 527. 431. 574. 639. 420.   6.
865. 851. 679. 670. 552. 578. 432. 227.  94.   2.
849. 758. 672. 779. 688. 416. 244. 283. 226.  35.
756. 769. 785. 627. 537. 454. 418. 309. 263.  32.
