 366.  399.  423.  449.  515. 1028.  704.  416.  537.  113.
366. 390. 485. 491. 450. 981. 652. 438. 602.  95.
 438.  437.  532. 1123.  823.  579.  470.  321.  156.   71.
438. 532. 554. 964. 650. 507. 515. 475. 254.  61.
464. 491. 522. 942. 850. 633. 465. 333. 211.  39.
415. 478. 514. 996. 909. 654. 391. 306. 219.  68.
855. 800. 666. 500. 507. 439. 461. 340. 267. 115.
929. 868. 836. 683. 545. 450. 286. 184. 129.  40.
873. 948. 763. 684. 555. 439. 345. 196. 109.  38.
906. 758. 714. 584. 497. 481. 372. 318. 239.  81.
 472.  869. 1276. 1096.  807.  288.  136.    6.    0.    0.
 479.  829. 1171. 1241.  780.  324.  126.    0.    0.    0.
 506.  830. 1278. 1208.  712.  313.  100.    3.    0.    0.
 483.  885. 1164. 1123.  840.  350.  105.    0.    0.    0.
 439.  785.  988. 1144.  925.  493.  171.    5.    0.    0.
384. 377. 370. 479. 582. 852. 634. 349. 749. 174.
