 336.  395.  410.  469.  472.  506.  527. 1349.  368.  118.
 457.  473.  455.  475.  547.  740. 1332.  471.    0.    0.
 496.  495.  462.  527.  665.  825. 1371.  109.    0.    0.
 440.  556.  612.  692.  886. 1120.  494.  150.    0.    0.
 501.  450.  692.  871.  770. 1034.  504.  123.    5.    0.
416. 542. 801. 836. 899. 799. 506. 151.   0.   0.
445. 756. 946. 692. 631. 535. 498. 332. 100.  15.
434. 900. 917. 814. 577. 547. 394. 260. 104.   3.
 356.  419.  604. 1018.  818.  627.  517.  460.  131.    0.
 423.  482. 1025.  938.  679.  525.  347.  242.  200.   89.
659. 981. 890. 738. 601. 462. 288. 195. 105.  31.
717. 897. 761. 552. 563. 407. 437. 294. 225.  97.
 330.  812. 1036.  970.  664.  476.  358.  232.   72.    0.
587. 954. 822. 708. 639. 423. 375. 291. 146.   5.
477. 915. 855. 742. 678. 403. 400. 299. 174.   7.
665. 806. 706. 589. 542. 415. 402. 404. 323.  98.
573. 939. 952. 791. 568. 468. 322. 234.  95.   8.
567. 884. 812. 677. 546. 489. 359. 302. 207. 107.
 485. 1004.  653.  623.  614.  417.  334.  404.  214.  202.
574. 795. 990. 674. 571. 453. 425. 269. 142.  57.
 631. 1091.  812.  656.  479.  457.  345.  238.  161.   80.
485. 862. 847. 891. 688. 490. 366. 273.  48.   0.
641. 751. 790. 835. 978. 656. 276.  23.   0.   0.
 497.  980. 1126.  881.  636.  511.  235.   73.   11.    0.
 529. 1117. 1098.  990.  662.  322.  160.   69.    3.    0.
667. 843. 652. 624. 556. 450. 397. 444. 276.  41.
442. 795. 767. 773. 874. 699. 413. 187.   0.   0.
680. 934. 799. 714. 605. 458. 378. 244. 122.  16.
761. 998. 848. 700. 593. 451. 274. 197. 103.  25.
 753. 1209. 1219.  706.  377.  321.  208.  122.   35.    0.
809. 952. 771. 729. 635. 458. 361. 178.  57.   0.
 519.  582. 1003. 1067.  723.  468.  301.  192.   88.    7.
390. 609. 908. 759. 739. 704. 609. 232.   0.   0.
646. 757. 704. 687. 583. 569. 539. 351. 109.   5.
 479.  941. 1148.  789.  667.  419.  293.  149.   47.   18.
 562.  935. 1256.  840.  610.  319.  226.  120.   64.   18.
 719. 1028.  973.  744.  573.  462.  248.  139.   60.    4.
 351.  821. 1032.  982.  655.  530.  372.  180.   27.    0.
550. 975. 773. 668. 617. 472. 414. 299. 170.  12.
561. 804. 802. 701. 497. 500. 460. 388. 228.   9.
637. 867. 854. 723. 548. 477. 369. 256. 193.  26.
549. 926. 902. 668. 561. 498. 430. 243. 127.  46.
507. 984. 900. 644. 592. 464. 388. 272. 146.  53.
554. 919. 925. 752. 640. 382. 310. 274. 157.  37.
 608. 1281.  971.  738.  525.  399.  218.  133.   70.    7.
 504.  866.  829. 1102.  683.  441.  298.  186.   41.    0.
606. 753. 729. 869. 936. 648. 394.  15.   0.   0.
 457.  975. 1020.  983.  665.  563.  204.   70.   13.    0.
448. 915. 868. 940. 732. 363. 353. 272.  59.   0.
608. 930. 794. 675. 602. 460. 386. 277. 173.  45.
425. 782. 788. 809. 902. 701. 370. 173.   0.   0.
 746. 1052.  925.  709.  667.  363.  249.  120.  100.   19.
715. 916. 796. 655. 579. 434. 393. 214. 189.  59.
5.880e+02 9.630e+02 1.132e+03 9.980e+02 5.930e+02 3.630e+02 2.050e+02
 8.700e+01 2.000e+01 1.000e+00
684. 973. 767. 758. 633. 502. 395. 173.  65.   0.
538. 782. 707. 634. 634. 543. 501. 413. 194.   4.
 527.  692. 1005.  953.  585.  440.  349.  256.  127.   16.
 535. 1026. 1251.  858.  564.  344.  204.  111.   39.   18.
466. 773. 802. 775. 651. 446. 426. 307. 228.  76.
479. 810. 843. 743. 626. 505. 441. 283. 193.  27.
402. 730. 766. 948. 787. 661. 451. 135.  70.   0.
426. 455. 893. 615. 578. 596. 577. 472. 338.   0.
947. 883. 830. 733. 551. 411. 263. 190. 108.  34.
950. 871. 634. 629. 544. 456. 390. 304. 145.  27.
972. 825. 809. 708. 519. 439. 336. 174. 115.  53.
946. 798. 675. 574. 513. 497. 405. 277. 191.  74.
925. 849. 798. 656. 549. 456. 320. 233. 127.  37.
969. 785. 759. 682. 555. 436. 316. 199. 202.  47.
936. 906. 812. 696. 540. 418. 309. 179. 116.  38.
949. 899. 840. 696. 551. 428. 263. 164. 105.  55.
886. 791. 664. 634. 544. 463. 349. 308. 217.  94.
955. 810. 730. 591. 510. 509. 376. 285. 146.  38.
909. 814. 702. 573. 499. 505. 394. 322. 150.  82.
885. 802. 767. 652. 573. 421. 356. 265. 136.  93.
929. 822. 701. 608. 518. 475. 379. 276. 173.  69.
987. 763. 639. 577. 448. 485. 493. 327. 188.  43.
950. 795. 729. 611. 532. 453. 359. 307. 180.  34.
981. 717. 735. 666. 568. 418. 297. 255. 222.  91.
937. 894. 765. 628. 558. 457. 355. 216. 104.  36.
922. 870. 771. 678. 537. 450. 334. 227. 131.  30.
985. 903. 806. 657. 573. 427. 322. 177.  85.  15.
903. 837. 693. 621. 538. 466. 365. 302. 167.  58.
894. 766. 695. 567. 563. 428. 400. 299. 240.  98.
918. 829. 729. 599. 564. 448. 369. 313. 140.  41.
934. 772. 704. 651. 556. 431. 370. 301. 188.  43.
903. 838. 625. 572. 536. 449. 430. 316. 195.  86.
913. 817. 734. 574. 514. 482. 435. 250. 165.  66.
989. 871. 733. 637. 548. 453. 384. 234.  84.  17.
941. 804. 673. 638. 549. 493. 353. 283. 153.  63.
950. 885. 723. 666. 539. 486. 328. 232. 120.  21.
983. 784. 679. 552. 502. 490. 439. 312. 182.  27.
887. 816. 743. 605. 556. 456. 360. 276. 174.  77.
879. 752. 703. 615. 494. 469. 412. 286. 223. 117.
959. 856. 718. 596. 541. 507. 399. 242. 113.  19.
488. 496. 685. 649. 878. 740. 444. 421. 147.   2.
504. 954. 761. 618. 571. 595. 485. 353. 108.   1.
 472.  499.  562.  656.  631. 1084.  660.  357.   29.    0.
829. 804. 739. 717. 621. 467. 359. 256. 129.  29.
464. 622. 938. 840. 661. 495. 343. 340. 200.  47.
 526. 1046.  870.  633.  567.  580.  418.  238.   72.    0.
476. 520. 495. 735. 846. 773. 493. 358. 201.  53.
463. 910. 741. 587. 528. 551. 547. 420. 192.  11.
 459.  510.  493.  592.  779. 1008.  617.  414.   78.    0.
800. 805. 633. 503. 495. 521. 506. 406. 241.  40.
450. 692. 926. 849. 665. 509. 349. 258. 192.  60.
 456. 1027.  963.  759.  581.  504.  324.  241.   95.    0.
