359. 432. 445. 438. 481. 746. 640. 567. 731. 111.
 398.  447.  531. 1088.  695.  492.  435.  347.  222.  295.
 341.  712.  832. 1063.  793.  611.  310.  150.  124.   14.
274. 662. 576. 654. 860. 924. 724. 276.   0.   0.
244. 613. 732. 777. 913. 596. 487. 385. 172.  31.
266. 674. 829. 808. 858. 781. 433. 204.  84.  13.
321. 781. 807. 830. 841. 844. 425. 101.   0.   0.
327. 605. 681. 861. 918. 659. 335. 292. 231.  41.
294. 664. 597. 852. 838. 956. 514. 235.   0.   0.
237. 615. 767. 863. 909. 679. 471. 290.  95.  24.
195. 595. 727. 765. 795. 853. 551. 382.  72.  15.
 327.  834. 1012. 1009.  744.  568.  337.  119.    0.    0.
620. 721. 756. 937. 700. 782. 382.  52.   0.   0.
505. 833. 885. 631. 515. 508. 438. 310. 229.  96.
478. 903. 974. 722. 576. 505. 343. 270. 110.  69.
952. 828. 644. 542. 511. 514. 435. 327. 160.  37.
387. 436. 639. 560. 756. 721. 777. 419. 195.  60.
 525. 1155.  861.  656.  563.  454.  364.  235.   99.   38.
546. 946. 866. 714. 625. 501. 317. 226. 168.  41.
465. 629. 628. 704. 650. 648. 542. 403. 241.  40.
460. 536. 922. 777. 696. 503. 348. 303. 257. 148.
446. 488. 613. 908. 648. 529. 523. 392. 288. 115.
624. 642. 709. 653. 898. 714. 347. 246. 117.   0.
942. 856. 766. 641. 553. 437. 358. 250. 126.  21.
959. 809. 710. 611. 486. 452. 386. 296. 180.  61.
 471.  423.  483.  517.  523.  758. 1352.  423.    0.    0.
 485.  725. 1127.  752.  581.  491.  352.  297.  102.   38.
509. 884. 847. 589. 535. 486. 438. 365. 215.  82.
495. 486. 703. 734. 748. 874. 724. 186.   0.   0.
 508. 1210.  946.  742.  571.  440.  269.  170.   70.   24.
 482.  744. 1089.  746.  624.  449.  351.  243.  159.   63.
673. 887. 637. 481. 493. 525. 499. 446. 205. 104.
833. 781. 752. 635. 510. 486. 401. 237. 201. 114.
