 404.  428.  507.  477.  643. 1006.  793.  678.   14.    0.
 437.  498.  478.  584.  731. 1186.  593.  443.    0.    0.
550. 999. 786. 683. 614. 501. 334. 279. 177.  27.
766. 943. 794. 658. 584. 445. 335. 243. 131.  51.
 765. 1045.  818.  731.  597.  394.  275.  203.  106.   16.
568. 976. 841. 688. 567. 504. 354. 287. 156.   9.
781. 916. 749. 635. 581. 456. 349. 253. 163.  67.
 558.  931. 1070.  766.  634.  390.  352.  182.   57.   10.
942. 900. 764. 633. 558. 456. 362. 227.  82.  26.
858. 849. 736. 693. 571. 426. 337. 252. 162.  66.
 624. 1013.  786.  703.  600.  469.  348.  257.  122.   28.
 593. 1113.  896.  743.  578.  462.  298.  178.   84.    5.
657. 996. 723. 598. 571. 501. 455. 284. 145.  20.
663. 933. 712. 660. 569. 499. 421. 315. 152.  26.
559. 966. 760. 683. 585. 489. 396. 268. 191.  53.
850. 808. 672. 624. 602. 522. 401. 348. 120.   3.
763. 815. 638. 683. 610. 535. 428. 335. 140.   3.
845. 850. 767. 665. 539. 486. 354. 247. 156.  41.
 459.  473.  521.  604.  716.  983. 1073.  121.    0.    0.
905. 931. 768. 601. 529. 448. 371. 266. 117.  14.
636. 829. 713. 634. 635. 524. 497. 349. 133.   0.
 727. 1040.  814.  683.  533.  456.  369.  187.  103.   38.
867. 835. 701. 596. 518. 515. 407. 265. 175.  71.
778. 942. 744. 596. 558. 434. 396. 288. 177.  37.
676. 669. 683. 617. 637. 517. 501. 469. 180.   1.
 706. 1111.  805.  691.  547.  439.  316.  199.  109.   27.
 694. 1029.  840.  678.  594.  414.  331.  192.  132.   46.
 743. 1023.  812.  670.  560.  452.  357.  203.   93.   37.
782. 939. 675. 695. 642. 417. 341. 267. 138.  54.
631. 702. 734. 669. 696. 541. 386. 397. 194.   0.
393. 412. 488. 527. 656. 957. 551. 482. 483.   1.
639. 968. 776. 669. 567. 423. 387. 306. 181.  34.
559. 651. 953. 778. 648. 561. 391. 259. 138.  12.
689. 938. 727. 711. 603. 436. 335. 261. 215.  35.
711. 942. 731. 601. 546. 497. 422. 306. 152.  42.
474. 756. 907. 725. 578. 479. 400. 271. 188. 172.
437. 550. 588. 644. 823. 655. 598. 481. 174.   0.
584. 591. 661. 808. 983. 607. 368. 289.  59.   0.
 487.  561.  494. 1054.  795.  589.  365.  281.  284.   40.
5.400e+02 6.710e+02 7.230e+02 1.227e+03 7.650e+02 4.810e+02 3.250e+02
 1.690e+02 4.800e+01 1.000e+00
 430.  466.  481.  550.  588.  749. 1358.  328.    0.    0.
5.160e+02 6.380e+02 6.020e+02 7.010e+02 8.180e+02 1.374e+03 3.000e+02
 1.000e+00 0.000e+00 0.000e+00
 427.  472.  502.  533.  603.  730. 1351.  332.    0.    0.
 520.  570.  678.  718.  865. 1381.  218.    0.    0.    0.
 425.  446.  522.  504.  602.  719. 1371.  361.    0.    0.
 577.  590.  668.  652.  752. 1433.  278.    0.    0.    0.
 441.  436.  521.  517.  592.  743. 1310.  390.    0.    0.
 502.  572.  694.  723.  841. 1421.  194.    3.    0.    0.
 440.  464.  470.  530.  557.  745. 1333.  411.    0.    0.
 507.  601.  646.  686.  823. 1439.  245.    3.    0.    0.
 423.  479.  483.  499.  589.  769. 1321.  387.    0.    0.
 496.  605.  686.  759.  852. 1413.  139.    0.    0.    0.
 455.  458.  490.  544.  547.  751. 1311.  394.    0.    0.
 493.  611.  676.  669.  881. 1372.  248.    0.    0.    0.
453. 472. 493. 581. 958. 998. 609. 281. 105.   0.
453. 452. 501. 555. 617. 898. 905. 517.  52.   0.
 463.  451.  537.  712. 1177.  712.  399.  377.  122.    0.
 468.  502.  539.  638. 1317.  745.  425.  279.   37.    0.
 563.  633. 1081.  821.  694.  452.  325.  250.  112.   19.
 787.  815.  934. 1308.  780.  158.  100.   60.    8.    0.
 678.  650.  701. 1315. 1080.  334.  171.   21.    0.    0.
