 429.  414.  526. 1019.  766.  626.  674.  494.    2.    0.
 438.  476.  520. 1243.  911.  598.  476.  288.    0.    0.
 425.  482.  457.  514.  591.  688. 1337.  456.    0.    0.
 426.  447.  492.  499.  579.  728. 1321.  458.    0.    0.
 427.  459.  475.  524.  545.  734. 1334.  452.    0.    0.
 437.  480.  461.  512.  597.  703. 1305.  455.    0.    0.
 440.  465.  479.  527.  601.  728. 1246.  464.    0.    0.
 430.  440.  491.  519.  566.  768. 1275.  461.    0.    0.
 454.  484.  446.  480.  608.  752. 1277.  449.    0.    0.
 447.  440.  475.  490.  588.  746. 1304.  460.    0.    0.
 343.  384.  415.  482.  538.  486.  520. 1387.  302.   93.
264. 504. 941. 836. 860. 777. 476. 206.  86.   0.
274. 610. 792. 799. 707. 697. 544. 369. 124.  34.
416. 636. 840. 804. 573. 438. 387. 475. 332.  49.
279. 597. 782. 848. 721. 653. 441. 340. 270.  19.
262. 573. 820. 852. 917. 644. 600. 211.  56.  15.
 406.  753. 1036.  717.  560.  557.  547.  147.  181.   46.
330. 595. 680. 675. 663. 716. 677. 424. 171.  19.
275. 589. 881. 840. 875. 658. 380. 326. 110.  16.
