356. 432. 410. 439. 511. 829. 537. 506. 741. 189.
378. 378. 446. 481. 471. 984. 640. 440. 632. 100.
397. 464. 946. 744. 596. 489. 400. 361. 259. 294.
425. 411. 907. 849. 569. 502. 458. 306. 169. 354.
410. 478. 974. 798. 585. 454. 448. 364. 228. 211.
 444.  463.  468.  490.  578.  710. 1338.  459.    0.    0.
 465.  463.  453.  491.  563.  778. 1341.  396.    0.    0.
454. 774. 954. 751. 602. 471. 321. 315. 224.  84.
477. 715. 917. 736. 653. 499. 298. 294. 294.  67.
859. 813. 750. 665. 591. 428. 308. 269. 200.  67.
979. 766. 643. 616. 526. 433. 420. 334. 195.  38.
958. 859. 784. 715. 573. 397. 322. 222. 106.  14.
949. 783. 751. 678. 600. 461. 277. 218. 183.  50.
979. 827. 697. 569. 512. 505. 412. 276. 158.  15.
 428.  523.  582.  665. 1052.  648.  495.  317.  170.   70.
978. 825. 607. 516. 497. 475. 475. 362. 171.  44.
431. 515. 526. 609. 561. 829. 903. 556.  20.   0.
335. 395. 466. 497. 481. 838. 659. 410. 731. 138.
