 453.  444.  519.  567.  694. 1003.  577.  431.  262.    0.
342. 412. 419. 466. 406. 573. 845. 982. 418.  87.
479. 499. 690. 847. 949. 694. 458. 255.  79.   0.
 445.  463.  511.  575.  619. 1123. 1087.  127.    0.    0.
453. 482. 542. 619. 591. 878. 846. 461.  78.   0.
443. 526. 952. 892. 614. 538. 437. 281. 206.  61.
477. 568. 888. 802. 605. 522. 372. 363. 287.  66.
488. 565. 774. 913. 637. 551. 452. 343. 174.  53.
462. 588. 860. 878. 557. 579. 465. 300. 233.  28.
486. 614. 733. 865. 633. 502. 442. 330. 261.  84.
 476.  542. 1015.  936.  672.  494.  403.  240.  142.   30.
493. 534. 930. 832. 658. 545. 449. 314. 152.  43.
480. 570. 868. 957. 737. 472. 299. 363. 176.  28.
492. 523. 824. 980. 724. 460. 398. 274. 269.   6.
 482.  556.  820. 1162.  709.  486.  321.  201.  154.   59.
 472.  519.  819. 1140.  683.  500.  351.  297.  159.   10.
482. 563. 725. 955. 716. 479. 375. 309. 306.  40.
487. 635. 934. 715. 518. 541. 500. 362. 217.  41.
491. 498. 929. 954. 716. 449. 346. 260. 215.  92.
 485.  574.  804. 1001.  729.  495.  333.  276.  195.   58.
455. 564. 828. 922. 617. 524. 463. 352. 192.  33.
 465.  523.  808. 1000.  634.  594.  330.  289.  263.   44.
 516.  519.  883. 1007.  695.  506.  384.  316.  114.   10.
 513.  431.  514.  723.  620. 1097.  675.  294.   83.    0.
 374.  830. 1195. 1039.  849.  431.  184.   48.    0.    0.
 370.  803. 1101.  905.  721.  541.  284.  216.    9.    0.
