 465.  514.  517.  587.  624. 1114.  693.  408.   28.    0.
494. 565. 508. 595. 654. 742. 793. 563.  36.   0.
 424.  446.  488.  513.  592.  718. 1320.  449.    0.    0.
 430.  487.  430.  531.  585.  705. 1296.  486.    0.    0.
641. 803. 647. 670. 591. 610. 515. 363. 110.   0.
 418.  453.  483.  521.  577.  737. 1313.  448.    0.    0.
 458.  430.  468.  485.  635.  722. 1294.  458.    0.    0.
 495.  549.  579.  581. 1140.  871.  468.  227.   40.    0.
 462.  526.  553.  740. 1134.  851.  419.  229.   36.    0.
471. 593. 543. 627. 788. 927. 598. 301. 102.   0.
459. 468. 608. 636. 745. 900. 570. 378. 186.   0.
492. 513. 511. 691. 867. 849. 448. 417. 162.   0.
 497.  562.  529.  604. 1143.  879.  473.  222.   41.    0.
468. 531. 587. 684. 910. 892. 525. 246. 107.   0.
440. 543. 618. 598. 805. 884. 627. 303. 132.   0.
 516.  574.  678.  809. 1060.  812.  329.  124.   48.    0.
466. 469. 580. 751. 961. 859. 471. 246. 147.   0.
458. 517. 584. 642. 875. 987. 481. 323.  83.   0.
473. 489. 572. 647. 874. 968. 511. 295. 121.   0.
 484.  529.  621.  762. 1078.  794.  367.  209.  106.    0.
487. 478. 546. 684. 896. 823. 505. 395. 136.   0.
464. 482. 557. 619. 996. 946. 468. 270. 148.   0.
488. 515. 515. 652. 808. 896. 535. 465.  76.   0.
 474.  546.  545.  817. 1036.  809.  356.  279.   88.    0.
 453.  535.  610.  623. 1021.  894.  541.  259.   14.    0.
530. 458. 541. 661. 943. 829. 442. 357. 189.   0.
515. 531. 582. 547. 810. 918. 528. 425.  94.   0.
 488.  478.  545.  741. 1040.  943.  350.  249.  116.    0.
483. 507. 488. 685. 931. 828. 485. 411. 132.   0.
452. 547. 628. 611. 744. 906. 620. 319. 123.   0.
 500.  567.  515.  646. 1031.  880.  427.  290.   94.    0.
